0.0468053439882935642946115706308773951604962348937988281250000000 0.1694812919927971561762092278513591736555099487304687500000000000 1.7483213625636071508751001601922325789928436279296875000000000000 -0.0004934244739415834723680887030639041768154129385948181152343750 0.1763239553302271001022916152578545734286308288574218750000000000 0.0697394684529773906112026793380209710448980331420898437500000000 0.0504349070565564619461618178775097476318478584289550781250000000 0.0883147292118711124686569746700115501880645751953125000000000000 0.0361340367612226834315158896515640662983059883117675781250000000 0.2169770259427093173076883658723090775310993194580078125000000000 0.0645688736978335814375995482805592473596334457397460937500000000
0.1694812919927971561762092278513591736555099487304687500000000000 315.3357909545345592050580307841300964355468750000000000000000000000 3180.7825865341796998109202831983566284179687500000000000000000000000 -0.5314748105012735424068637257732916623353958129882812500000000000 320.7923775986078567257209215313196182250976562500000000000000000000 97.9798478444435545497981365770101547241210937500000000000000000000 83.7321040799962048595261876471340656280517578125000000000000000000 69.9596111455399523038067854940891265869140625000000000000000000000 61.8927616457513778414067928679287433624267578125000000000000000000 403.7060450159569882089272141456604003906250000000000000000000000000 107.1973355028180776571389287710189819335937500000000000000000000000
1.7483213625636071508751001601922325789928436279296875000000000000 3180.7825865341796998109202831983566284179687500000000000000000000000 33175.5104415021050954237580299377441406250000000000000000000000000000 -6.4937724332105917213198154058773070573806762695312500000000000000 3345.8592604322088845947291702032089233398437500000000000000000000000 1018.6306677529296393913682550191879272460937500000000000000000000000 997.4741033889803247802774421870708465576171875000000000000000000000 833.4298007682447178012807853519916534423828125000000000000000000000 450.4527872759024944571137893944978713989257812500000000000000000000 4072.1706666354366461746394634246826171875000000000000000000000000000 1277.0079922296631593781057745218276977539062500000000000000000000000
-0.0004934244739415834723680887030639041768154129385948181152343750 -0.5314748105012735424068637257732916623353958129882812500000000000 -6.4937724332105917213198154058773070573806762695312500000000000000 0.0025667593847332726385290779802517135976813733577728271484375000 -0.6549182918860706470454147165582980960607528686523437500000000000 -0.2393107530201306343276002053244155831634998321533203125000000000 -0.2998447227831058103930672587011940777301788330078125000000000000 -0.2506569294778760448316745623742463067173957824707031250000000000 0.1468962901752933480903351437518722377717494964599609375000000000 -0.6804162417580114086135267825738992542028427124023437500000000000 -0.3838737327826090561799787792551796883344650268554687500000000000
0.1763239553302271001022916152578545734286308288574218750000000000 320.7923775986078567257209215313196182250976562500000000000000000000 3345.8592604322088845947291702032089233398437500000000000000000000000 -0.6549182918860706470454147165582980960607528686523437500000000000 337.4409026911447426755330525338649749755859375000000000000000000000 102.7322506060910569658517488278448581695556640625000000000000000000 100.5985415582417914492907584644854068756103515625000000000000000000 84.0541345019420873541093897074460983276367187500000000000000000000 45.4296440246825028452803962863981723785400390625000000000000000000 410.6917950530764187533350195735692977905273437500000000000000000000 128.7904529451485586832859553396701812744140625000000000000000000000
0.0697394684529773906112026793380209710448980331420898437500000000 97.9798478444435545497981365770101547241210937500000000000000000000 1018.6306677529296393913682550191879272460937500000000000000000000000 -0.2393107530201306343276002053244155831634998321533203125000000000 102.7322506060910569658517488278448581695556640625000000000000000000 38.2626071130324021396518219262361526489257812500000000000000000000 30.2638555883026008075376012129709124565124511718750000000000000000 23.1571445653527376862257369793951511383056640625000000000000000000 8.5470828326374128636189198005013167858123779296875000000000000000 125.4378919208972575916050118394196033477783203125000000000000000000 38.7450514561135648250456142704933881759643554687500000000000000000
0.0504349070565564619461618178775097476318478584289550781250000000 83.7321040799962048595261876471340656280517578125000000000000000000 997.4741033889803247802774421870708465576171875000000000000000000000 -0.2998447227831058103930672587011940777301788330078125000000000000 100.5985415582417914492907584644854068756103515625000000000000000000 30.2638555883026008075376012129709124565124511718750000000000000000 43.6528826849910416285638348199427127838134765625000000000000000000 36.4759635387398262196256837341934442520141601562500000000000000000 -7.9251718516301163930393158807419240474700927734375000000000000000 107.1973355028180776571389287710189819335937500000000000000000000000 55.8862429442529631273828272242099046707153320312500000000000000000
0.0883147292118711124686569746700115501880645751953125000000000000 69.9596111455399523038067854940891265869140625000000000000000000000 833.4298007682447178012807853519916534423828125000000000000000000000 -0.2506569294778760448316745623742463067173957824707031250000000000 84.0541345019420873541093897074460983276367187500000000000000000000 23.1571445653527376862257369793951511383056640625000000000000000000 36.4759635387398262196256837341934442520141601562500000000000000000 35.3508713165695525049159186892211437225341796875000000000000000000 -10.1900742539644131312570607406087219715118408203125000000000000000 89.5652150392668744416369008831679821014404296875000000000000000000 46.6980514130540029782423516735434532165527343750000000000000000000
0.0361340367612226834315158896515640662983059883117675781250000000 61.8927616457513778414067928679287433624267578125000000000000000000 450.4527872759024944571137893944978713989257812500000000000000000000 0.1468962901752933480903351437518722377717494964599609375000000000 45.4296440246825028452803962863981723785400390625000000000000000000 8.5470828326374128636189198005013167858123779296875000000000000000 -7.9251718516301163930393158807419240474700927734375000000000000000 -10.1900742539644131312570607406087219715118408203125000000000000000 53.5307222102448889700099243782460689544677734375000000000000000000 79.2376975144067330347752431407570838928222656250000000000000000000 -10.1461358845710005738283143728040158748626708984375000000000000000
0.2169770259427093173076883658723090775310993194580078125000000000 403.7060450159569882089272141456604003906250000000000000000000000000 4072.1706666354366461746394634246826171875000000000000000000000000000 -0.6804162417580114086135267825738992542028427124023437500000000000 410.6917950530764187533350195735692977905273437500000000000000000000 125.4378919208972575916050118394196033477783203125000000000000000000 107.1973355028180776571389287710189819335937500000000000000000000000 89.5652150392668744416369008831679821014404296875000000000000000000 79.2376975144067330347752431407570838928222656250000000000000000000 516.8413337702104399795643985271453857421875000000000000000000000000 137.2385044561304709986870875582098960876464843750000000000000000000
0.0645688736978335814375995482805592473596334457397460937500000000 107.1973355028180776571389287710189819335937500000000000000000000000 1277.0079922296631593781057745218276977539062500000000000000000000000 -0.3838737327826090561799787792551796883344650268554687500000000000 128.7904529451485586832859553396701812744140625000000000000000000000 38.7450514561135648250456142704933881759643554687500000000000000000 55.8862429442529631273828272242099046707153320312500000000000000000 46.6980514130540029782423516735434532165527343750000000000000000000 -10.1461358845710005738283143728040158748626708984375000000000000000 137.2385044561304709986870875582098960876464843750000000000000000000 71.5479014974175413499324349686503410339355468750000000000000000000
