# A b_HI Tb sigma_NL sigma8tot n_s f DA H omegak omegaDE w0 wa h gamma sigma_8 fs8 bs8 pk0 pk1 pk2 pk3 pk4 pk5 pk6 pk7 pk8 pk9 pk10 pk11 pk12 pk13 pk14 pk15 pk16 pk17 pk18 pk19 pk20 pk21 pk22 pk23 pk24 pk25 pk26 pk27 pk28 pk29 pk30 pk31 pk32 pk33 pk34 pk35 pk36 pk37 pk38 pk39 pk40 pk41 pk42 pk43 pk44 pk45 pk46 pk47 pk48 pk49 pk50 pk51 pk52 pk53 pk54 pk55 pk56 pk57 pk58 pk59 pk60 pk61 pk62 pk63 pk64 pk65 pk66 pk67 pk68 pk69 pk70 pk71 pk72 pk73 pk74 pk75 pk76 pk77 pk78 pk79 pk80 pk81 pk82 pk83 pk84 pk85 pk86 pk87 pk88 pk89
3.857240352281053664e+00 -8.610525646368573760e+00 -5.533549583672981242e+01 2.826273958987711096e-02 -1.031897834684615312e+01 -4.621898077710656416e+00 -2.811599738674997795e+00 -2.849903215121753597e+00 3.508068096969510385e+00 -2.735084201821547101e+00 -5.013110053280834144e+00 2.586454906168135004e+00 4.110171017285074169e-01 9.754742045810742113e+00 2.219327815752175859e+00 -7.684342149399384425e+00 -1.309451483745517031e+01 -4.275759228542791668e+00 0.000000000000000000e+00 0.000000000000000000e+00 0.000000000000000000e+00 0.000000000000000000e+00 0.000000000000000000e+00 0.000000000000000000e+00 0.000000000000000000e+00 0.000000000000000000e+00 0.000000000000000000e+00 0.000000000000000000e+00 0.000000000000000000e+00 0.000000000000000000e+00 0.000000000000000000e+00 0.000000000000000000e+00 0.000000000000000000e+00 0.000000000000000000e+00 0.000000000000000000e+00 0.000000000000000000e+00 0.000000000000000000e+00 0.000000000000000000e+00 -7.077623486784624712e-18 1.627091992037615937e-17 -9.512061462416087213e-17 -6.228734829911076899e-16 -1.541090605166619701e-15 -1.348239865217039121e-15 -6.947202365535829448e-03 -1.625004059198004724e-01 -4.420118071922655156e-01 -5.878448490142117455e-01 -1.342032295486592919e-01 1.253754658550128687e+00 2.972019691232803407e+00 2.531442346268756527e+00 -2.837455510797423752e+00 -8.299021741792682150e+00 4.057038568787657562e-01 1.414159788263195061e+01 -3.167331293112010560e+00 -1.954346307261931059e+01 2.042703686155214982e+01 -1.019520431506697733e+01 -4.264081434721922470e+00 3.604746366118495526e+00 0.000000000000000000e+00 0.000000000000000000e+00 0.000000000000000000e+00 0.000000000000000000e+00 0.000000000000000000e+00 0.000000000000000000e+00 0.000000000000000000e+00 0.000000000000000000e+00 0.000000000000000000e+00 0.000000000000000000e+00 0.000000000000000000e+00 0.000000000000000000e+00 0.000000000000000000e+00 0.000000000000000000e+00 0.000000000000000000e+00 0.000000000000000000e+00 0.000000000000000000e+00 0.000000000000000000e+00 0.000000000000000000e+00 0.000000000000000000e+00 0.000000000000000000e+00 0.000000000000000000e+00 0.000000000000000000e+00 0.000000000000000000e+00 0.000000000000000000e+00 0.000000000000000000e+00 0.000000000000000000e+00 0.000000000000000000e+00 0.000000000000000000e+00 0.000000000000000000e+00 0.000000000000000000e+00 0.000000000000000000e+00 0.000000000000000000e+00 0.000000000000000000e+00 0.000000000000000000e+00 0.000000000000000000e+00 0.000000000000000000e+00 0.000000000000000000e+00 0.000000000000000000e+00 0.000000000000000000e+00 0.000000000000000000e+00 0.000000000000000000e+00 0.000000000000000000e+00 0.000000000000000000e+00 0.000000000000000000e+00 0.000000000000000000e+00
-8.610525646368573760e+00 2.760519356714322566e+04 1.698615406577237882e+05 -7.568595337526639355e+01 3.167582640229153913e+04 1.219791119321744009e+04 7.437761591070979193e+03 -4.338864015305769499e+03 4.603782116317981490e+03 2.715259903088172359e+04 2.429934296945963979e+03 -2.749685110239001460e+03 -5.375286611350110206e+02 1.390536355644115247e+04 -7.115125888815161488e+03 2.463586558850685105e+04 4.198078393834513554e+04 1.131102600603811152e+04 0.000000000000000000e+00 0.000000000000000000e+00 0.000000000000000000e+00 0.000000000000000000e+00 0.000000000000000000e+00 0.000000000000000000e+00 0.000000000000000000e+00 0.000000000000000000e+00 0.000000000000000000e+00 0.000000000000000000e+00 0.000000000000000000e+00 0.000000000000000000e+00 0.000000000000000000e+00 0.000000000000000000e+00 0.000000000000000000e+00 0.000000000000000000e+00 0.000000000000000000e+00 0.000000000000000000e+00 0.000000000000000000e+00 0.000000000000000000e+00 4.338488998175095250e-03 1.432378806132861560e-01 5.306413855411346026e-01 1.215576879556508061e+00 2.362042618111818815e+00 4.232022499688786077e+00 7.227182610950092290e+00 1.183820903806826585e+01 1.889279983511827510e+01 2.972465646699740560e+01 4.592145192762436778e+01 6.993747729286191372e+01 1.053016030693795244e+02 1.573161714238804336e+02 2.314562032425318137e+02 3.379501558484143970e+02 4.936189452265346631e+02 7.150701495575017361e+02 1.013142231155982813e+03 1.418792098247577542e+03 1.990373296333443250e+03 2.684828952673306503e+03 3.427191046424489286e+03 4.440490008982787913e+02 0.000000000000000000e+00 0.000000000000000000e+00 0.000000000000000000e+00 0.000000000000000000e+00 0.000000000000000000e+00 0.000000000000000000e+00 0.000000000000000000e+00 0.000000000000000000e+00 0.000000000000000000e+00 0.000000000000000000e+00 0.000000000000000000e+00 0.000000000000000000e+00 0.000000000000000000e+00 0.000000000000000000e+00 0.000000000000000000e+00 0.000000000000000000e+00 0.000000000000000000e+00 0.000000000000000000e+00 0.000000000000000000e+00 0.000000000000000000e+00 0.000000000000000000e+00 0.000000000000000000e+00 0.000000000000000000e+00 0.000000000000000000e+00 0.000000000000000000e+00 0.000000000000000000e+00 0.000000000000000000e+00 0.000000000000000000e+00 0.000000000000000000e+00 0.000000000000000000e+00 0.000000000000000000e+00 0.000000000000000000e+00 0.000000000000000000e+00 0.000000000000000000e+00 0.000000000000000000e+00 0.000000000000000000e+00 0.000000000000000000e+00 0.000000000000000000e+00 0.000000000000000000e+00 0.000000000000000000e+00 0.000000000000000000e+00 0.000000000000000000e+00 0.000000000000000000e+00 0.000000000000000000e+00 0.000000000000000000e+00 0.000000000000000000e+00
-5.533549583672981242e+01 1.698615406577237882e+05 1.086035398701941594e+06 -5.688183466856522728e+02 2.025241771787846228e+05 7.754679022066933976e+04 5.429924351619162189e+04 -3.369779933336020622e+04 1.147741330902100890e+04 1.628651680780874740e+05 2.126361940491121277e+04 -1.902961734674594481e+04 -3.723677883503509292e+03 7.684331804097583517e+04 -4.378111830689375347e+04 1.515905358215329179e+05 2.583180813582060800e+05 8.257594008621652029e+04 0.000000000000000000e+00 0.000000000000000000e+00 0.000000000000000000e+00 0.000000000000000000e+00 0.000000000000000000e+00 0.000000000000000000e+00 0.000000000000000000e+00 0.000000000000000000e+00 0.000000000000000000e+00 0.000000000000000000e+00 0.000000000000000000e+00 0.000000000000000000e+00 0.000000000000000000e+00 0.000000000000000000e+00 0.000000000000000000e+00 0.000000000000000000e+00 0.000000000000000000e+00 0.000000000000000000e+00 0.000000000000000000e+00 0.000000000000000000e+00 4.106499105894723806e-02 1.308638437567090085e+00 4.624283970449457826e+00 1.012881031232272555e+01 1.892024146026686182e+01 3.273828561332538811e+01 5.421542926841544840e+01 8.651295879854376381e+01 1.349905579908013067e+02 2.082484111283351353e+02 3.164288952477535872e+02 4.751335730875291574e+02 7.067964001429811560e+02 1.045206919790125767e+03 1.524749515160365718e+03 2.210224216499193517e+03 3.207749484098701487e+03 4.621925238245719811e+03 6.521236107620284201e+03 9.097282037993893027e+03 1.270864012285564422e+04 1.706006789231541552e+04 2.163006402330008859e+04 2.790053413262100548e+03 0.000000000000000000e+00 0.000000000000000000e+00 0.000000000000000000e+00 0.000000000000000000e+00 0.000000000000000000e+00 0.000000000000000000e+00 0.000000000000000000e+00 0.000000000000000000e+00 0.000000000000000000e+00 0.000000000000000000e+00 0.000000000000000000e+00 0.000000000000000000e+00 0.000000000000000000e+00 0.000000000000000000e+00 0.000000000000000000e+00 0.000000000000000000e+00 0.000000000000000000e+00 0.000000000000000000e+00 0.000000000000000000e+00 0.000000000000000000e+00 0.000000000000000000e+00 0.000000000000000000e+00 0.000000000000000000e+00 0.000000000000000000e+00 0.000000000000000000e+00 0.000000000000000000e+00 0.000000000000000000e+00 0.000000000000000000e+00 0.000000000000000000e+00 0.000000000000000000e+00 0.000000000000000000e+00 0.000000000000000000e+00 0.000000000000000000e+00 0.000000000000000000e+00 0.000000000000000000e+00 0.000000000000000000e+00 0.000000000000000000e+00 0.000000000000000000e+00 0.000000000000000000e+00 0.000000000000000000e+00 0.000000000000000000e+00 0.000000000000000000e+00 0.000000000000000000e+00 0.000000000000000000e+00 0.000000000000000000e+00 0.000000000000000000e+00
2.826273958987711096e-02 -7.568595337526639355e+01 -5.688183466856522728e+02 5.745713133671261907e-01 -1.060734003370404395e+02 -4.623850742978657991e+01 -4.193660692292340286e+01 2.975880409203240617e+01 4.630228195340450270e+01 -5.496294418034253937e+01 -3.127350708400068413e+01 1.609067418467390453e+01 3.057085148560068522e+00 4.558888484615629011e+00 1.950774534401298155e+01 -6.754486143181281932e+01 -1.150999230665252497e+02 -6.377537726937042351e+01 0.000000000000000000e+00 0.000000000000000000e+00 0.000000000000000000e+00 0.000000000000000000e+00 0.000000000000000000e+00 0.000000000000000000e+00 0.000000000000000000e+00 0.000000000000000000e+00 0.000000000000000000e+00 0.000000000000000000e+00 0.000000000000000000e+00 0.000000000000000000e+00 0.000000000000000000e+00 0.000000000000000000e+00 0.000000000000000000e+00 0.000000000000000000e+00 0.000000000000000000e+00 0.000000000000000000e+00 0.000000000000000000e+00 0.000000000000000000e+00 -4.866158394692510577e-07 -1.671626110964456730e-05 -6.672633397811882636e-05 -1.679798573810540241e-04 -3.641995137542183131e-04 -7.388080403481437491e-04 -1.450165603559380430e-03 -2.759311886645267591e-03 -5.163823871178948970e-03 -9.648128475177179461e-03 -1.785720271904461809e-02 -3.276872636133305178e-02 -5.983446066663145740e-02 -1.096410231004978780e-01 -1.983379242801869002e-01 -3.573113586756721527e-01 -6.474936569728705349e-01 -1.168814737726420416e+00 -2.067869587301920387e+00 -3.617040492523191819e+00 -6.354676105337707881e+00 -1.064771545870283376e+01 -1.660204849638501656e+01 -2.338524016435494346e+00 0.000000000000000000e+00 0.000000000000000000e+00 0.000000000000000000e+00 0.000000000000000000e+00 0.000000000000000000e+00 0.000000000000000000e+00 0.000000000000000000e+00 0.000000000000000000e+00 0.000000000000000000e+00 0.000000000000000000e+00 0.000000000000000000e+00 0.000000000000000000e+00 0.000000000000000000e+00 0.000000000000000000e+00 0.000000000000000000e+00 0.000000000000000000e+00 0.000000000000000000e+00 0.000000000000000000e+00 0.000000000000000000e+00 0.000000000000000000e+00 0.000000000000000000e+00 0.000000000000000000e+00 0.000000000000000000e+00 0.000000000000000000e+00 0.000000000000000000e+00 0.000000000000000000e+00 0.000000000000000000e+00 0.000000000000000000e+00 0.000000000000000000e+00 0.000000000000000000e+00 0.000000000000000000e+00 0.000000000000000000e+00 0.000000000000000000e+00 0.000000000000000000e+00 0.000000000000000000e+00 0.000000000000000000e+00 0.000000000000000000e+00 0.000000000000000000e+00 0.000000000000000000e+00 0.000000000000000000e+00 0.000000000000000000e+00 0.000000000000000000e+00 0.000000000000000000e+00 0.000000000000000000e+00 0.000000000000000000e+00 0.000000000000000000e+00
-1.031897834684615312e+01 3.167582640229153913e+04 2.025241771787846228e+05 -1.060734003370404395e+02 3.776676376383975730e+04 1.446094657786296375e+04 1.012573773165309467e+04 -6.283974804947924895e+03 2.140311162351209077e+03 3.037114093658700222e+04 3.965245542612700319e+03 -3.548648229867277223e+03 -6.943924667066546590e+02 1.432976289404301315e+04 -8.164314875618638325e+03 2.826864444017329879e+04 4.817122622338285873e+04 1.539878381562345021e+04 0.000000000000000000e+00 0.000000000000000000e+00 0.000000000000000000e+00 0.000000000000000000e+00 0.000000000000000000e+00 0.000000000000000000e+00 0.000000000000000000e+00 0.000000000000000000e+00 0.000000000000000000e+00 0.000000000000000000e+00 0.000000000000000000e+00 0.000000000000000000e+00 0.000000000000000000e+00 0.000000000000000000e+00 0.000000000000000000e+00 0.000000000000000000e+00 0.000000000000000000e+00 0.000000000000000000e+00 0.000000000000000000e+00 0.000000000000000000e+00 7.657810726066313980e-03 2.440352525429440589e-01 8.623377352853180966e-01 1.888823307928039208e+00 3.528251784743252628e+00 6.105044424893945276e+00 1.011010802788191398e+01 1.613296013824107078e+01 2.517307604951751543e+01 3.883422047104948405e+01 5.900774663720780211e+01 8.860303822009822738e+01 1.318035853554800099e+02 1.949104713023832858e+02 2.843357051995616871e+02 4.121632143502274630e+02 5.981819981551572027e+02 8.618978782610275857e+02 1.216081886891461863e+03 1.696463634159768844e+03 2.369910674199855293e+03 3.181366110750148437e+03 4.033580234934428063e+03 5.202899210109859496e+02 0.000000000000000000e+00 0.000000000000000000e+00 0.000000000000000000e+00 0.000000000000000000e+00 0.000000000000000000e+00 0.000000000000000000e+00 0.000000000000000000e+00 0.000000000000000000e+00 0.000000000000000000e+00 0.000000000000000000e+00 0.000000000000000000e+00 0.000000000000000000e+00 0.000000000000000000e+00 0.000000000000000000e+00 0.000000000000000000e+00 0.000000000000000000e+00 0.000000000000000000e+00 0.000000000000000000e+00 0.000000000000000000e+00 0.000000000000000000e+00 0.000000000000000000e+00 0.000000000000000000e+00 0.000000000000000000e+00 0.000000000000000000e+00 0.000000000000000000e+00 0.000000000000000000e+00 0.000000000000000000e+00 0.000000000000000000e+00 0.000000000000000000e+00 0.000000000000000000e+00 0.000000000000000000e+00 0.000000000000000000e+00 0.000000000000000000e+00 0.000000000000000000e+00 0.000000000000000000e+00 0.000000000000000000e+00 0.000000000000000000e+00 0.000000000000000000e+00 0.000000000000000000e+00 0.000000000000000000e+00 0.000000000000000000e+00 0.000000000000000000e+00 0.000000000000000000e+00 0.000000000000000000e+00 0.000000000000000000e+00 0.000000000000000000e+00
-4.621898077710656416e+00 1.219791119321744009e+04 7.754679022066933976e+04 -4.623850742978657991e+01 1.446094657786296375e+04 6.218204029278153030e+03 3.806836281337395121e+03 -2.201338689715649252e+03 4.861595213465756871e+01 1.111290344797699981e+04 2.025149427241133480e+03 -1.559549215138506952e+03 -2.970325770947977162e+02 4.120152813745691674e+03 -3.143961787814815580e+03 1.088585377551281454e+04 1.855005555588924108e+04 5.789271900114305936e+03 0.000000000000000000e+00 0.000000000000000000e+00 0.000000000000000000e+00 0.000000000000000000e+00 0.000000000000000000e+00 0.000000000000000000e+00 0.000000000000000000e+00 0.000000000000000000e+00 0.000000000000000000e+00 0.000000000000000000e+00 0.000000000000000000e+00 0.000000000000000000e+00 0.000000000000000000e+00 0.000000000000000000e+00 0.000000000000000000e+00 0.000000000000000000e+00 0.000000000000000000e+00 0.000000000000000000e+00 0.000000000000000000e+00 0.000000000000000000e+00 -4.404615592777726824e-03 -1.328679176109000271e-01 -4.298561583893438787e-01 -8.488777978338364338e-01 -1.412043368836334967e+00 -2.140069715521009108e+00 -3.034208733536053693e+00 -4.037785796759673751e+00 -5.051431611853636205e+00 -5.833532668414250999e+00 -5.900957763920517074e+00 -4.447387263442410976e+00 -5.572533894223815482e-02 9.800876449996316353e+00 2.849871701662814161e+01 6.182138834326161003e+01 1.198093053299130730e+02 2.160239024239998855e+02 3.653266387079074775e+02 5.939981505253521163e+02 9.499652058402330113e+02 1.433597434460081331e+03 2.014227940690660489e+03 2.715242753880487498e+02 0.000000000000000000e+00 0.000000000000000000e+00 0.000000000000000000e+00 0.000000000000000000e+00 0.000000000000000000e+00 0.000000000000000000e+00 0.000000000000000000e+00 0.000000000000000000e+00 0.000000000000000000e+00 0.000000000000000000e+00 0.000000000000000000e+00 0.000000000000000000e+00 0.000000000000000000e+00 0.000000000000000000e+00 0.000000000000000000e+00 0.000000000000000000e+00 0.000000000000000000e+00 0.000000000000000000e+00 0.000000000000000000e+00 0.000000000000000000e+00 0.000000000000000000e+00 0.000000000000000000e+00 0.000000000000000000e+00 0.000000000000000000e+00 0.000000000000000000e+00 0.000000000000000000e+00 0.000000000000000000e+00 0.000000000000000000e+00 0.000000000000000000e+00 0.000000000000000000e+00 0.000000000000000000e+00 0.000000000000000000e+00 0.000000000000000000e+00 0.000000000000000000e+00 0.000000000000000000e+00 0.000000000000000000e+00 0.000000000000000000e+00 0.000000000000000000e+00 0.000000000000000000e+00 0.000000000000000000e+00 0.000000000000000000e+00 0.000000000000000000e+00 0.000000000000000000e+00 0.000000000000000000e+00 0.000000000000000000e+00 0.000000000000000000e+00
-2.811599738674997795e+00 7.437761591070979193e+03 5.429924351619162189e+04 -4.193660692292340286e+01 1.012573773165309467e+04 3.806836281337395121e+03 3.786981122074991617e+03 -2.631669378780969055e+03 -2.280671809237490834e+03 6.435807604447752055e+03 1.973563914538883182e+03 -1.181782553108499542e+03 -2.317817157304872637e+02 1.924509079611430252e+03 -1.917052670641380928e+03 6.637725411752874606e+03 1.131102600603811152e+04 5.759077033013338223e+03 0.000000000000000000e+00 0.000000000000000000e+00 0.000000000000000000e+00 0.000000000000000000e+00 0.000000000000000000e+00 0.000000000000000000e+00 0.000000000000000000e+00 0.000000000000000000e+00 0.000000000000000000e+00 0.000000000000000000e+00 0.000000000000000000e+00 0.000000000000000000e+00 0.000000000000000000e+00 0.000000000000000000e+00 0.000000000000000000e+00 0.000000000000000000e+00 0.000000000000000000e+00 0.000000000000000000e+00 0.000000000000000000e+00 0.000000000000000000e+00 4.171474229511674958e-03 1.278720058854047881e-01 4.269690800316542911e-01 8.810572023499518846e-01 1.552899735905234113e+00 2.539758652015129847e+00 3.983484936348351102e+00 6.045952288607952418e+00 9.005889398236268661e+00 1.330488354303667542e+01 1.944865500324513974e+01 2.820288881300188422e+01 4.066881852139449194e+01 5.851807400616633004e+01 8.337108261365955286e+01 1.183727718843221197e+02 1.686017283871962604e+02 2.390360508871627019e+02 3.329706229901289021e+02 4.589791484447583798e+02 6.326823411452227219e+02 8.361472379279863389e+02 1.036594783570698382e+03 1.317006892825793898e+02 0.000000000000000000e+00 0.000000000000000000e+00 0.000000000000000000e+00 0.000000000000000000e+00 0.000000000000000000e+00 0.000000000000000000e+00 0.000000000000000000e+00 0.000000000000000000e+00 0.000000000000000000e+00 0.000000000000000000e+00 0.000000000000000000e+00 0.000000000000000000e+00 0.000000000000000000e+00 0.000000000000000000e+00 0.000000000000000000e+00 0.000000000000000000e+00 0.000000000000000000e+00 0.000000000000000000e+00 0.000000000000000000e+00 0.000000000000000000e+00 0.000000000000000000e+00 0.000000000000000000e+00 0.000000000000000000e+00 0.000000000000000000e+00 0.000000000000000000e+00 0.000000000000000000e+00 0.000000000000000000e+00 0.000000000000000000e+00 0.000000000000000000e+00 0.000000000000000000e+00 0.000000000000000000e+00 0.000000000000000000e+00 0.000000000000000000e+00 0.000000000000000000e+00 0.000000000000000000e+00 0.000000000000000000e+00 0.000000000000000000e+00 0.000000000000000000e+00 0.000000000000000000e+00 0.000000000000000000e+00 0.000000000000000000e+00 0.000000000000000000e+00 0.000000000000000000e+00 0.000000000000000000e+00 0.000000000000000000e+00 0.000000000000000000e+00
-2.849903215121753597e+00 -4.338864015305769499e+03 -3.369779933336020622e+04 2.975880409203240617e+01 -6.283974804947924895e+03 -2.201338689715649252e+03 -2.631669378780969055e+03 2.267905203066934064e+03 2.633055248260016469e+03 -3.566573597826121386e+03 -1.565599893420658418e+03 8.185373865301284013e+02 1.636660877960187008e+02 -8.018064195888915719e+02 1.118324477901692035e+03 -3.872157984615935220e+03 -6.598356657828796415e+03 -4.002128922553901702e+03 -0.000000000000000000e+00 -0.000000000000000000e+00 -0.000000000000000000e+00 -0.000000000000000000e+00 -0.000000000000000000e+00 -0.000000000000000000e+00 -0.000000000000000000e+00 -0.000000000000000000e+00 -0.000000000000000000e+00 -0.000000000000000000e+00 -0.000000000000000000e+00 -0.000000000000000000e+00 -0.000000000000000000e+00 -0.000000000000000000e+00 -0.000000000000000000e+00 -0.000000000000000000e+00 -0.000000000000000000e+00 -0.000000000000000000e+00 -0.000000000000000000e+00 -0.000000000000000000e+00 -4.967273087219433413e-03 -1.468761536466818562e-01 -4.678059461956773357e-01 -9.208988722501743052e-01 -1.550394803590684933e+00 -2.425711884963421827e+00 -3.765111600931698721e+00 -6.151897673292356927e+00 -9.143050354657823675e+00 -1.338336566283135909e+01 -1.926904667130736470e+01 -2.714675585946022807e+01 -3.751061595309682417e+01 -5.145775530870458425e+01 -6.906446124849216517e+01 -9.368093453993149922e+01 -1.317803910422563263e+02 -1.862212028252675395e+02 -2.262897944314260883e+02 -2.718745451428007982e+02 -4.204742635576886300e+02 -4.555382071053311961e+02 -5.181215640988468749e+02 -7.448413512916762613e+01 -0.000000000000000000e+00 -0.000000000000000000e+00 -0.000000000000000000e+00 -0.000000000000000000e+00 -0.000000000000000000e+00 -0.000000000000000000e+00 -0.000000000000000000e+00 -0.000000000000000000e+00 -0.000000000000000000e+00 -0.000000000000000000e+00 -0.000000000000000000e+00 -0.000000000000000000e+00 -0.000000000000000000e+00 -0.000000000000000000e+00 -0.000000000000000000e+00 -0.000000000000000000e+00 -0.000000000000000000e+00 -0.000000000000000000e+00 -0.000000000000000000e+00 -0.000000000000000000e+00 -0.000000000000000000e+00 -0.000000000000000000e+00 -0.000000000000000000e+00 -0.000000000000000000e+00 -0.000000000000000000e+00 -0.000000000000000000e+00 -0.000000000000000000e+00 -0.000000000000000000e+00 -0.000000000000000000e+00 -0.000000000000000000e+00 -0.000000000000000000e+00 -0.000000000000000000e+00 -0.000000000000000000e+00 -0.000000000000000000e+00 -0.000000000000000000e+00 -0.000000000000000000e+00 -0.000000000000000000e+00 -0.000000000000000000e+00 -0.000000000000000000e+00 -0.000000000000000000e+00 -0.000000000000000000e+00 -0.000000000000000000e+00 -0.000000000000000000e+00 -0.000000000000000000e+00 -0.000000000000000000e+00 -0.000000000000000000e+00
3.508068096969510385e+00 4.603782116317981490e+03 1.147741330902100890e+04 4.630228195340450270e+01 2.140311162351209077e+03 4.861595213465756871e+01 -2.280671809237490834e+03 2.633055248260016469e+03 1.086385014864349432e+04 7.653479754172578396e+03 -3.697901575322555345e+03 9.541738075699815909e+02 1.759027404749126617e+02 9.086644314144146847e+03 -1.186606036382457660e+03 4.108580406817945914e+03 7.001232643208142690e+03 -3.468347005971822455e+03 0.000000000000000000e+00 0.000000000000000000e+00 0.000000000000000000e+00 0.000000000000000000e+00 0.000000000000000000e+00 0.000000000000000000e+00 0.000000000000000000e+00 0.000000000000000000e+00 0.000000000000000000e+00 0.000000000000000000e+00 0.000000000000000000e+00 0.000000000000000000e+00 0.000000000000000000e+00 0.000000000000000000e+00 0.000000000000000000e+00 0.000000000000000000e+00 0.000000000000000000e+00 0.000000000000000000e+00 0.000000000000000000e+00 0.000000000000000000e+00 3.473387056356720161e-03 1.157888379649434363e-01 4.219142728314005941e-01 9.178438306814333814e-01 1.671233337536173646e+00 2.800680073101691647e+00 4.701119565077773288e+00 8.331653049229268859e+00 1.269579910874135464e+01 1.889938032641752130e+01 2.751430783329003660e+01 3.908492055885011496e+01 5.434551471081243790e+01 7.451486851438157544e+01 9.922081501658688296e+01 1.307907299650397306e+02 1.727893784828997923e+02 2.206268272754153941e+02 2.323772941226500848e+02 2.051418667767215140e+02 1.817317728221499635e+02 -7.241310833336795838e+01 -4.526616726026612696e+02 -7.095724502716025484e+01 0.000000000000000000e+00 0.000000000000000000e+00 0.000000000000000000e+00 0.000000000000000000e+00 0.000000000000000000e+00 0.000000000000000000e+00 0.000000000000000000e+00 0.000000000000000000e+00 0.000000000000000000e+00 0.000000000000000000e+00 0.000000000000000000e+00 0.000000000000000000e+00 0.000000000000000000e+00 0.000000000000000000e+00 0.000000000000000000e+00 0.000000000000000000e+00 0.000000000000000000e+00 0.000000000000000000e+00 0.000000000000000000e+00 0.000000000000000000e+00 0.000000000000000000e+00 0.000000000000000000e+00 0.000000000000000000e+00 0.000000000000000000e+00 0.000000000000000000e+00 0.000000000000000000e+00 0.000000000000000000e+00 0.000000000000000000e+00 0.000000000000000000e+00 0.000000000000000000e+00 0.000000000000000000e+00 0.000000000000000000e+00 0.000000000000000000e+00 0.000000000000000000e+00 0.000000000000000000e+00 0.000000000000000000e+00 0.000000000000000000e+00 0.000000000000000000e+00 0.000000000000000000e+00 0.000000000000000000e+00 0.000000000000000000e+00 0.000000000000000000e+00 0.000000000000000000e+00 0.000000000000000000e+00 0.000000000000000000e+00 0.000000000000000000e+00
-2.735084201821547101e+00 2.715259903088172359e+04 1.628651680780874740e+05 -5.496294418034253937e+01 3.037114093658700222e+04 1.111290344797699981e+04 6.435807604447752055e+03 -3.566573597826121386e+03 7.653479754172578396e+03 2.791773222097840699e+04 9.902096531768499972e+02 -2.207374119479582532e+03 -4.399690226486114284e+02 1.639507726799892407e+04 -6.998471495711272837e+03 2.423195397910948304e+04 4.129249775073860656e+04 9.787297736345481098e+03 0.000000000000000000e+00 0.000000000000000000e+00 0.000000000000000000e+00 0.000000000000000000e+00 0.000000000000000000e+00 0.000000000000000000e+00 0.000000000000000000e+00 0.000000000000000000e+00 0.000000000000000000e+00 0.000000000000000000e+00 0.000000000000000000e+00 0.000000000000000000e+00 0.000000000000000000e+00 0.000000000000000000e+00 0.000000000000000000e+00 0.000000000000000000e+00 0.000000000000000000e+00 0.000000000000000000e+00 0.000000000000000000e+00 0.000000000000000000e+00 8.856945599022924762e-03 2.807181243387052438e-01 9.812238184701437271e-01 2.112685117298553461e+00 3.871797020947091550e+00 6.577644358914538358e+00 1.091674879223651828e+01 1.821693590802760809e+01 2.825790227072656080e+01 4.314897627705691718e+01 6.472573189221027690e+01 9.544819082343089178e+01 1.388238189247742014e+02 2.004411373955660736e+02 2.844164800958365049e+02 4.024044173456866247e+02 5.741199545362644585e+02 8.120393776968269322e+02 1.079525029751733427e+03 1.413404717625317971e+03 1.952726951046115346e+03 2.379575647365377790e+03 2.794356225387859922e+03 3.605897542332323269e+02 0.000000000000000000e+00 0.000000000000000000e+00 0.000000000000000000e+00 0.000000000000000000e+00 0.000000000000000000e+00 0.000000000000000000e+00 0.000000000000000000e+00 0.000000000000000000e+00 0.000000000000000000e+00 0.000000000000000000e+00 0.000000000000000000e+00 0.000000000000000000e+00 0.000000000000000000e+00 0.000000000000000000e+00 0.000000000000000000e+00 0.000000000000000000e+00 0.000000000000000000e+00 0.000000000000000000e+00 0.000000000000000000e+00 0.000000000000000000e+00 0.000000000000000000e+00 0.000000000000000000e+00 0.000000000000000000e+00 0.000000000000000000e+00 0.000000000000000000e+00 0.000000000000000000e+00 0.000000000000000000e+00 0.000000000000000000e+00 0.000000000000000000e+00 0.000000000000000000e+00 0.000000000000000000e+00 0.000000000000000000e+00 0.000000000000000000e+00 0.000000000000000000e+00 0.000000000000000000e+00 0.000000000000000000e+00 0.000000000000000000e+00 0.000000000000000000e+00 0.000000000000000000e+00 0.000000000000000000e+00 0.000000000000000000e+00 0.000000000000000000e+00 0.000000000000000000e+00 0.000000000000000000e+00 0.000000000000000000e+00 0.000000000000000000e+00
-5.013110053280834144e+00 2.429934296945963979e+03 2.126361940491121277e+04 -3.127350708400068413e+01 3.965245542612700319e+03 2.025149427241133480e+03 1.973563914538883182e+03 -1.565599893420658418e+03 -3.697901575322555345e+03 9.902096531768503382e+02 1.950789087826775358e+03 -8.482067748216219343e+02 -1.587352318174587253e+02 -1.859149229518478023e+03 -6.263056399973399948e+02 2.168560585632536913e+03 3.695338938897353728e+03 3.001310607848261043e+03 0.000000000000000000e+00 0.000000000000000000e+00 0.000000000000000000e+00 0.000000000000000000e+00 0.000000000000000000e+00 0.000000000000000000e+00 0.000000000000000000e+00 0.000000000000000000e+00 0.000000000000000000e+00 0.000000000000000000e+00 0.000000000000000000e+00 0.000000000000000000e+00 0.000000000000000000e+00 0.000000000000000000e+00 0.000000000000000000e+00 0.000000000000000000e+00 0.000000000000000000e+00 0.000000000000000000e+00 0.000000000000000000e+00 0.000000000000000000e+00 -2.732852581024739196e-03 -8.424482348257072983e-02 -2.790228983937199092e-01 -5.552866452171211220e-01 -9.272196720672168935e-01 -1.422616335868181592e+00 -2.240867376874499772e+00 -4.001765522165460887e+00 -5.806357742266053279e+00 -8.176229965676093059e+00 -1.119200304803603352e+01 -1.469474568170349471e+01 -1.842844325563931562e+01 -2.220631626549511140e+01 -2.455872743134781899e+01 -2.558661156798297753e+01 -2.568584479114850794e+01 -1.955896485327236078e+01 2.955809905122892545e+01 1.229259160314472012e+02 2.140862982992363186e+02 5.012736136687856288e+02 8.566207482546034271e+02 1.147386205933173642e+02 0.000000000000000000e+00 0.000000000000000000e+00 0.000000000000000000e+00 0.000000000000000000e+00 0.000000000000000000e+00 0.000000000000000000e+00 0.000000000000000000e+00 0.000000000000000000e+00 0.000000000000000000e+00 0.000000000000000000e+00 0.000000000000000000e+00 0.000000000000000000e+00 0.000000000000000000e+00 0.000000000000000000e+00 0.000000000000000000e+00 0.000000000000000000e+00 0.000000000000000000e+00 0.000000000000000000e+00 0.000000000000000000e+00 0.000000000000000000e+00 0.000000000000000000e+00 0.000000000000000000e+00 0.000000000000000000e+00 0.000000000000000000e+00 0.000000000000000000e+00 0.000000000000000000e+00 0.000000000000000000e+00 0.000000000000000000e+00 0.000000000000000000e+00 0.000000000000000000e+00 0.000000000000000000e+00 0.000000000000000000e+00 0.000000000000000000e+00 0.000000000000000000e+00 0.000000000000000000e+00 0.000000000000000000e+00 0.000000000000000000e+00 0.000000000000000000e+00 0.000000000000000000e+00 0.000000000000000000e+00 0.000000000000000000e+00 0.000000000000000000e+00 0.000000000000000000e+00 0.000000000000000000e+00 0.000000000000000000e+00 0.000000000000000000e+00
2.586454906168135004e+00 -2.749685110239001460e+03 -1.902961734674594481e+04 1.609067418467390453e+01 -3.548648229867277223e+03 -1.559549215138506952e+03 -1.181782553108499769e+03 8.185373865301284013e+02 9.541738075699815909e+02 -2.207374119479582532e+03 -8.482067748216221617e+02 4.863560086078597919e+02 9.231523200132451734e+01 -2.844551118259595910e+02 7.087201061048651809e+02 -2.453917688416230249e+03 -4.181602140577713726e+03 -1.797203772669942737e+03 0.000000000000000000e+00 0.000000000000000000e+00 0.000000000000000000e+00 0.000000000000000000e+00 0.000000000000000000e+00 0.000000000000000000e+00 0.000000000000000000e+00 0.000000000000000000e+00 0.000000000000000000e+00 0.000000000000000000e+00 0.000000000000000000e+00 0.000000000000000000e+00 0.000000000000000000e+00 0.000000000000000000e+00 0.000000000000000000e+00 0.000000000000000000e+00 0.000000000000000000e+00 0.000000000000000000e+00 0.000000000000000000e+00 0.000000000000000000e+00 8.747803928756085886e-04 2.606630227821030849e-02 8.163156436368572411e-02 1.505872734930694401e-01 2.278888876024581234e-01 3.073474838675732679e-01 4.416927596412872359e-01 8.463013717591484353e-01 1.111439754724548923e+00 1.357139731265327498e+00 1.512353214661171119e+00 1.352538200833062643e+00 5.444521410562233044e-01 -1.326757672835208179e+00 -5.201157406560157348e+00 -1.166492098272873434e+01 -2.156334706884836550e+01 -3.797046077538333009e+01 -7.641322640622522044e+01 -1.389143547016504101e+02 -2.090424112875345486e+02 -3.649374430750120837e+02 -5.487294293079722820e+02 -7.224077272644088055e+01 0.000000000000000000e+00 0.000000000000000000e+00 0.000000000000000000e+00 0.000000000000000000e+00 0.000000000000000000e+00 0.000000000000000000e+00 0.000000000000000000e+00 0.000000000000000000e+00 0.000000000000000000e+00 0.000000000000000000e+00 0.000000000000000000e+00 0.000000000000000000e+00 0.000000000000000000e+00 0.000000000000000000e+00 0.000000000000000000e+00 0.000000000000000000e+00 0.000000000000000000e+00 0.000000000000000000e+00 0.000000000000000000e+00 0.000000000000000000e+00 0.000000000000000000e+00 0.000000000000000000e+00 0.000000000000000000e+00 0.000000000000000000e+00 0.000000000000000000e+00 0.000000000000000000e+00 0.000000000000000000e+00 0.000000000000000000e+00 0.000000000000000000e+00 0.000000000000000000e+00 0.000000000000000000e+00 0.000000000000000000e+00 0.000000000000000000e+00 0.000000000000000000e+00 0.000000000000000000e+00 0.000000000000000000e+00 0.000000000000000000e+00 0.000000000000000000e+00 0.000000000000000000e+00 0.000000000000000000e+00 0.000000000000000000e+00 0.000000000000000000e+00 0.000000000000000000e+00 0.000000000000000000e+00 0.000000000000000000e+00 0.000000000000000000e+00
4.110171017285074169e-01 -5.375286611350110206e+02 -3.723677883503509292e+03 3.057085148560068522e+00 -6.943924667066546590e+02 -2.970325770947977162e+02 -2.317817157304872637e+02 1.636660877960187008e+02 1.759027404749126617e+02 -4.399690226486114852e+02 -1.587352318174587538e+02 9.231523200132450313e+01 1.762772125767095233e+01 -7.597510372570440040e+01 1.385458168775182344e+02 -4.797098710241937738e+02 -8.174503297319972717e+02 -3.524836044084833588e+02 0.000000000000000000e+00 0.000000000000000000e+00 0.000000000000000000e+00 0.000000000000000000e+00 0.000000000000000000e+00 0.000000000000000000e+00 0.000000000000000000e+00 0.000000000000000000e+00 0.000000000000000000e+00 0.000000000000000000e+00 0.000000000000000000e+00 0.000000000000000000e+00 0.000000000000000000e+00 0.000000000000000000e+00 0.000000000000000000e+00 0.000000000000000000e+00 0.000000000000000000e+00 0.000000000000000000e+00 0.000000000000000000e+00 0.000000000000000000e+00 8.861450304882007706e-05 2.630294514975177120e-03 8.034801618204976195e-03 1.389112128793621240e-02 1.868350495384060728e-02 2.031069991453125778e-02 2.469659275526435785e-02 6.082254720976850576e-02 6.431471969690917556e-02 4.656385222519397044e-02 -1.044592715681495233e-02 -1.508405673813819348e-01 -4.397337729003447104e-01 -9.643087106796144337e-01 -1.888459462982289283e+00 -3.357231965326302525e+00 -5.599081063210316067e+00 -9.173575081405855869e+00 -1.635205483401328053e+01 -2.771015992590769628e+01 -4.158920425579746905e+01 -6.866192126259967665e+01 -1.006709978653581601e+02 -1.330409830482259892e+01 0.000000000000000000e+00 0.000000000000000000e+00 0.000000000000000000e+00 0.000000000000000000e+00 0.000000000000000000e+00 0.000000000000000000e+00 0.000000000000000000e+00 0.000000000000000000e+00 0.000000000000000000e+00 0.000000000000000000e+00 0.000000000000000000e+00 0.000000000000000000e+00 0.000000000000000000e+00 0.000000000000000000e+00 0.000000000000000000e+00 0.000000000000000000e+00 0.000000000000000000e+00 0.000000000000000000e+00 0.000000000000000000e+00 0.000000000000000000e+00 0.000000000000000000e+00 0.000000000000000000e+00 0.000000000000000000e+00 0.000000000000000000e+00 0.000000000000000000e+00 0.000000000000000000e+00 0.000000000000000000e+00 0.000000000000000000e+00 0.000000000000000000e+00 0.000000000000000000e+00 0.000000000000000000e+00 0.000000000000000000e+00 0.000000000000000000e+00 0.000000000000000000e+00 0.000000000000000000e+00 0.000000000000000000e+00 0.000000000000000000e+00 0.000000000000000000e+00 0.000000000000000000e+00 0.000000000000000000e+00 0.000000000000000000e+00 0.000000000000000000e+00 0.000000000000000000e+00 0.000000000000000000e+00 0.000000000000000000e+00 0.000000000000000000e+00
9.754742045810742113e+00 1.390536355644115247e+04 7.684331804097583517e+04 4.558888484615629011e+00 1.432976289404301315e+04 4.120152813745691674e+03 1.924509079611430025e+03 -8.018064195888915719e+02 9.086644314144145028e+03 1.639507726799892407e+04 -1.859149229518478023e+03 -2.844551118259596478e+02 -7.597510372570437198e+01 1.313772750267945776e+04 -3.584050660364928262e+03 1.240964555102945815e+04 2.114667523077636724e+04 2.926710137425485300e+03 0.000000000000000000e+00 0.000000000000000000e+00 0.000000000000000000e+00 0.000000000000000000e+00 0.000000000000000000e+00 0.000000000000000000e+00 0.000000000000000000e+00 0.000000000000000000e+00 0.000000000000000000e+00 0.000000000000000000e+00 0.000000000000000000e+00 0.000000000000000000e+00 0.000000000000000000e+00 0.000000000000000000e+00 0.000000000000000000e+00 0.000000000000000000e+00 0.000000000000000000e+00 0.000000000000000000e+00 0.000000000000000000e+00 0.000000000000000000e+00 1.361322901345299319e-02 4.193168316627908232e-01 1.403704995720271409e+00 2.875263658337805950e+00 5.002355200255236056e+00 8.065120328242878500e+00 1.297265550012846802e+01 2.203086912938489661e+01 3.314447569882613465e+01 4.892100251989323567e+01 7.082463964171637372e+01 1.001928780582597369e+02 1.388787732504007408e+02 1.904685871625736695e+02 2.546253868735267929e+02 3.405110892939506471e+02 4.646321107477176042e+02 6.263676623490148359e+02 7.153047598795236581e+02 7.643842291282589940e+02 1.008261744073214572e+03 7.467837818193710291e+02 3.742199665128263177e+02 4.624757955956059163e+01 0.000000000000000000e+00 0.000000000000000000e+00 0.000000000000000000e+00 0.000000000000000000e+00 0.000000000000000000e+00 0.000000000000000000e+00 0.000000000000000000e+00 0.000000000000000000e+00 0.000000000000000000e+00 0.000000000000000000e+00 0.000000000000000000e+00 0.000000000000000000e+00 0.000000000000000000e+00 0.000000000000000000e+00 0.000000000000000000e+00 0.000000000000000000e+00 0.000000000000000000e+00 0.000000000000000000e+00 0.000000000000000000e+00 0.000000000000000000e+00 0.000000000000000000e+00 0.000000000000000000e+00 0.000000000000000000e+00 0.000000000000000000e+00 0.000000000000000000e+00 0.000000000000000000e+00 0.000000000000000000e+00 0.000000000000000000e+00 0.000000000000000000e+00 0.000000000000000000e+00 0.000000000000000000e+00 0.000000000000000000e+00 0.000000000000000000e+00 0.000000000000000000e+00 0.000000000000000000e+00 0.000000000000000000e+00 0.000000000000000000e+00 0.000000000000000000e+00 0.000000000000000000e+00 0.000000000000000000e+00 0.000000000000000000e+00 0.000000000000000000e+00 0.000000000000000000e+00 0.000000000000000000e+00 0.000000000000000000e+00 0.000000000000000000e+00
