0.0895693034747330751876859267213148996233940124511718750000000000 -0.0641438286463206774890011274692369624972343444824218750000000000 -0.5258955075388482836018511079601012170314788818359375000000000000 0.0007534684962059162846234605659390126675134524703025817871093750 -0.0696349097345231315969726892944891005754470825195312500000000000 -0.0890346581826770566703288523058290593326091766357421875000000000 -0.0188127319730421946331055949030996998772025108337402343750000000 0.0863636974202321716642671844965661875903606414794921875000000000 0.1160797953224083911560882143021444790065288543701171875000000000 -0.0874411029385108312661500917783996555954217910766601562500000000 -0.0256455853622288565407671967477654106914997100830078125000000000
-0.0641438286463206774890011274692369624972343444824218750000000000 459.9075079907665895007085055112838745117187500000000000000000000000 3770.8951554337677407602313905954360961914062500000000000000000000000 -0.8135954004697675268076295651553664356470108032226562500000000000 499.3120116120848592800030019134283065795898437500000000000000000000 132.4615944217714229580451501533389091491699218750000000000000000000 134.9289232521642816209350712597370147705078125000000000000000000000 119.9922472628816620954239624552428722381591796875000000000000000000 95.8474450823314469971592188812792301177978515625000000000000000000 626.9476050479139530580141581594944000244140625000000000000000000000 183.9356040396203866293944884091615676879882812500000000000000000000
-0.5258955075388482836018511079601012170314788818359375000000000000 3770.8951554337677407602313905954360961914062500000000000000000000000 32127.5080235855821229051798582077026367187500000000000000000000000000 -8.0891836849091909300568659091368317604064941406250000000000000000 4254.0696567032073289738036692142486572265625000000000000000000000000 1122.0910489226343997870571911334991455078125000000000000000000000000 1308.8755553013927510619396343827247619628906250000000000000000000000 1169.0916335534736845147563144564628601074218750000000000000000000000 560.2059485512962737630004994571208953857421875000000000000000000000 5140.4981338844472702476195991039276123046875000000000000000000000000 1784.2639670897510768554639071226119995117187500000000000000000000000
0.0007534684962059162846234605659390126675134524703025817871093750 -0.8135954004697675268076295651553664356470108032226562500000000000 -8.0891836849091909300568659091368317604064941406250000000000000000 0.0042453779470916341159947293704135518055409193038940429687500000 -1.0711055098393615914176280057290568947792053222656250000000000000 -0.3787265915290835005535541313292924314737319946289062500000000000 -0.4763225009919767050092787030735053122043609619140625000000000000 -0.4208942011875665412112823560164542868733406066894531250000000000 0.2574487452961853883870446679793531075119972229003906250000000000 -1.1090962398743011707580308211618103086948394775390625000000000000 -0.6493245838320775842333887339918874204158782958984375000000000000
-0.0696349097345231315969726892944891005754470825195312500000000000 499.3120116120848592800030019134283065795898437500000000000000000000 4254.0696567032073289738036692142486572265625000000000000000000000000 -1.0711055098393615914176280057290568947792053222656250000000000000 563.2901447195160926639800891280174255371093750000000000000000000000 148.5783920675000615574390394613146781921386718750000000000000000000 173.3109141275624551781220361590385437011718750000000000000000000000 154.8018364995606077627599006518721580505371093750000000000000000000 74.1780260544071694539525196887552738189697265625000000000000000000 680.6639691956009983186959289014339447021484375000000000000000000000 236.2580750543464205293275881558656692504882812500000000000000000000
-0.0890346581826770566703288523058290593326091766357421875000000000 132.4615944217714229580451501533389091491699218750000000000000000000 1122.0910489226343997870571911334991455078125000000000000000000000000 -0.3787265915290835005535541313292924314737319946289062500000000000 148.5783920675000615574390394613146781921386718750000000000000000000 56.2988358723515958104144374374300241470336914062500000000000000000 44.8944314881787889248698775190860033035278320312500000000000000000 34.5875625642528135017528256867080926895141601562500000000000000000 6.2928833375602364341716565832030028104782104492187500000000000000 180.5721323106232318878028308972716331481933593750000000000000000000 61.2002539912143177502912294585257768630981445312500000000000000000
-0.0188127319730421946331055949030996998772025108337402343750000000 134.9289232521642816209350712597370147705078125000000000000000000000 1308.8755553013927510619396343827247619628906250000000000000000000000 -0.4763225009919767050092787030735053122043609619140625000000000000 173.3109141275624551781220361590385437011718750000000000000000000000 44.8944314881787889248698775190860033035278320312500000000000000000 73.5231919319587063910148572176694869995117187500000000000000000000 66.2401293955894914233795134350657463073730468750000000000000000000 -9.6894419270151885825725912582129240036010742187500000000000000000 183.9356040396203866293944884091615676879882812500000000000000000000 100.2270854385465952418599044904112815856933593750000000000000000000
0.0863636974202321716642671844965661875903606414794921875000000000 119.9922472628816620954239624552428722381591796875000000000000000000 1169.0916335534736845147563144564628601074218750000000000000000000000 -0.4208942011875665412112823560164542868733406066894531250000000000 154.8018364995606077627599006518721580505371093750000000000000000000 34.5875625642528135017528256867080926895141601562500000000000000000 66.2401293955894914233795134350657463073730468750000000000000000000 69.4695582456532179094210732728242874145507812500000000000000000000 -15.0027924691688507863318591262213885784149169921875000000000000000 163.5738724389146341309242416173219680786132812500000000000000000000 90.2987878237954788573915720917284488677978515625000000000000000000
0.1160797953224083911560882143021444790065288543701171875000000000 95.8474450823314469971592188812792301177978515625000000000000000000 560.2059485512962737630004994571208953857421875000000000000000000000 0.2574487452961853883870446679793531075119972229003906250000000000 74.1780260544071694539525196887552738189697265625000000000000000000 6.2928833375602364341716565832030028104782104492187500000000000000 -9.6894419270151885825725912582129240036010742187500000000000000000 -15.0027924691688507863318591262213885784149169921875000000000000000 92.1139802837930261603105464018881320953369140625000000000000000000 130.6595893745131320429209154099225997924804687500000000000000000000 -13.2086828434968239776026166509836912155151367187500000000000000000
-0.0874411029385108312661500917783996555954217910766601562500000000 626.9476050479139530580141581594944000244140625000000000000000000000 5140.4981338844472702476195991039276123046875000000000000000000000000 -1.1090962398743011707580308211618103086948394775390625000000000000 680.6639691956009983186959289014339447021484375000000000000000000000 180.5721323106232318878028308972716331481933593750000000000000000000 183.9356040396203866293944884091615676879882812500000000000000000000 163.5738724389146341309242416173219680786132812500000000000000000000 130.6595893745131320429209154099225997924804687500000000000000000000 854.6572792266887290679733268916606903076171875000000000000000000000 250.7416913880793174485006602481007575988769531250000000000000000000
-0.0256455853622288565407671967477654106914997100830078125000000000 183.9356040396203866293944884091615676879882812500000000000000000000 1784.2639670897510768554639071226119995117187500000000000000000000000 -0.6493245838320775842333887339918874204158782958984375000000000000 236.2580750543464205293275881558656692504882812500000000000000000000 61.2002539912143177502912294585257768630981445312500000000000000000 100.2270854385465952418599044904112815856933593750000000000000000000 90.2987878237954788573915720917284488677978515625000000000000000000 -13.2086828434968239776026166509836912155151367187500000000000000000 250.7416913880793174485006602481007575988769531250000000000000000000 136.6299312032344914769055321812629699707031250000000000000000000000
