1.620524376312883208e-01 4.251174881506494807e-01 2.507209156786963433e+00 -7.359926100744771391e-04 6.163898328120144265e-01 2.242783373119318635e-01 2.063413153275902578e-01 2.482531967463734446e-01 7.518808887794994900e-02 7.292715041157539213e-01 3.539700096667148799e-01
4.251174881506494807e-01 4.573298920926104074e+02 2.538133053969638695e+03 -6.749378345118546285e-01 6.239923799560077669e+02 3.683981860364087879e+01 1.820071283249587282e+02 2.297852943679627060e+02 1.527713629528303159e+02 7.845305535049742502e+02 3.122257162619830524e+02
2.507209156786963433e+00 2.538133053969638695e+03 1.476575190776951240e+04 -4.387874924668630605e+00 3.630115710584522731e+03 1.848460771757672774e+02 1.180843440982506081e+03 1.476223564601834823e+03 7.213525856110986751e+02 4.354062492151377228e+03 2.025688183463686755e+03
-7.359926100744771391e-04 -6.749378345118546285e-01 -4.387874924668630605e+00 3.666324939763813962e-03 -1.078745857279245213e+00 -2.913446757857873770e-01 -4.299502958942859610e-01 -4.796363785799929169e-01 1.999655690625512239e-01 -1.157827996915205215e+00 -7.375619863248862318e-01
6.163898328120144265e-01 6.239923799560077669e+02 3.630115710584522731e+03 -1.078745857279245213e+00 8.924530328386899782e+02 4.544385230003730669e+01 2.903068095432200266e+02 3.629251248205284242e+02 1.773423642936701583e+02 1.070433172408156679e+03 4.980093493015862123e+02
2.242783373119318635e-01 3.683981860364087879e+01 1.848460771757672774e+02 -2.913446757857873770e-01 4.544385230003730669e+01 6.567150278231463290e+01 9.733313839699182068e+00 -5.700224039504290907e+00 -2.949911600709926418e+01 6.319718824389573797e+01 1.669709814758948596e+01
2.063413153275902578e-01 1.820071283249587282e+02 1.180843440982506081e+03 -4.299502958942859610e-01 2.903068095432200266e+02 9.733313839699182068e+00 1.153361979075353645e+02 1.419439786212925583e+02 2.900795087052956234e+01 3.122257162619830524e+02 1.978544869864631437e+02
2.482531967463734446e-01 2.297852943679627060e+02 1.476223564601834823e+03 -4.796363785799929169e-01 3.629251248205284242e+02 -5.700224039504290907e+00 1.419439786212925583e+02 1.944554724345510692e+02 3.649709450909220720e+01 3.941871880556964811e+02 2.434990365596096353e+02
7.518808887794994900e-02 1.527713629528303159e+02 7.213525856110986751e+02 1.999655690625512239e-01 1.773423642936701583e+02 -2.949911600709926418e+01 2.900795087052956234e+01 3.649709450909220720e+01 1.358638349156212826e+02 2.620729674779767038e+02 4.976194240960129633e+01
7.292715041157539213e-01 7.845305535049742502e+02 4.354062492151377228e+03 -1.157827996915205215e+00 1.070433172408156679e+03 6.319718824389573797e+01 3.122257162619830524e+02 3.941871880556964811e+02 2.620729674779767038e+02 1.345829782887193232e+03 5.356103290705028712e+02
3.539700096667148799e-01 3.122257162619830524e+02 2.025688183463686755e+03 -7.375619863248862318e-01 4.980093493015862123e+02 1.669709814758948596e+01 1.978544869864631437e+02 2.434990365596096353e+02 4.976194240960129633e+01 5.356103290705028712e+02 3.394112059429949682e+02
