0.0057101188454674418545908842759217804996296763420104980468750000 0.0189583289559911022381655243407294619828462600708007812500000000 0.1975593161988332124856526661460520699620246887207031250000000000 -0.0000157702674772622762253658501574449246618314646184444427490234 0.0213836944285017913069957273819454712793231010437011718750000000 0.0034512931990813193808276260199363605352118611335754394531250000 0.0076016497327948701762112548863115080166608095169067382812500000 0.0101463582289294876326302130564727121964097023010253906250000000 0.0071134112298816285294145167483748082304373383522033691406250000 0.0246275295454370414527378585489714168943464756011962890625000000 0.0098748077334795108378484584932266443502157926559448242187500000
0.0189583289559911022381655243407294619828462600708007812500000000 24.3039297784526020507200883002951741218566894531250000000000000000 245.7877272470754235200729453936219215393066406250000000000000000000 -0.0338042701955119373469216270677861757576465606689453125000000000 26.6039068916277656740021484438329935073852539062500000000000000000 4.2090230223216229532567922433372586965560913085937500000000000000 8.6469658423844535377611464355140924453735351562500000000000000000 8.4026379048962880347062309738248586654663085937500000000000000000 5.7371239277845980097936262609437108039855957031250000000000000000 31.5716511765621348217791819479316473007202148437500000000000000000 11.2327097633998835846114161540754139423370361328125000000000000000
0.1975593161988332124856526661460520699620246887207031250000000000 245.7877272470754235200729453936219215393066406250000000000000000000 2578.6541582672712138446513563394546508789062500000000000000000000000 -0.4022309032458671884668888196756597608327865600585937500000000000 279.1118820318052939910558052361011505126953125000000000000000000000 43.1652955469529402421358099672943353652954101562500000000000000000 101.1038208529504913713026326149702072143554687500000000000000000000 97.7200792475268116277220542542636394500732421875000000000000000000 46.5431324004130146931856870651245117187500000000000000000000000000 319.2868173526596251576847862452268600463867187500000000000000000000 131.3373842701340095118212047964334487915039062500000000000000000000
-0.0000157702674772622762253658501574449246618314646184444427490234 -0.0338042701955119373469216270677861757576465606689453125000000000 -0.4022309032458671884668888196756597608327865600585937500000000000 0.0001391010147069512688320497284522048175858799368143081665039062 -0.0435372165190795329392514645405753981322050094604492187500000000 -0.0125141880585945206028064546899258857592940330505371093750000000 -0.0208929615918796648954547379162249853834509849548339843750000000 -0.0190455741506640706395270257189622498117387294769287109375000000 0.0074297948278587719675436495947451476240530610084533691406250000 -0.0439129242315852985623081394805922172963619232177734375000000000 -0.0271406847138336605740338569603409268893301486968994140625000000
0.0213836944285017913069957273819454712793231010437011718750000000 26.6039068916277656740021484438329935073852539062500000000000000000 279.1118820318052939910558052361011505126953125000000000000000000000 -0.0435372165190795329392514645405753981322050094604492187500000000 30.2108921592198598204959125723689794540405273437500000000000000000 4.6721840693304779179584329540375620126724243164062500000000000000 10.9434131088891177796540432609617710113525390625000000000000000000 10.5771590748724975128425285220146179199218750000000000000000000000 5.0377989767592223913084126252215355634689331054687500000000000000 34.5594015442257571635309432167559862136840820312500000000000000000 14.2158747373101679301043986924923956394195556640625000000000000000
0.0034512931990813193808276260199363605352118611335754394531250000 4.2090230223216229532567922433372586965560913085937500000000000000 43.1652955469529402421358099672943353652954101562500000000000000000 -0.0125141880585945206028064546899258857592940330505371093750000000 4.6721840693304779179584329540375620126724243164062500000000000000 2.0415263261487743839950326218968257308006286621093750000000000000 1.5854939614770260369880361395189538598060607910156250000000000000 1.1654533756473213212956352435867302119731903076171875000000000000 -0.1158803495500883851132556401353213004767894744873046875000000000 5.4676674869539647616534239205066114664077758789062500000000000000 2.0596118714380744485481500305468216538429260253906250000000000000
0.0076016497327948701762112548863115080166608095169067382812500000 8.6469658423844535377611464355140924453735351562500000000000000000 101.1038208529504913713026326149702072143554687500000000000000000000 -0.0208929615918796648954547379162249853834509849548339843750000000 10.9434131088891177796540432609617710113525390625000000000000000000 1.5854939614770260369880361395189538598060607910156250000000000000 5.0821722892338767607611771381925791501998901367187500000000000000 4.8611757114684248648472930653952062129974365234375000000000000000 0.3555596094969359355353333285165717825293540954589843750000000000 11.2327097633998835846114161540754139423370361328125000000000000000 6.6019187924553808244354513590224087238311767578125000000000000000
0.0101463582289294876326302130564727121964097023010253906250000000 8.4026379048962880347062309738248586654663085937500000000000000000 97.7200792475268116277220542542636394500732421875000000000000000000 -0.0190455741506640706395270257189622498117387294769287109375000000 10.5771590748724975128425285220146179199218750000000000000000000000 1.1654533756473213212956352435867302119731903076171875000000000000 4.8611757114684248648472930653952062129974365234375000000000000000 5.1403024181722560825846812804229557514190673828125000000000000000 0.2474177722364817866296249349034042097628116607666015625000000000 10.9153192637818285959383501904085278511047363281250000000000000000 6.3148365416413305695186863886192440986633300781250000000000000000
0.0071134112298816285294145167483748082304373383522033691406250000 5.7371239277845980097936262609437108039855957031250000000000000000 46.5431324004130146931856870651245117187500000000000000000000000000 0.0074297948278587719675436495947451476240530610084533691406250000 5.0377989767592223913084126252215355634689331054687500000000000000 -0.1158803495500883851132556401353213004767894744873046875000000000 0.3555596094969359355353333285165717825293540954589843750000000000 0.2474177722364817866296249349034042097628116607666015625000000000 4.3438985221263690661430700856726616621017456054687500000000000000 7.4527237798930032752764418546576052904129028320312500000000000000 0.4618843152461836187860910740710096433758735656738281250000000000
0.0246275295454370414527378585489714168943464756011962890625000000 31.5716511765621348217791819479316473007202148437500000000000000000 319.2868173526596251576847862452268600463867187500000000000000000000 -0.0439129242315852985623081394805922172963619232177734375000000000 34.5594015442257571635309432167559862136840820312500000000000000000 5.4676674869539647616534239205066114664077758789062500000000000000 11.2327097633998835846114161540754139423370361328125000000000000000 10.9153192637818285959383501904085278511047363281250000000000000000 7.4527237798930032752764418546576052904129028320312500000000000000 41.0126743740937556026437960099428892135620117187500000000000000000 14.5916811663946504040723084472119808197021484375000000000000000000
0.0098748077334795108378484584932266443502157926559448242187500000 11.2327097633998835846114161540754139423370361328125000000000000000 131.3373842701340095118212047964334487915039062500000000000000000000 -0.0271406847138336605740338569603409268893301486968994140625000000 14.2158747373101679301043986924923956394195556640625000000000000000 2.0596118714380744485481500305468216538429260253906250000000000000 6.6019187924553808244354513590224087238311767578125000000000000000 6.3148365416413305695186863886192440986633300781250000000000000000 0.4618843152461836187860910740710096433758735656738281250000000000 14.5916811663946504040723084472119808197021484375000000000000000000 8.5761224259372550449143091100268065929412841796875000000000000000
