0.0350282364483001790178562373512249905616044998168945312500000000 0.0499052691487356092636673565721139311790466308593750000000000000 0.4750210097218383609174452431034296751022338867187500000000000000 0.0000196487359557279143886920208528223952271218877285718917846680 0.0538392324494669782808387026307173073291778564453125000000000000 0.0007513960460778100654277711356598956626839935779571533203125000 0.0161328967747009117961187740775130805559456348419189453125000000 0.0470476772835451695353725654058507643640041351318359375000000000 0.0415570821888606584115777309307304676622152328491210937500000000 0.0654877425103526644711848803126486018300056457519531250000000000 0.0211702493133329242014362137069838354364037513732910156250000000
0.0499052691487356092636673565721139311790466308593750000000000000 179.7985737518277176150149898603558540344238281250000000000000000000 1687.6227883902456596842966973781585693359375000000000000000000000000 -0.2943565252875081084127373287628870457410812377929687500000000000 191.2764145829377468999155098572373390197753906250000000000000000000 47.2330103246874770661634101998060941696166992187500000000000000000 54.5229392295365187237621285021305084228515625000000000000000000000 48.9415233576694248540661646984517574310302734375000000000000000000 37.6555429533453605017712106928229331970214843750000000000000000000 235.9390682073226912507379893213510513305664062500000000000000000000 71.5472387200210420132862054742872714996337890625000000000000000000
0.4750210097218383609174452431034296751022338867187500000000000000 1687.6227883902456596842966973781585693359375000000000000000000000000 16429.3598942420139792375266551971435546875000000000000000000000000000 -3.3208733161223551455520919262198731303215026855468750000000000000 1862.1157974886514239187818020582199096679687500000000000000000000000 456.7574661229476760126999579370021820068359375000000000000000000000 600.9417743115335497350315563380718231201171875000000000000000000000 538.9978192993015682077384553849697113037109375000000000000000000000 261.1639315728779138225945644080638885498046875000000000000000000000 2214.5678904429623798932880163192749023437500000000000000000000000000 788.5804615648526123550254851579666137695312500000000000000000000000
0.0000196487359557279143886920208528223952271218877285718917846680 -0.2943565252875081084127373287628870457410812377929687500000000000 -3.3208733161223551455520919262198731303215026855468750000000000000 0.0013956244875548465787795660020265131606720387935638427734375000 -0.3763902369426585514666783183201914653182029724121093750000000000 -0.1271079468822062796817817798000760376453399658203125000000000000 -0.1737431990066535814065673548611812293529510498046875000000000000 -0.1521639688584408289795391056031803600490093231201171875000000000 0.0811626644048012574339523439448385033756494522094726562500000000 -0.3862667141783927560183542482263874262571334838867187500000000000 -0.2279929569272935996337992037297226488590240478515625000000000000
0.0538392324494669782808387026307173073291778564453125000000000000 191.2764145829377468999155098572373390197753906250000000000000000000 1862.1157974886514239187818020582199096679687500000000000000000000000 -0.3763902369426585514666783183201914653182029724121093750000000000 211.0535812458549003167718183249235153198242187500000000000000000000 51.7692289147865665199788054451346397399902343750000000000000000000 68.1111850077950862214493099600076675415039062500000000000000000000 61.0904113483399200390522310044616460800170898437500000000000000000 29.6005130964682656724562548333778977394104003906250000000000000000 251.0007620473525662418978754431009292602539062500000000000000000000 89.3782925520697233423561556264758110046386718750000000000000000000
0.0007513960460778100654277711356598956626839935779571533203125000 47.2330103246874770661634101998060941696166992187500000000000000000 456.7574661229476760126999579370021820068359375000000000000000000000 -0.1271079468822062796817817798000760376453399658203125000000000000 51.7692289147865665199788054451346397399902343750000000000000000000 19.2519307920424012081639375537633895874023437500000000000000000000 16.3549325727835785926345124607905745506286621093750000000000000000 12.6473345542855444278984577977098524570465087890625000000000000000 2.3545309014690172233486009645275771617889404296875000000000000000 61.9810948000933947810153767932206392288208007812500000000000000000 21.4616138009099337580209976295009255409240722656250000000000000000
0.0161328967747009117961187740775130805559456348419189453125000000 54.5229392295365187237621285021305084228515625000000000000000000000 600.9417743115335497350315563380718231201171875000000000000000000000 -0.1737431990066535814065673548611812293529510498046875000000000000 68.1111850077950862214493099600076675415039062500000000000000000000 16.3549325727835785926345124607905745506286621093750000000000000000 30.0358175063077936783884069882333278656005859375000000000000000000 26.8965130344991720789948885794728994369506835937500000000000000000 -2.5523379146743554457543723401613533496856689453125000000000000000 71.5472387200210420132862054742872714996337890625000000000000000000 39.4142325348196251866284001152962446212768554687500000000000000000
0.0470476772835451695353725654058507643640041351318359375000000000 48.9415233576694248540661646984517574310302734375000000000000000000 538.9978192993015682077384553849697113037109375000000000000000000000 -0.1521639688584408289795391056031803600490093231201171875000000000 61.0904113483399200390522310044616460800170898437500000000000000000 12.6473345542855444278984577977098524570465087890625000000000000000 26.8965130344991720789948885794728994369506835937500000000000000000 27.5337285317314588439785438822582364082336425781250000000000000000 -4.0646247147397458476802967197727411985397338867187500000000000000 64.2230757269177843227225821465253829956054687500000000000000000000 35.2947083559462129187522805295884609222412109375000000000000000000
0.0415570821888606584115777309307304676622152328491210937500000000 37.6555429533453605017712106928229331970214843750000000000000000000 261.1639315728779138225945644080638885498046875000000000000000000000 0.0811626644048012574339523439448385033756494522094726562500000000 29.6005130964682656724562548333778977394104003906250000000000000000 2.3545309014690172233486009645275771617889404296875000000000000000 -2.5523379146743554457543723401613533496856689453125000000000000000 -4.0646247147397458476802967197727411985397338867187500000000000000 32.8051969827675335977801296394318342208862304687500000000000000000 49.4131490137185167554889630991965532302856445312500000000000000000 -3.3492825708934024220297942520119249820709228515625000000000000000
0.0654877425103526644711848803126486018300056457519531250000000000 235.9390682073226912507379893213510513305664062500000000000000000000 2214.5678904429623798932880163192749023437500000000000000000000000000 -0.3862667141783927560183542482263874262571334838867187500000000000 251.0007620473525662418978754431009292602539062500000000000000000000 61.9810948000933947810153767932206392288208007812500000000000000000 71.5472387200210420132862054742872714996337890625000000000000000000 64.2230757269177843227225821465253829956054687500000000000000000000 49.4131490137185167554889630991965532302856445312500000000000000000 309.6089292864805315730336587876081466674804687500000000000000000000 93.8872232641225110683080856688320636749267578125000000000000000000
0.0211702493133329242014362137069838354364037513732910156250000000 71.5472387200210420132862054742872714996337890625000000000000000000 788.5804615648526123550254851579666137695312500000000000000000000000 -0.2279929569272935996337992037297226488590240478515625000000000000 89.3782925520697233423561556264758110046386718750000000000000000000 21.4616138009099337580209976295009255409240722656250000000000000000 39.4142325348196251866284001152962446212768554687500000000000000000 35.2947083559462129187522805295884609222412109375000000000000000000 -3.3492825708934024220297942520119249820709228515625000000000000000 93.8872232641225110683080856688320636749267578125000000000000000000 51.7209736669424202659683942329138517379760742187500000000000000000
