0.0583494899757739243773002613124845083802938461303710937500000000 0.0739426167670688971877979156488436274230480194091796875000000000 0.5974125692663811992844102860544808208942413330078125000000000000 0.0002069004627866163621534301153559454178321175277233123779296875 0.0898744621607076299429905930082895793020725250244140625000000000 -0.0159289883733039552837773555893363663926720619201660156250000000 0.0308260291430188862471517552421573782339692115783691406250000000 0.0772165412284893104555294485180638730525970458984375000000000000 0.0813709384104756294764371205019415356218814849853515625000000000 0.1045239944673991006052204966181307099759578704833984375000000000 0.0435751375928010373228538298917555948719382286071777343750000000
0.0739426167670688971877979156488436274230480194091796875000000000 245.2836626237589428001228952780365943908691406250000000000000000000 1858.8951797332906608062330633401870727539062500000000000000000000000 -0.4114290325241054535609919184935279190540313720703125000000000000 279.6513047872746255961828865110874176025390625000000000000000000000 58.2394650054144165096658980473875999450683593750000000000000000000 79.9085777224901221416075713932514190673828125000000000000000000000 77.4253084727339739856688538566231727600097656250000000000000000000 57.3176526699541355469591508153825998306274414062500000000000000000 346.7287109380104084266349673271179199218750000000000000000000000000 112.9573729054592945431068073958158493041992187500000000000000000000
0.5974125692663811992844102860544808208942413330078125000000000000 1858.8951797332906608062330633401870727539062500000000000000000000000 14676.7577554309336846927180886268615722656250000000000000000000000000 -3.7489398178188162447099784913007169961929321289062500000000000000 2207.9644409761167480610311031341552734375000000000000000000000000000 454.0125834223138667766761500388383865356445312500000000000000000000 712.7409287852465240575838834047317504882812500000000000000000000000 691.1493877664618139533558860421180725097656250000000000000000000000 326.9881656647604586396482773125171661376953125000000000000000000000 2627.7018311914816877106204628944396972656250000000000000000000000000 1007.5181560279391987933195196092128753662109375000000000000000000000
0.0002069004627866163621534301153559454178321175277233123779296875 -0.4114290325241054535609919184935279190540313720703125000000000000 -3.7489398178188162447099784913007169961929321289062500000000000000 0.0020936597441484541132217245262836513575166463851928710937500000 -0.5639887192415123928768139194289688020944595336914062500000000000 -0.1838056353444127433149901662545744329690933227539062500000000000 -0.2488035565847366292757669725688174366950988769531250000000000000 -0.2323620785513489384044305552379228174686431884765625000000000000 0.1231951793698604358251458279482903890311717987060546875000000000 -0.5815889104215369309613947734760586172342300415039062500000000000 -0.3517043717002207303679028882470447570085525512695312500000000000
0.0898744621607076299429905930082895793020725250244140625000000000 279.6513047872746255961828865110874176025390625000000000000000000000 2207.9644409761167480610311031341552734375000000000000000000000000000 -0.5639887192415123928768139194289688020944595336914062500000000000 332.1651180630141766414453741163015365600585937500000000000000000000 68.3014366426557018030507606454193592071533203125000000000000000000 107.2244055948791583432466723024845123291015625000000000000000000000 103.9761844557305749958686647005379199981689453125000000000000000000 49.1919437820414131579127570148557424545288085937500000000000000000 395.3102109770609331462765112519264221191406250000000000000000000000 151.5705511542116425971471471711993217468261718750000000000000000000
-0.0159289883733039552837773555893363663926720619201660156250000000 58.2394650054144165096658980473875999450683593750000000000000000000 454.0125834223138667766761500388383865356445312500000000000000000000 -0.1838056353444127433149901662545744329690933227539062500000000000 68.3014366426557018030507606454193592071533203125000000000000000000 27.4030848057677758333738893270492553710937500000000000000000000000 21.2729347310166367890360561432316899299621582031250000000000000000 16.5494362071167309125030442373827099800109863281250000000000000000 0.2961251882296876969391519196506123989820480346679687500000000000 82.3262927952166165823655319400131702423095703125000000000000000000 30.0710498133248762542280019260942935943603515625000000000000000000
0.0308260291430188862471517552421573782339692115783691406250000000 79.9085777224901221416075713932514190673828125000000000000000000000 712.7409287852465240575838834047317504882812500000000000000000000000 -0.2488035565847366292757669725688174366950988769531250000000000000 107.2244055948791583432466723024845123291015625000000000000000000000 21.2729347310166367890360561432316899299621582031250000000000000000 45.5242981442145051573788805399090051651000976562500000000000000000 44.2110496868982352225430076941847801208496093750000000000000000000 -0.8636560515356936917896746308542788028717041015625000000000000000 112.9573729054592945431068073958158493041992187500000000000000000000 64.3523545068435822713581728748977184295654296875000000000000000000
0.0772165412284893104555294485180638730525970458984375000000000000 77.4253084727339739856688538566231727600097656250000000000000000000 691.1493877664618139533558860421180725097656250000000000000000000000 -0.2323620785513489384044305552379228174686431884765625000000000000 103.9761844557305749958686647005379199981689453125000000000000000000 16.5494362071167309125030442373827099800109863281250000000000000000 44.2110496868982352225430076941847801208496093750000000000000000000 49.0535781483614243825286393985152244567871093750000000000000000000 -3.5769287494476089683814734598854556679725646972656250000000000000 109.4470667698213048879551934078335762023925781250000000000000000000 62.4959693735008272597042378038167953491210937500000000000000000000
0.0813709384104756294764371205019415356218814849853515625000000000 57.3176526699541355469591508153825998306274414062500000000000000000 326.9881656647604586396482773125171661376953125000000000000000000000 0.1231951793698604358251458279482903890311717987060546875000000000 49.1919437820414131579127570148557424545288085937500000000000000000 0.2961251882296876969391519196506123989820480346679687500000000000 -0.8636560515356936917896746308542788028717041015625000000000000000 -3.5769287494476089683814734598854556679725646972656250000000000000 52.4431993074032902768522035330533981323242187500000000000000000000 81.0232349421904842756703146733343601226806640625000000000000000000 -1.2208491435571739991416961856884881854057312011718750000000000000
0.1045239944673991006052204966181307099759578704833984375000000000 346.7287109380104084266349673271179199218750000000000000000000000000 2627.7018311914816877106204628944396972656250000000000000000000000000 -0.5815889104215369309613947734760586172342300415039062500000000000 395.3102109770609331462765112519264221191406250000000000000000000000 82.3262927952166165823655319400131702423095703125000000000000000000 112.9573729054592945431068073958158493041992187500000000000000000000 109.4470667698213048879551934078335762023925781250000000000000000000 81.0232349421904842756703146733343601226806640625000000000000000000 490.1296633569161826926574576646089553833007812500000000000000000000 159.6745738362940869592421222478151321411132812500000000000000000000
0.0435751375928010373228538298917555948719382286071777343750000000 112.9573729054592945431068073958158493041992187500000000000000000000 1007.5181560279391987933195196092128753662109375000000000000000000000 -0.3517043717002207303679028882470447570085525512695312500000000000 151.5705511542116425971471471711993217468261718750000000000000000000 30.0710498133248762542280019260942935943603515625000000000000000000 64.3523545068435822713581728748977184295654296875000000000000000000 62.4959693735008272597042378038167953491210937500000000000000000000 -1.2208491435571739991416961856884881854057312011718750000000000000 159.6745738362940869592421222478151321411132812500000000000000000000 90.9673668653969684783078264445066452026367187500000000000000000000
