# A b_HI Tb sigma_NL sigma8tot n_s f DA H omegak omegaDE w0 wa h gamma sigma_8 fs8 bs8 pk0 pk1 pk2 pk3 pk4 pk5 pk6 pk7 pk8 pk9 pk10 pk11 pk12 pk13 pk14 pk15 pk16 pk17 pk18 pk19 pk20 pk21 pk22 pk23 pk24 pk25 pk26 pk27 pk28 pk29 pk30 pk31 pk32 pk33 pk34 pk35 pk36 pk37 pk38 pk39 pk40 pk41 pk42 pk43 pk44 pk45 pk46 pk47 pk48 pk49 pk50 pk51 pk52 pk53 pk54 pk55 pk56 pk57 pk58 pk59 pk60 pk61 pk62 pk63 pk64 pk65 pk66 pk67 pk68 pk69 pk70 pk71 pk72 pk73 pk74 pk75 pk76 pk77 pk78 pk79 pk80 pk81 pk82 pk83 pk84 pk85 pk86 pk87 pk88 pk89
4.305686058979133257e+00 -4.151650927508828204e+01 -3.068642075959244835e+02 1.885835187806539914e-01 -4.689133462289081677e+01 -2.348576933595113658e+01 -1.280418458190977482e+01 2.038782570434104713e+00 9.997418863745862083e+00 -3.214846141838118143e+01 -1.072078806962465691e+01 7.097448248750048094e+00 9.323015578292377370e-01 8.830343242547881388e+00 1.484635638507326050e+01 -3.452465903449328266e+01 -5.896918897955318073e+01 -1.818679830080952797e+01 0.000000000000000000e+00 0.000000000000000000e+00 0.000000000000000000e+00 0.000000000000000000e+00 0.000000000000000000e+00 0.000000000000000000e+00 0.000000000000000000e+00 0.000000000000000000e+00 0.000000000000000000e+00 0.000000000000000000e+00 0.000000000000000000e+00 0.000000000000000000e+00 0.000000000000000000e+00 0.000000000000000000e+00 0.000000000000000000e+00 0.000000000000000000e+00 0.000000000000000000e+00 0.000000000000000000e+00 0.000000000000000000e+00 0.000000000000000000e+00 0.000000000000000000e+00 1.288220228176385255e-17 -6.114394112876939575e-17 -5.443529439443102685e-16 -1.457794217806999419e-15 -1.337186976433793836e-15 -7.508579821014365469e-03 -1.771366763737773076e-01 -4.901185549946278641e-01 -6.607462458916474324e-01 -1.515991378769660780e-01 1.439441637993378098e+00 3.432413982813605990e+00 2.936683185854949585e+00 -3.310350100699108733e+00 -9.701514824989622809e+00 4.789024657932554052e-01 1.660455878269713992e+01 -3.719341809316943692e+00 -2.292673176021596859e+01 2.394185943056125865e+01 -1.187217283319244032e+01 -1.537373013114060427e+01 0.000000000000000000e+00 0.000000000000000000e+00 0.000000000000000000e+00 0.000000000000000000e+00 0.000000000000000000e+00 0.000000000000000000e+00 0.000000000000000000e+00 0.000000000000000000e+00 0.000000000000000000e+00 0.000000000000000000e+00 0.000000000000000000e+00 0.000000000000000000e+00 0.000000000000000000e+00 0.000000000000000000e+00 0.000000000000000000e+00 0.000000000000000000e+00 0.000000000000000000e+00 0.000000000000000000e+00 0.000000000000000000e+00 0.000000000000000000e+00 0.000000000000000000e+00 0.000000000000000000e+00 0.000000000000000000e+00 0.000000000000000000e+00 0.000000000000000000e+00 0.000000000000000000e+00 0.000000000000000000e+00 0.000000000000000000e+00 0.000000000000000000e+00 0.000000000000000000e+00 0.000000000000000000e+00 0.000000000000000000e+00 0.000000000000000000e+00 0.000000000000000000e+00 0.000000000000000000e+00 0.000000000000000000e+00 0.000000000000000000e+00 0.000000000000000000e+00 0.000000000000000000e+00 0.000000000000000000e+00 0.000000000000000000e+00 0.000000000000000000e+00 0.000000000000000000e+00 0.000000000000000000e+00 0.000000000000000000e+00 0.000000000000000000e+00 0.000000000000000000e+00
-4.151650927508828204e+01 2.941113682240574417e+04 2.130275654927076248e+05 -7.125547895045617963e+01 3.255233621306511122e+04 1.177019085429321785e+04 8.269393003143399255e+03 -5.953866416159918117e+03 5.723990220456500538e+03 3.159806554386561038e+04 1.904157940404209967e+03 -2.453990872989854779e+03 -3.574678911865535724e+02 1.564693319540227822e+04 -1.051745983898493978e+04 2.445796836825292485e+04 4.177496893807075685e+04 1.174567436576761793e+04 0.000000000000000000e+00 0.000000000000000000e+00 0.000000000000000000e+00 0.000000000000000000e+00 0.000000000000000000e+00 0.000000000000000000e+00 0.000000000000000000e+00 0.000000000000000000e+00 0.000000000000000000e+00 0.000000000000000000e+00 0.000000000000000000e+00 0.000000000000000000e+00 0.000000000000000000e+00 0.000000000000000000e+00 0.000000000000000000e+00 0.000000000000000000e+00 0.000000000000000000e+00 0.000000000000000000e+00 0.000000000000000000e+00 0.000000000000000000e+00 0.000000000000000000e+00 9.437255480517046588e-03 2.982647459564217729e-01 1.012210748472910593e+00 2.262355877636855084e+00 4.367253282277581583e+00 7.806390623853052269e+00 1.319241852519783009e+01 2.152170362424295647e+01 3.444383209929736012e+01 5.390608776612008057e+01 8.294089762476346550e+01 1.259469314824845725e+02 1.894687650936570549e+02 2.802241411836610609e+02 4.105751221010252721e+02 6.013700524501484779e+02 8.737437586890376906e+02 1.238849124455878837e+03 1.733998047206882802e+03 2.431868611904416866e+03 3.269896305109370132e+03 2.198986010864975469e+03 0.000000000000000000e+00 0.000000000000000000e+00 0.000000000000000000e+00 0.000000000000000000e+00 0.000000000000000000e+00 0.000000000000000000e+00 0.000000000000000000e+00 0.000000000000000000e+00 0.000000000000000000e+00 0.000000000000000000e+00 0.000000000000000000e+00 0.000000000000000000e+00 0.000000000000000000e+00 0.000000000000000000e+00 0.000000000000000000e+00 0.000000000000000000e+00 0.000000000000000000e+00 0.000000000000000000e+00 0.000000000000000000e+00 0.000000000000000000e+00 0.000000000000000000e+00 0.000000000000000000e+00 0.000000000000000000e+00 0.000000000000000000e+00 0.000000000000000000e+00 0.000000000000000000e+00 0.000000000000000000e+00 0.000000000000000000e+00 0.000000000000000000e+00 0.000000000000000000e+00 0.000000000000000000e+00 0.000000000000000000e+00 0.000000000000000000e+00 0.000000000000000000e+00 0.000000000000000000e+00 0.000000000000000000e+00 0.000000000000000000e+00 0.000000000000000000e+00 0.000000000000000000e+00 0.000000000000000000e+00 0.000000000000000000e+00 0.000000000000000000e+00 0.000000000000000000e+00 0.000000000000000000e+00 0.000000000000000000e+00 0.000000000000000000e+00 0.000000000000000000e+00
-3.068642075959244835e+02 2.130275654927076248e+05 1.599906735666413093e+06 -6.231598622140801353e+02 2.444786985595223960e+05 8.783196160140937718e+04 7.035618742006675166e+04 -5.347126005785513553e+04 2.157936775178332755e+04 2.249421801119905722e+05 1.868899538258292159e+04 -1.975451729436972892e+04 -2.889663840822716793e+03 1.051319068318061618e+05 -7.617892766931200458e+04 1.771513114181075653e+05 3.025799371560219442e+05 9.993246986071314313e+04 0.000000000000000000e+00 0.000000000000000000e+00 0.000000000000000000e+00 0.000000000000000000e+00 0.000000000000000000e+00 0.000000000000000000e+00 0.000000000000000000e+00 0.000000000000000000e+00 0.000000000000000000e+00 0.000000000000000000e+00 0.000000000000000000e+00 0.000000000000000000e+00 0.000000000000000000e+00 0.000000000000000000e+00 0.000000000000000000e+00 0.000000000000000000e+00 0.000000000000000000e+00 0.000000000000000000e+00 0.000000000000000000e+00 0.000000000000000000e+00 0.000000000000000000e+00 1.032304790157591023e-01 3.142792391029691323e+00 1.018108587964435507e+01 2.179746625446740893e+01 4.048525564824742418e+01 6.993573595101096885e+01 1.147784682109810035e+02 1.825921543410153163e+02 2.858521151458871259e+02 4.391291502658370973e+02 6.649957977589064058e+02 9.961297480996460081e+02 1.481251024379794671e+03 2.169687581560935541e+03 3.153389958926910822e+03 4.586227770461232467e+03 6.622268664364868528e+03 9.344925686264985416e+03 1.302378637465212523e+04 1.817803745772409457e+04 2.431246166480585816e+04 1.626420893849719505e+04 0.000000000000000000e+00 0.000000000000000000e+00 0.000000000000000000e+00 0.000000000000000000e+00 0.000000000000000000e+00 0.000000000000000000e+00 0.000000000000000000e+00 0.000000000000000000e+00 0.000000000000000000e+00 0.000000000000000000e+00 0.000000000000000000e+00 0.000000000000000000e+00 0.000000000000000000e+00 0.000000000000000000e+00 0.000000000000000000e+00 0.000000000000000000e+00 0.000000000000000000e+00 0.000000000000000000e+00 0.000000000000000000e+00 0.000000000000000000e+00 0.000000000000000000e+00 0.000000000000000000e+00 0.000000000000000000e+00 0.000000000000000000e+00 0.000000000000000000e+00 0.000000000000000000e+00 0.000000000000000000e+00 0.000000000000000000e+00 0.000000000000000000e+00 0.000000000000000000e+00 0.000000000000000000e+00 0.000000000000000000e+00 0.000000000000000000e+00 0.000000000000000000e+00 0.000000000000000000e+00 0.000000000000000000e+00 0.000000000000000000e+00 0.000000000000000000e+00 0.000000000000000000e+00 0.000000000000000000e+00 0.000000000000000000e+00 0.000000000000000000e+00 0.000000000000000000e+00 0.000000000000000000e+00 0.000000000000000000e+00 0.000000000000000000e+00 0.000000000000000000e+00
1.885835187806539914e-01 -7.125547895045617963e+01 -6.231598622140801353e+02 4.572805584046158445e-01 -9.522387068716923864e+01 -3.906949272476173718e+01 -3.970423715876825810e+01 3.390619839836188021e+01 3.794364090948543833e+01 -6.210720171461821337e+01 -1.907444976211991516e+01 1.197542678620713374e+01 1.722478793721542889e+00 -5.405362896972647491e+00 2.548104966816983463e+01 -5.925524949131892072e+01 -1.012098049047522750e+02 -5.639507524081032130e+01 0.000000000000000000e+00 0.000000000000000000e+00 0.000000000000000000e+00 0.000000000000000000e+00 0.000000000000000000e+00 0.000000000000000000e+00 0.000000000000000000e+00 0.000000000000000000e+00 0.000000000000000000e+00 0.000000000000000000e+00 0.000000000000000000e+00 0.000000000000000000e+00 0.000000000000000000e+00 0.000000000000000000e+00 0.000000000000000000e+00 0.000000000000000000e+00 0.000000000000000000e+00 0.000000000000000000e+00 0.000000000000000000e+00 0.000000000000000000e+00 0.000000000000000000e+00 -1.255103975329083287e-06 -4.150851823311121913e-05 -1.520421064003802791e-04 -3.739712261247415590e-04 -8.068751908697158410e-04 -1.639027911188613209e-03 -3.183671512440104569e-03 -6.035149704911533727e-03 -1.137379597362175171e-02 -2.117023165000780222e-02 -3.899445616330908526e-02 -7.137774010854847084e-02 -1.309736673540789764e-01 -2.370430550239908118e-01 -4.270172556318299062e-01 -7.736699933107884508e-01 -1.395677667795221621e+00 -2.464489389224953531e+00 -4.299238551883409976e+00 -7.529870270547919908e+00 -1.254342068629437179e+01 -9.758717717485362542e+00 0.000000000000000000e+00 0.000000000000000000e+00 0.000000000000000000e+00 0.000000000000000000e+00 0.000000000000000000e+00 0.000000000000000000e+00 0.000000000000000000e+00 0.000000000000000000e+00 0.000000000000000000e+00 0.000000000000000000e+00 0.000000000000000000e+00 0.000000000000000000e+00 0.000000000000000000e+00 0.000000000000000000e+00 0.000000000000000000e+00 0.000000000000000000e+00 0.000000000000000000e+00 0.000000000000000000e+00 0.000000000000000000e+00 0.000000000000000000e+00 0.000000000000000000e+00 0.000000000000000000e+00 0.000000000000000000e+00 0.000000000000000000e+00 0.000000000000000000e+00 0.000000000000000000e+00 0.000000000000000000e+00 0.000000000000000000e+00 0.000000000000000000e+00 0.000000000000000000e+00 0.000000000000000000e+00 0.000000000000000000e+00 0.000000000000000000e+00 0.000000000000000000e+00 0.000000000000000000e+00 0.000000000000000000e+00 0.000000000000000000e+00 0.000000000000000000e+00 0.000000000000000000e+00 0.000000000000000000e+00 0.000000000000000000e+00 0.000000000000000000e+00 0.000000000000000000e+00 0.000000000000000000e+00 0.000000000000000000e+00 0.000000000000000000e+00 0.000000000000000000e+00
-4.689133462289081677e+01 3.255233621306511122e+04 2.444786985595223960e+05 -9.522387068716923864e+01 3.735832390533797297e+04 1.342143462837431616e+04 1.075099488777585248e+04 -8.170841323345664023e+03 3.297502051890427083e+03 3.437298576158223295e+04 2.855829759736358938e+03 -3.018650131994987078e+03 -4.415640232832599281e+02 1.606500628214119024e+04 -1.164075672604492866e+04 2.707015421469031935e+04 4.623666342357986287e+04 1.527049022967541350e+04 0.000000000000000000e+00 0.000000000000000000e+00 0.000000000000000000e+00 0.000000000000000000e+00 0.000000000000000000e+00 0.000000000000000000e+00 0.000000000000000000e+00 0.000000000000000000e+00 0.000000000000000000e+00 0.000000000000000000e+00 0.000000000000000000e+00 0.000000000000000000e+00 0.000000000000000000e+00 0.000000000000000000e+00 0.000000000000000000e+00 0.000000000000000000e+00 0.000000000000000000e+00 0.000000000000000000e+00 0.000000000000000000e+00 0.000000000000000000e+00 0.000000000000000000e+00 1.577445272204355473e-02 4.802441145306305947e-01 1.555752326238821537e+00 3.330829268349563499e+00 6.186474743235789830e+00 1.068674650024756723e+01 1.753907893836566245e+01 2.790155905048858642e+01 4.368051682852869533e+01 6.710248839087664408e+01 1.016167402507560098e+02 1.522166879998707714e+02 2.263471454975096151e+02 3.315458235131615083e+02 4.818635086800839531e+02 7.008127234071999965e+02 1.011936251334714029e+03 1.427980280964246504e+03 1.990139970168906530e+03 2.777751253218835700e+03 3.715140922957734347e+03 2.485302765306321362e+03 0.000000000000000000e+00 0.000000000000000000e+00 0.000000000000000000e+00 0.000000000000000000e+00 0.000000000000000000e+00 0.000000000000000000e+00 0.000000000000000000e+00 0.000000000000000000e+00 0.000000000000000000e+00 0.000000000000000000e+00 0.000000000000000000e+00 0.000000000000000000e+00 0.000000000000000000e+00 0.000000000000000000e+00 0.000000000000000000e+00 0.000000000000000000e+00 0.000000000000000000e+00 0.000000000000000000e+00 0.000000000000000000e+00 0.000000000000000000e+00 0.000000000000000000e+00 0.000000000000000000e+00 0.000000000000000000e+00 0.000000000000000000e+00 0.000000000000000000e+00 0.000000000000000000e+00 0.000000000000000000e+00 0.000000000000000000e+00 0.000000000000000000e+00 0.000000000000000000e+00 0.000000000000000000e+00 0.000000000000000000e+00 0.000000000000000000e+00 0.000000000000000000e+00 0.000000000000000000e+00 0.000000000000000000e+00 0.000000000000000000e+00 0.000000000000000000e+00 0.000000000000000000e+00 0.000000000000000000e+00 0.000000000000000000e+00 0.000000000000000000e+00 0.000000000000000000e+00 0.000000000000000000e+00 0.000000000000000000e+00 0.000000000000000000e+00 0.000000000000000000e+00
-2.348576933595113658e+01 1.177019085429321785e+04 8.783196160140937718e+04 -3.906949272476173718e+01 1.342143462837431616e+04 5.464670203470667730e+03 3.783314458858289981e+03 -2.679908436271814480e+03 4.420533943363202525e+02 1.190578392308504408e+04 1.368322612030927303e+03 -1.243466703982961690e+03 -1.775109988582121332e+02 4.510292270445236682e+03 -4.209035181289224965e+03 9.787957444177980506e+03 1.671813504871669647e+04 5.373741414896833703e+03 0.000000000000000000e+00 0.000000000000000000e+00 0.000000000000000000e+00 0.000000000000000000e+00 0.000000000000000000e+00 0.000000000000000000e+00 0.000000000000000000e+00 0.000000000000000000e+00 0.000000000000000000e+00 0.000000000000000000e+00 0.000000000000000000e+00 0.000000000000000000e+00 0.000000000000000000e+00 0.000000000000000000e+00 0.000000000000000000e+00 0.000000000000000000e+00 0.000000000000000000e+00 0.000000000000000000e+00 0.000000000000000000e+00 0.000000000000000000e+00 0.000000000000000000e+00 -8.328860575398921648e-03 -2.375103781577237450e-01 -6.974258417396305143e-01 -1.331315644897392181e+00 -2.166996898351057244e+00 -3.205210617919354021e+00 -4.387504484551398853e+00 -5.596399779792097462e+00 -6.558678480436426206e+00 -6.707339846782418569e+00 -5.095417906906799743e+00 -6.079663206996478719e-02 1.138975985248383260e+01 3.323444506034039847e+01 7.228328128787642015e+01 1.403713866887136419e+02 2.536340708611084551e+02 4.289832712319064285e+02 6.968217524306031692e+02 1.113424747561053437e+03 1.674047898927731922e+03 1.209575039294012413e+03 0.000000000000000000e+00 0.000000000000000000e+00 0.000000000000000000e+00 0.000000000000000000e+00 0.000000000000000000e+00 0.000000000000000000e+00 0.000000000000000000e+00 0.000000000000000000e+00 0.000000000000000000e+00 0.000000000000000000e+00 0.000000000000000000e+00 0.000000000000000000e+00 0.000000000000000000e+00 0.000000000000000000e+00 0.000000000000000000e+00 0.000000000000000000e+00 0.000000000000000000e+00 0.000000000000000000e+00 0.000000000000000000e+00 0.000000000000000000e+00 0.000000000000000000e+00 0.000000000000000000e+00 0.000000000000000000e+00 0.000000000000000000e+00 0.000000000000000000e+00 0.000000000000000000e+00 0.000000000000000000e+00 0.000000000000000000e+00 0.000000000000000000e+00 0.000000000000000000e+00 0.000000000000000000e+00 0.000000000000000000e+00 0.000000000000000000e+00 0.000000000000000000e+00 0.000000000000000000e+00 0.000000000000000000e+00 0.000000000000000000e+00 0.000000000000000000e+00 0.000000000000000000e+00 0.000000000000000000e+00 0.000000000000000000e+00 0.000000000000000000e+00 0.000000000000000000e+00 0.000000000000000000e+00 0.000000000000000000e+00 0.000000000000000000e+00 0.000000000000000000e+00
-1.280418458190977482e+01 8.269393003143399255e+03 7.035618742006675166e+04 -3.970423715876825810e+01 1.075099488777585248e+04 3.783314458858289981e+03 4.247057841446233397e+03 -3.575183668070124440e+03 -2.043426152756856027e+03 8.162996531038475041e+03 1.435173460335605569e+03 -1.053794950828800438e+03 -1.557207144198349624e+02 2.892634091567035284e+03 -2.957145428567274394e+03 6.876733589619529084e+03 1.174567436576761793e+04 6.032432900364635316e+03 0.000000000000000000e+00 0.000000000000000000e+00 0.000000000000000000e+00 0.000000000000000000e+00 0.000000000000000000e+00 0.000000000000000000e+00 0.000000000000000000e+00 0.000000000000000000e+00 0.000000000000000000e+00 0.000000000000000000e+00 0.000000000000000000e+00 0.000000000000000000e+00 0.000000000000000000e+00 0.000000000000000000e+00 0.000000000000000000e+00 0.000000000000000000e+00 0.000000000000000000e+00 0.000000000000000000e+00 0.000000000000000000e+00 0.000000000000000000e+00 0.000000000000000000e+00 9.061570642346391050e-03 2.643769630090666567e-01 8.081834936616884013e-01 1.630332099769719267e+00 2.854567368962385832e+00 4.655817318151144413e+00 7.241630757043050259e+00 1.095865298948926458e+01 1.636756286258903614e+01 2.410157496854205306e+01 3.512509028075739081e+01 5.082511289706356905e+01 7.328375132977511441e+01 1.045130436037451744e+02 1.484317752726121000e+02 2.114278604418815348e+02 2.996248800650267867e+02 4.166421923794871418e+02 5.728482447935294886e+02 7.873496288224682758e+02 1.034827737132314269e+03 6.801543864254406344e+02 0.000000000000000000e+00 0.000000000000000000e+00 0.000000000000000000e+00 0.000000000000000000e+00 0.000000000000000000e+00 0.000000000000000000e+00 0.000000000000000000e+00 0.000000000000000000e+00 0.000000000000000000e+00 0.000000000000000000e+00 0.000000000000000000e+00 0.000000000000000000e+00 0.000000000000000000e+00 0.000000000000000000e+00 0.000000000000000000e+00 0.000000000000000000e+00 0.000000000000000000e+00 0.000000000000000000e+00 0.000000000000000000e+00 0.000000000000000000e+00 0.000000000000000000e+00 0.000000000000000000e+00 0.000000000000000000e+00 0.000000000000000000e+00 0.000000000000000000e+00 0.000000000000000000e+00 0.000000000000000000e+00 0.000000000000000000e+00 0.000000000000000000e+00 0.000000000000000000e+00 0.000000000000000000e+00 0.000000000000000000e+00 0.000000000000000000e+00 0.000000000000000000e+00 0.000000000000000000e+00 0.000000000000000000e+00 0.000000000000000000e+00 0.000000000000000000e+00 0.000000000000000000e+00 0.000000000000000000e+00 0.000000000000000000e+00 0.000000000000000000e+00 0.000000000000000000e+00 0.000000000000000000e+00 0.000000000000000000e+00 0.000000000000000000e+00 0.000000000000000000e+00
2.038782570434104713e+00 -5.953866416159918117e+03 -5.347126005785513553e+04 3.390619839836188021e+01 -8.170841323345664023e+03 -2.679908436271814480e+03 -3.575183668070124440e+03 3.635330889794381619e+03 2.998285345798554317e+03 -5.725831752925456385e+03 -1.348987065097697496e+03 8.798496390620829288e+02 1.325894764617730459e+02 -1.849088024443792165e+03 2.129110183559406778e+03 -4.951167897879692646e+03 -8.456748411269280041e+03 -5.078116755002421996e+03 -0.000000000000000000e+00 -0.000000000000000000e+00 -0.000000000000000000e+00 -0.000000000000000000e+00 -0.000000000000000000e+00 -0.000000000000000000e+00 -0.000000000000000000e+00 -0.000000000000000000e+00 -0.000000000000000000e+00 -0.000000000000000000e+00 -0.000000000000000000e+00 -0.000000000000000000e+00 -0.000000000000000000e+00 -0.000000000000000000e+00 -0.000000000000000000e+00 -0.000000000000000000e+00 -0.000000000000000000e+00 -0.000000000000000000e+00 -0.000000000000000000e+00 -0.000000000000000000e+00 -0.000000000000000000e+00 -1.263284965107785984e-02 -3.531055730162438455e-01 -1.021712152959230790e+00 -1.953462746535817418e+00 -3.251534769977430184e+00 -5.204712772923752340e+00 -8.581146645518357374e+00 -1.292960133877490314e+01 -1.913464849970935333e+01 -2.778899093779371299e+01 -3.944539049796446761e+01 -5.488032450903852322e+01 -7.571834095556157251e+01 -1.021238620242992283e+02 -1.389547534096404036e+02 -1.957590739400757514e+02 -2.769288478270985934e+02 -3.377278702022330208e+02 -4.068414165389992831e+02 -6.252821054128056630e+02 -6.778149066520958286e+02 -3.961256504466056754e+02 -0.000000000000000000e+00 -0.000000000000000000e+00 -0.000000000000000000e+00 -0.000000000000000000e+00 -0.000000000000000000e+00 -0.000000000000000000e+00 -0.000000000000000000e+00 -0.000000000000000000e+00 -0.000000000000000000e+00 -0.000000000000000000e+00 -0.000000000000000000e+00 -0.000000000000000000e+00 -0.000000000000000000e+00 -0.000000000000000000e+00 -0.000000000000000000e+00 -0.000000000000000000e+00 -0.000000000000000000e+00 -0.000000000000000000e+00 -0.000000000000000000e+00 -0.000000000000000000e+00 -0.000000000000000000e+00 -0.000000000000000000e+00 -0.000000000000000000e+00 -0.000000000000000000e+00 -0.000000000000000000e+00 -0.000000000000000000e+00 -0.000000000000000000e+00 -0.000000000000000000e+00 -0.000000000000000000e+00 -0.000000000000000000e+00 -0.000000000000000000e+00 -0.000000000000000000e+00 -0.000000000000000000e+00 -0.000000000000000000e+00 -0.000000000000000000e+00 -0.000000000000000000e+00 -0.000000000000000000e+00 -0.000000000000000000e+00 -0.000000000000000000e+00 -0.000000000000000000e+00 -0.000000000000000000e+00 -0.000000000000000000e+00 -0.000000000000000000e+00 -0.000000000000000000e+00 -0.000000000000000000e+00 -0.000000000000000000e+00 -0.000000000000000000e+00
9.997418863745862083e+00 5.723990220456500538e+03 2.157936775178332755e+04 3.794364090948543833e+01 3.297502051890427083e+03 4.420533943363202525e+02 -2.043426152756856027e+03 2.998285345798554317e+03 1.122115289439669141e+04 8.766903760847575541e+03 -2.369499952229502014e+03 6.572810620483716093e+02 9.400586787637601560e+01 8.855335255661493647e+03 -2.046906164352387123e+03 4.760005456350218992e+03 8.130237029098007952e+03 -2.902440139397391249e+03 0.000000000000000000e+00 0.000000000000000000e+00 0.000000000000000000e+00 0.000000000000000000e+00 0.000000000000000000e+00 0.000000000000000000e+00 0.000000000000000000e+00 0.000000000000000000e+00 0.000000000000000000e+00 0.000000000000000000e+00 0.000000000000000000e+00 0.000000000000000000e+00 0.000000000000000000e+00 0.000000000000000000e+00 0.000000000000000000e+00 0.000000000000000000e+00 0.000000000000000000e+00 0.000000000000000000e+00 0.000000000000000000e+00 0.000000000000000000e+00 0.000000000000000000e+00 6.561498192340942462e-03 2.123928672774673954e-01 7.103579788459961630e-01 1.524729624147108664e+00 2.802578230468113496e+00 5.025468813955539460e+00 9.404900204164945876e+00 1.471401730039007738e+01 2.232368338235612626e+01 3.293629059622801947e+01 4.722051260951616314e+01 6.609578248819849478e+01 9.104561514383848930e+01 1.214982788844295385e+02 1.601843060438427244e+02 2.115341505953144576e+02 2.697873307112890302e+02 2.800874248043697889e+02 2.388574034186472659e+02 2.021423637796107471e+02 -1.278554716096089550e+02 -2.749609005638386066e+02 0.000000000000000000e+00 0.000000000000000000e+00 0.000000000000000000e+00 0.000000000000000000e+00 0.000000000000000000e+00 0.000000000000000000e+00 0.000000000000000000e+00 0.000000000000000000e+00 0.000000000000000000e+00 0.000000000000000000e+00 0.000000000000000000e+00 0.000000000000000000e+00 0.000000000000000000e+00 0.000000000000000000e+00 0.000000000000000000e+00 0.000000000000000000e+00 0.000000000000000000e+00 0.000000000000000000e+00 0.000000000000000000e+00 0.000000000000000000e+00 0.000000000000000000e+00 0.000000000000000000e+00 0.000000000000000000e+00 0.000000000000000000e+00 0.000000000000000000e+00 0.000000000000000000e+00 0.000000000000000000e+00 0.000000000000000000e+00 0.000000000000000000e+00 0.000000000000000000e+00 0.000000000000000000e+00 0.000000000000000000e+00 0.000000000000000000e+00 0.000000000000000000e+00 0.000000000000000000e+00 0.000000000000000000e+00 0.000000000000000000e+00 0.000000000000000000e+00 0.000000000000000000e+00 0.000000000000000000e+00 0.000000000000000000e+00 0.000000000000000000e+00 0.000000000000000000e+00 0.000000000000000000e+00 0.000000000000000000e+00 0.000000000000000000e+00 0.000000000000000000e+00
-3.214846141838118143e+01 3.159806554386561038e+04 2.249421801119905722e+05 -6.210720171461821337e+01 3.437298576158223295e+04 1.190578392308504408e+04 8.162996531038475041e+03 -5.725831752925456385e+03 8.766903760847575541e+03 3.485391561758209718e+04 1.244107059814605691e+03 -2.295436093408607121e+03 -3.377164781499853916e+02 1.891839445739533403e+04 -1.129950832414089018e+04 2.627659353109741278e+04 4.488123715070109029e+04 1.159455102279239327e+04 0.000000000000000000e+00 0.000000000000000000e+00 0.000000000000000000e+00 0.000000000000000000e+00 0.000000000000000000e+00 0.000000000000000000e+00 0.000000000000000000e+00 0.000000000000000000e+00 0.000000000000000000e+00 0.000000000000000000e+00 0.000000000000000000e+00 0.000000000000000000e+00 0.000000000000000000e+00 0.000000000000000000e+00 0.000000000000000000e+00 0.000000000000000000e+00 0.000000000000000000e+00 0.000000000000000000e+00 0.000000000000000000e+00 0.000000000000000000e+00 0.000000000000000000e+00 1.849700309917946123e-02 5.610602554421633137e-01 1.799449119569954680e+00 3.805031220895162214e+00 6.983580790843660679e+00 1.214872035589265131e+01 2.085739090247575334e+01 3.311517439535921170e+01 5.151956370229497395e+01 7.843312959243060334e+01 1.171178753824032412e+02 1.722664334478532453e+02 2.511817702702298618e+02 3.594857602688060751e+02 5.119456960474093421e+02 7.341441338996521608e+02 1.044007007368473069e+03 1.399065720790044224e+03 1.845992270380216269e+03 2.554570604537043891e+03 3.147012903000982078e+03 1.989999003303132895e+03 0.000000000000000000e+00 0.000000000000000000e+00 0.000000000000000000e+00 0.000000000000000000e+00 0.000000000000000000e+00 0.000000000000000000e+00 0.000000000000000000e+00 0.000000000000000000e+00 0.000000000000000000e+00 0.000000000000000000e+00 0.000000000000000000e+00 0.000000000000000000e+00 0.000000000000000000e+00 0.000000000000000000e+00 0.000000000000000000e+00 0.000000000000000000e+00 0.000000000000000000e+00 0.000000000000000000e+00 0.000000000000000000e+00 0.000000000000000000e+00 0.000000000000000000e+00 0.000000000000000000e+00 0.000000000000000000e+00 0.000000000000000000e+00 0.000000000000000000e+00 0.000000000000000000e+00 0.000000000000000000e+00 0.000000000000000000e+00 0.000000000000000000e+00 0.000000000000000000e+00 0.000000000000000000e+00 0.000000000000000000e+00 0.000000000000000000e+00 0.000000000000000000e+00 0.000000000000000000e+00 0.000000000000000000e+00 0.000000000000000000e+00 0.000000000000000000e+00 0.000000000000000000e+00 0.000000000000000000e+00 0.000000000000000000e+00 0.000000000000000000e+00 0.000000000000000000e+00 0.000000000000000000e+00 0.000000000000000000e+00 0.000000000000000000e+00 0.000000000000000000e+00
-1.072078806962465691e+01 1.904157940404209967e+03 1.868899538258292159e+04 -1.907444976211991516e+01 2.855829759736358483e+03 1.368322612030927303e+03 1.435173460335605569e+03 -1.348987065097697496e+03 -2.369499952229502014e+03 1.244107059814605691e+03 9.032270294596230542e+02 -4.855418816193525231e+02 -6.909023921520467582e+01 -8.052455417785826057e+02 -6.809292951243158996e+02 1.583476183045220978e+03 2.704626458130223455e+03 2.038490626468729943e+03 0.000000000000000000e+00 0.000000000000000000e+00 0.000000000000000000e+00 0.000000000000000000e+00 0.000000000000000000e+00 0.000000000000000000e+00 0.000000000000000000e+00 0.000000000000000000e+00 0.000000000000000000e+00 0.000000000000000000e+00 0.000000000000000000e+00 0.000000000000000000e+00 0.000000000000000000e+00 0.000000000000000000e+00 0.000000000000000000e+00 0.000000000000000000e+00 0.000000000000000000e+00 0.000000000000000000e+00 0.000000000000000000e+00 0.000000000000000000e+00 0.000000000000000000e+00 -3.544377291635557314e-03 -1.033733975609251454e-01 -3.069314457252779738e-01 -5.881416046613032744e-01 -9.661654614956457499e-01 -1.594965171672833693e+00 -2.979131307334488721e+00 -4.388180475625564902e+00 -6.222883115864198622e+00 -8.520082873474979834e+00 -1.109819355868503621e+01 -1.366966080591500798e+01 -1.595524988969237334e+01 -1.656387716468073279e+01 -1.534803847764423423e+01 -1.230296460407131853e+01 -2.487657239298286083e+00 4.626840405065401995e+01 1.355351432846121611e+02 2.260839582832631720e+02 4.866254862582763963e+02 4.096744116432574856e+02 0.000000000000000000e+00 0.000000000000000000e+00 0.000000000000000000e+00 0.000000000000000000e+00 0.000000000000000000e+00 0.000000000000000000e+00 0.000000000000000000e+00 0.000000000000000000e+00 0.000000000000000000e+00 0.000000000000000000e+00 0.000000000000000000e+00 0.000000000000000000e+00 0.000000000000000000e+00 0.000000000000000000e+00 0.000000000000000000e+00 0.000000000000000000e+00 0.000000000000000000e+00 0.000000000000000000e+00 0.000000000000000000e+00 0.000000000000000000e+00 0.000000000000000000e+00 0.000000000000000000e+00 0.000000000000000000e+00 0.000000000000000000e+00 0.000000000000000000e+00 0.000000000000000000e+00 0.000000000000000000e+00 0.000000000000000000e+00 0.000000000000000000e+00 0.000000000000000000e+00 0.000000000000000000e+00 0.000000000000000000e+00 0.000000000000000000e+00 0.000000000000000000e+00 0.000000000000000000e+00 0.000000000000000000e+00 0.000000000000000000e+00 0.000000000000000000e+00 0.000000000000000000e+00 0.000000000000000000e+00 0.000000000000000000e+00 0.000000000000000000e+00 0.000000000000000000e+00 0.000000000000000000e+00 0.000000000000000000e+00 0.000000000000000000e+00 0.000000000000000000e+00
7.097448248750048094e+00 -2.453990872989854779e+03 -1.975451729436972892e+04 1.197542678620713374e+01 -3.018650131994987532e+03 -1.243466703982961690e+03 -1.053794950828800438e+03 8.798496390620829288e+02 6.572810620483716093e+02 -2.295436093408606666e+03 -4.855418816193524663e+02 3.419089669742397746e+02 4.901282254473896671e+01 -5.286744479426414500e+02 8.775502493410668876e+02 -2.040711024194195716e+03 -3.485597755451700777e+03 -1.496788498989003983e+03 0.000000000000000000e+00 0.000000000000000000e+00 0.000000000000000000e+00 0.000000000000000000e+00 0.000000000000000000e+00 0.000000000000000000e+00 0.000000000000000000e+00 0.000000000000000000e+00 0.000000000000000000e+00 0.000000000000000000e+00 0.000000000000000000e+00 0.000000000000000000e+00 0.000000000000000000e+00 0.000000000000000000e+00 0.000000000000000000e+00 0.000000000000000000e+00 0.000000000000000000e+00 0.000000000000000000e+00 0.000000000000000000e+00 0.000000000000000000e+00 0.000000000000000000e+00 1.214820827943049976e-03 3.383428078887223966e-02 9.263070848268532831e-02 1.585961971428813122e-01 2.232654752270288867e-01 3.310574701808766673e-01 6.805450149200414911e-01 8.852941354239707294e-01 1.039700779761381089e+00 1.056124403941463674e+00 6.870126563543742515e-01 -4.377482550275558770e-01 -2.795812282726721332e+00 -7.387407606889592415e+00 -1.491834437844934413e+01 -2.644940296599296659e+01 -4.531136876787083878e+01 -8.702400738057586693e+01 -1.539800605752040781e+02 -2.308606698895838463e+02 -3.933243923075717703e+02 -3.016963411850916259e+02 0.000000000000000000e+00 0.000000000000000000e+00 0.000000000000000000e+00 0.000000000000000000e+00 0.000000000000000000e+00 0.000000000000000000e+00 0.000000000000000000e+00 0.000000000000000000e+00 0.000000000000000000e+00 0.000000000000000000e+00 0.000000000000000000e+00 0.000000000000000000e+00 0.000000000000000000e+00 0.000000000000000000e+00 0.000000000000000000e+00 0.000000000000000000e+00 0.000000000000000000e+00 0.000000000000000000e+00 0.000000000000000000e+00 0.000000000000000000e+00 0.000000000000000000e+00 0.000000000000000000e+00 0.000000000000000000e+00 0.000000000000000000e+00 0.000000000000000000e+00 0.000000000000000000e+00 0.000000000000000000e+00 0.000000000000000000e+00 0.000000000000000000e+00 0.000000000000000000e+00 0.000000000000000000e+00 0.000000000000000000e+00 0.000000000000000000e+00 0.000000000000000000e+00 0.000000000000000000e+00 0.000000000000000000e+00 0.000000000000000000e+00 0.000000000000000000e+00 0.000000000000000000e+00 0.000000000000000000e+00 0.000000000000000000e+00 0.000000000000000000e+00 0.000000000000000000e+00 0.000000000000000000e+00 0.000000000000000000e+00 0.000000000000000000e+00 0.000000000000000000e+00
9.323015578292377370e-01 -3.574678911865535724e+02 -2.889663840822716793e+03 1.722478793721542889e+00 -4.415640232832599850e+02 -1.775109988582121332e+02 -1.557207144198349624e+02 1.325894764617730459e+02 9.400586787637601560e+01 -3.377164781499853348e+02 -6.909023921520469003e+01 4.901282254473897382e+01 7.061137342694768115e+00 -8.565335549586461639e+01 1.278309713760220063e+02 -2.972662508117106768e+02 -5.077399809754935518e+02 -2.211824740806017360e+02 0.000000000000000000e+00 0.000000000000000000e+00 0.000000000000000000e+00 0.000000000000000000e+00 0.000000000000000000e+00 0.000000000000000000e+00 0.000000000000000000e+00 0.000000000000000000e+00 0.000000000000000000e+00 0.000000000000000000e+00 0.000000000000000000e+00 0.000000000000000000e+00 0.000000000000000000e+00 0.000000000000000000e+00 0.000000000000000000e+00 0.000000000000000000e+00 0.000000000000000000e+00 0.000000000000000000e+00 0.000000000000000000e+00 0.000000000000000000e+00 0.000000000000000000e+00 8.578636562514315291e-05 2.360718897917137710e-03 6.071295256818778040e-03 9.064512440461089740e-03 9.566948688170314602e-03 1.147519692021398661e-02 3.572657663087797086e-02 3.510170299307451697e-02 1.616150042741515067e-02 -3.628127087486562180e-02 -1.580949439564961756e-01 -4.025769765115728149e-01 -8.420960994475485961e-01 -1.607987241978986681e+00 -2.820876524634737148e+00 -4.674453067442831511e+00 -7.624044535104788523e+00 -1.341796736135815848e+01 -2.252186110962986731e+01 -3.373548126704227457e+01 -5.503398334735597075e+01 -4.141416876535932090e+01 0.000000000000000000e+00 0.000000000000000000e+00 0.000000000000000000e+00 0.000000000000000000e+00 0.000000000000000000e+00 0.000000000000000000e+00 0.000000000000000000e+00 0.000000000000000000e+00 0.000000000000000000e+00 0.000000000000000000e+00 0.000000000000000000e+00 0.000000000000000000e+00 0.000000000000000000e+00 0.000000000000000000e+00 0.000000000000000000e+00 0.000000000000000000e+00 0.000000000000000000e+00 0.000000000000000000e+00 0.000000000000000000e+00 0.000000000000000000e+00 0.000000000000000000e+00 0.000000000000000000e+00 0.000000000000000000e+00 0.000000000000000000e+00 0.000000000000000000e+00 0.000000000000000000e+00 0.000000000000000000e+00 0.000000000000000000e+00 0.000000000000000000e+00 0.000000000000000000e+00 0.000000000000000000e+00 0.000000000000000000e+00 0.000000000000000000e+00 0.000000000000000000e+00 0.000000000000000000e+00 0.000000000000000000e+00 0.000000000000000000e+00 0.000000000000000000e+00 0.000000000000000000e+00 0.000000000000000000e+00 0.000000000000000000e+00 0.000000000000000000e+00 0.000000000000000000e+00 0.000000000000000000e+00 0.000000000000000000e+00 0.000000000000000000e+00 0.000000000000000000e+00
8.830343242547881388e+00 1.564693319540227822e+04 1.051319068318061618e+05 -5.405362896972647491e+00 1.606500628214119024e+04 4.510292270445236682e+03 2.892634091567035284e+03 -1.849088024443791937e+03 8.855335255661493647e+03 1.891839445739533403e+04 -8.052455417785829468e+02 -5.286744479426414500e+02 -8.565335549586461639e+01 1.325753031199615543e+04 -5.595363160547927691e+03 1.301181247988266114e+04 2.222457949044798806e+04 4.108637488380263676e+03 0.000000000000000000e+00 0.000000000000000000e+00 0.000000000000000000e+00 0.000000000000000000e+00 0.000000000000000000e+00 0.000000000000000000e+00 0.000000000000000000e+00 0.000000000000000000e+00 0.000000000000000000e+00 0.000000000000000000e+00 0.000000000000000000e+00 0.000000000000000000e+00 0.000000000000000000e+00 0.000000000000000000e+00 0.000000000000000000e+00 0.000000000000000000e+00 0.000000000000000000e+00 0.000000000000000000e+00 0.000000000000000000e+00 0.000000000000000000e+00 0.000000000000000000e+00 2.657419172307207839e-02 7.771837398392058560e-01 2.362454818429969627e+00 4.714530718945793453e+00 8.161373387944431457e+00 1.370389337280608366e+01 2.392206380214307870e+01 3.668903066467929364e+01 5.494701469234059488e+01 8.041096278105271722e+01 1.146964093905417315e+02 1.600491581000011649e+02 2.206456481978893578e+02 2.960520247821312978e+02 3.967332340318288288e+02 5.421469069831513252e+02 7.319900213307855665e+02 8.346367626516748714e+02 8.885057213408858843e+02 1.169822897219503830e+03 8.563901534833919413e+02 2.628900291143303320e+02 0.000000000000000000e+00 0.000000000000000000e+00 0.000000000000000000e+00 0.000000000000000000e+00 0.000000000000000000e+00 0.000000000000000000e+00 0.000000000000000000e+00 0.000000000000000000e+00 0.000000000000000000e+00 0.000000000000000000e+00 0.000000000000000000e+00 0.000000000000000000e+00 0.000000000000000000e+00 0.000000000000000000e+00 0.000000000000000000e+00 0.000000000000000000e+00 0.000000000000000000e+00 0.000000000000000000e+00 0.000000000000000000e+00 0.000000000000000000e+00 0.000000000000000000e+00 0.000000000000000000e+00 0.000000000000000000e+00 0.000000000000000000e+00 0.000000000000000000e+00 0.000000000000000000e+00 0.000000000000000000e+00 0.000000000000000000e+00 0.000000000000000000e+00 0.000000000000000000e+00 0.000000000000000000e+00 0.000000000000000000e+00 0.000000000000000000e+00 0.000000000000000000e+00 0.000000000000000000e+00 0.000000000000000000e+00 0.000000000000000000e+00 0.000000000000000000e+00 0.000000000000000000e+00 0.000000000000000000e+00 0.000000000000000000e+00 0.000000000000000000e+00 0.000000000000000000e+00 0.000000000000000000e+00 0.000000000000000000e+00 0.000000000000000000e+00 0.000000000000000000e+00
