8.996563679705409378e-01 8.261843987562613734e+00 9.541811622485920452e+01 -2.551767721475102502e-02 8.406009000598618996e+00 3.701653894222098451e+00 2.419084187605833325e+00 2.728579001472259513e+00 6.560574715566729331e-01 1.031617418627941873e+01 3.020596114884805949e+00
8.261843987562613734e+00 6.532176885416284676e+03 7.351972281240460870e+04 -1.039133724733622266e+01 6.476835596148344848e+03 2.027978714218815867e+03 1.666941264044797435e+03 1.381930609866864415e+03 1.299949968124838051e+03 8.156420608642224579e+03 2.081430787614784549e+03
9.541811622485920452e+01 7.351972281240460870e+04 8.536186338353147730e+05 -1.412445052392531011e+02 7.520087592369495542e+04 2.347325607039266106e+04 2.210461828020077883e+04 1.824002173818775555e+04 1.092045007212348901e+04 9.180060381211580534e+04 2.760099232605356156e+04
-2.551767721475102502e-02 -1.039133724733622266e+01 -1.412445052392531011e+02 4.700933806397333825e-02 -1.244315680607549091e+01 -4.523443622048382906e+00 -5.756728611358281178e+00 -4.722747239836535549e+00 2.518926995865329310e+00 -1.297517179376311169e+01 -7.188154991465866672e+00
8.406009000598618996e+00 6.476835596148344848e+03 7.520087592369495542e+04 -1.244315680607549091e+01 6.624939423220224853e+03 2.067913406884781125e+03 1.947341108477626221e+03 1.606883398756248880e+03 9.620542222876315464e+02 8.087318555802594346e+03 2.431552823485870704e+03
3.701653894222098451e+00 2.027978714218815867e+03 2.347325607039266106e+04 -4.523443622048382906e+00 2.067913406884781125e+03 7.616243907034262293e+02 6.003946484208762513e+02 4.617832053267723609e+02 2.170788564539905110e+02 2.532241191366326802e+03 7.496844267386150023e+02
2.419084187605833325e+00 1.666941264044797435e+03 2.210461828020077883e+04 -5.756728611358281178e+00 1.947341108477626221e+03 6.003946484208762513e+02 8.527429060286266349e+02 6.960528512776427306e+02 -1.425792742969634617e+02 2.081430787614784549e+03 1.064779771676697237e+03
2.728579001472259513e+00 1.381930609866864415e+03 1.824002173818775555e+04 -4.722747239836535549e+00 1.606883398756248880e+03 4.617832053267723609e+02 6.960528512776427306e+02 6.551793895323406787e+02 -1.749316610402823358e+02 1.725551451491854323e+03 8.691283044616055804e+02
6.560574715566729331e-01 1.299949968124838051e+03 1.092045007212348901e+04 2.518926995865329310e+00 9.620542222876315464e+02 2.170788564539905110e+02 -1.425792742969634617e+02 -1.749316610402823358e+02 1.014529271134716168e+03 1.623186098020296640e+03 -1.780320024458268335e+02
1.031617418627941873e+01 8.156420608642224579e+03 9.180060381211580534e+04 -1.297517179376311169e+01 8.087318555802594346e+03 2.532241191366326802e+03 2.081430787614784549e+03 1.725551451491854323e+03 1.623186098020296640e+03 1.018453699464446618e+04 2.598984269618677445e+03
3.020596114884805949e+00 2.081430787614784549e+03 2.760099232605356156e+04 -7.188154991465866672e+00 2.431552823485870704e+03 7.496844267386150023e+02 1.064779771676697237e+03 8.691283044616055804e+02 -1.780320024458268335e+02 2.598984269618677445e+03 1.329540186328819800e+03
