0.1167087024714043574924460244801593944430351257324218750000000000 -0.3969324019701283567940208740765228867530822753906250000000000000 -3.4530202199091459824842331727268174290657043457031250000000000000 0.0019363893749229799806643725901267316658049821853637695312500000 -0.4281636763079729735004264057351974770426750183105468750000000000 -0.2470278287018132790109348206897266209125518798828125000000000000 -0.1194893855958871625722039766515081282705068588256835937500000000 0.0686968956404638841917176250717602670192718505859375000000000000 0.1466026783515368414612112246686592698097229003906250000000000000 -0.5320482747372650145223360595991834998130798339843750000000000000 -0.1601635974794818617628067158875637687742710113525390625000000000
-0.3969324019701283567940208740765228867530822753906250000000000000 706.9135464929489671703777275979518890380859375000000000000000000000 6021.8170704906287937774322926998138427734375000000000000000000000000 -1.3126101186693932554305774829117581248283386230468750000000000000 746.6864283300405986665282398462295532226562500000000000000000000000 228.0427285612734067399287596344947814941406250000000000000000000000 192.2815197412914756114332703873515129089355468750000000000000000000 160.1128921121988639697519829496741294860839843750000000000000000000 135.7446417082003904397424776107072830200195312500000000000000000000 947.5470657804341954033588990569114685058593750000000000000000000000 257.7341893341134664296987466514110565185546875000000000000000000000
-3.4530202199091459824842331727268174290657043457031250000000000000 6021.8170704906287937774322926998138427734375000000000000000000000000 53207.5426489336459781043231487274169921875000000000000000000000000000 -13.6237920228402273892243101727217435836791992187500000000000000000 6597.5683943374278896953910589218139648437500000000000000000000000000 2007.2780946535276598297059535980224609375000000000000000000000000000 1944.7707835661406079452717676758766174316406250000000000000000000000 1634.9191129206756158964708447456359863281250000000000000000000000000 785.3111630304537129632080905139446258544921875000000000000000000000 8071.6448625402563266106881201267242431640625000000000000000000000000 2606.7711656194619536108803004026412963867187500000000000000000000000
0.0019363893749229799806643725901267316658049821853637695312500000 -1.3126101186693932554305774829117581248283386230468750000000000000 -13.6237920228402273892243101727217435836791992187500000000000000000 0.0071587824349853019373357554400172375608235597610473632812500000 -1.6893074775878316184929417431703768670558929443359375000000000000 -0.6361326500830480901171881669142749160528182983398437500000000000 -0.7491932419527271846959592949133366346359252929687500000000000000 -0.6374987630081898615230784344021230936050415039062500000000000000 0.4480009967486561217597795803158078342676162719726562500000000000 -1.7594228779873815060597053161473013460636138916015625000000000000 -1.0042187784300977693163758885930292308330535888671875000000000000
-0.4281636763079729735004264057351974770426750183105468750000000000 746.6864283300405986665282398462295532226562500000000000000000000000 6597.5683943374278896953910589218139648437500000000000000000000000000 -1.6893074775878316184929417431703768670558929443359375000000000000 818.0777865491692182331462390720844268798828125000000000000000000000 248.8961875821073590486776083707809448242187500000000000000000000000 241.1454770716412951969687128439545631408691406250000000000000000000 202.7248418118744268667796859517693519592285156250000000000000000000 97.3761209593077552426620968617498874664306640625000000000000000000 1000.8586449252030661227763630449771881103515625000000000000000000000 323.2314479741488071340427268296480178833007812500000000000000000000
-0.2470278287018132790109348206897266209125518798828125000000000000 228.0427285612734067399287596344947814941406250000000000000000000000 2007.2780946535276598297059535980224609375000000000000000000000000000 -0.6361326500830480901171881669142749160528182983398437500000000000 248.8961875821073590486776083707809448242187500000000000000000000000 95.8855992340000824469825602136552333831787109375000000000000000000 72.4172876037373924873463693074882030487060546875000000000000000000 54.1461834536539257101139810401946306228637695312500000000000000000 13.3913064722985453158798918593674898147583007812500000000000000000 305.6685211265136103975237347185611724853515625000000000000000000000 97.0681474716704997263150289654731750488281250000000000000000000000
-0.1194893855958871625722039766515081282705068588256835937500000000 192.2815197412914756114332703873515129089355468750000000000000000000 1944.7707835661406079452717676758766174316406250000000000000000000000 -0.7491932419527271846959592949133366346359252929687500000000000000 241.1454770716412951969687128439545631408691406250000000000000000000 72.4172876037373924873463693074882030487060546875000000000000000000 101.5669089015603674397425493225455284118652343750000000000000000000 87.0648201523396352285999455489218235015869140625000000000000000000 -22.6511354738512977746722754091024398803710937500000000000000000000 257.7341893341134664296987466514110565185546875000000000000000000000 136.1403059645881512551568448543548583984375000000000000000000000000
0.0686968956404638841917176250717602670192718505859375000000000000 160.1128921121988639697519829496741294860839843750000000000000000000 1634.9191129206756158964708447456359863281250000000000000000000000000 -0.6374987630081898615230784344021230936050415039062500000000000000 202.7248418118744268667796859517693519592285156250000000000000000000 54.1461834536539257101139810401946306228637695312500000000000000000 87.0648201523396352285999455489218235015869140625000000000000000000 88.2698230139457251652856939472258090972900390625000000000000000000 -30.5054315913818747674213227583095431327819824218750000000000000000 214.6153541224386458452499937266111373901367187500000000000000000000 116.7017031677062277594814077019691467285156250000000000000000000000
0.1466026783515368414612112246686592698097229003906250000000000000 135.7446417082003904397424776107072830200195312500000000000000000000 785.3111630304537129632080905139446258544921875000000000000000000000 0.4480009967486561217597795803158078342676162719726562500000000000 97.3761209593077552426620968617498874664306640625000000000000000000 13.3913064722985453158798918593674898147583007812500000000000000000 -22.6511354738512977746722754091024398803710937500000000000000000000 -30.5054315913818747674213227583095431327819824218750000000000000000 139.4978340359654964686342282220721244812011718750000000000000000000 181.9521461770496273402386577799916267395019531250000000000000000000 -30.3615867333743025824333017226308584213256835937500000000000000000
-0.5320482747372650145223360595991834998130798339843750000000000000 947.5470657804341954033588990569114685058593750000000000000000000000 8071.6448625402563266106881201267242431640625000000000000000000000000 -1.7594228779873815060597053161473013460636138916015625000000000000 1000.8586449252030661227763630449771881103515625000000000000000000000 305.6685211265136103975237347185611724853515625000000000000000000000 257.7341893341134664296987466514110565185546875000000000000000000000 214.6153541224386458452499937266111373901367187500000000000000000000 181.9521461770496273402386577799916267395019531250000000000000000000 1270.0922854334717158053535968065261840820312500000000000000000000000 345.4669613652310431461955886334180831909179687500000000000000000000
-0.1601635974794818617628067158875637687742710113525390625000000000 257.7341893341134664296987466514110565185546875000000000000000000000 2606.7711656194619536108803004026412963867187500000000000000000000000 -1.0042187784300977693163758885930292308330535888671875000000000000 323.2314479741488071340427268296480178833007812500000000000000000000 97.0681474716704997263150289654731750488281250000000000000000000000 136.1403059645881512551568448543548583984375000000000000000000000000 116.7017031677062277594814077019691467285156250000000000000000000000 -30.3615867333743025824333017226308584213256835937500000000000000000 345.4669613652310431461955886334180831909179687500000000000000000000 182.4824946291826677224889863282442092895507812500000000000000000000
