0.0110492791967251383078441051566187525168061256408691406250000000 0.0404161248661079747224178504438896197825670242309570312500000000 0.4345564936768421815393992346798768267035484313964843750000000000 -0.0000716614940623964128589909461375384580605896189808845520019531 0.0427861315804796485395833371967455605044960975646972656250000000 0.0106127848419061959067688505342630378436297178268432617187500000 0.0132697369654594509585932016193510207813233137130737304687500000 0.0193574294834242474627750141280557727441191673278808593750000000 0.0123761502852989899864377676408366824034601449966430664062500000 0.0514990708230360846875406366507377242669463157653808593750000000 0.0169085761203277215591889159895799821242690086364746093750000000
0.0404161248661079747224178504438896197825670242309570312500000000 55.4161002518081815537698275875300168991088867187500000000000000000 591.4777721894862452245433814823627471923828125000000000000000000000 -0.0833778555721218089802349027195305097848176956176757812500000000 58.2364920466426312373187101911753416061401367187500000000000000000 12.8862623712039940926388226216658949851989746093750000000000000000 17.5936107486251813725175452418625354766845703125000000000000000000 16.0799808117622902159382647369056940078735351562500000000000000000 11.8344507556317655172506420058198273181915283203125000000000000000 70.6123528927815442557403002865612506866455078125000000000000000000 22.4181464447170171183643105905503034591674804687500000000000000000
0.4345564936768421815393992346798768267035484313964843750000000000 591.4777721894862452245433814823627471923828125000000000000000000000 6537.3393396643241430865600705146789550781250000000000000000000000000 -1.0592316662962359963273684115847572684288024902343750000000000000 643.6619064335696975831524468958377838134765625000000000000000000000 141.2092096771478111350006656721234321594238281250000000000000000000 218.7037538324623540120228426530957221984863281250000000000000000000 198.8103003970736608607694506645202636718750000000000000000000000000 96.8805192085669659718405455350875854492187500000000000000000000000 753.6733365989150570385390892624855041503906250000000000000000000000 278.6768930765740606148028746247291564941406250000000000000000000000
-0.0000716614940623964128589909461375384580605896189808845520019531 -0.0833778555721218089802349027195305097848176956176757812500000000 -1.0592316662962359963273684115847572684288024902343750000000000000 0.0003576284486299564522801541777141665079398080706596374511718750 -0.1042912166952082997362083460757276043295860290527343750000000000 -0.0331407862581543505298142804349481593817472457885742187500000000 -0.0498139512694291339278684915825579082593321800231933593750000000 -0.0436117170400850406863924035860691219568252563476562500000000000 0.0196520268003925746569393595564179122447967529296875000000000000 -0.1062418057992078473938946103771741036325693130493164062500000000 -0.0634739775992443772123507983451418112963438034057617187500000000
0.0427861315804796485395833371967455605044960975646972656250000000 58.2364920466426312373187101911753416061401367187500000000000000000 643.6619064335696975831524468958377838134765625000000000000000000000 -0.1042912166952082997362083460757276043295860290527343750000000000 63.3745057840260059833781269844621419906616210937500000000000000000 13.9033610440417607634344676625914871692657470703125000000000000000 21.5334202221800410370633471757173538208007812500000000000000000000 19.5747245665821445470555772772058844566345214843750000000000000000 9.5387888634923214681293757166713476181030273437500000000000000000 74.2061550515008718775789020583033561706542968750000000000000000000 27.4383340005510696357760025421157479286193847656250000000000000000
0.0106127848419061959067688505342630378436297178268432617187500000 12.8862623712039940926388226216658949851989746093750000000000000000 141.2092096771478111350006656721234321594238281250000000000000000000 -0.0331407862581543505298142804349481593817472457885742187500000000 13.9033610440417607634344676625914871692657470703125000000000000000 5.1276074282882859733945224434137344360351562500000000000000000000 4.5970245793267663358960817276965826749801635742187500000000000000 3.5729037997673165349965529458131641149520874023437500000000000000 0.6015195997182002374259468524542171508073806762695312500000000000 16.4199447794007831191720470087602734565734863281250000000000000000 5.8576247765038376158486244094092398881912231445312500000000000000
0.0132697369654594509585932016193510207813233137130737304687500000 17.5936107486251813725175452418625354766845703125000000000000000000 218.7037538324623540120228426530957221984863281250000000000000000000 -0.0498139512694291339278684915825579082593321800231933593750000000 21.5334202221800410370633471757173538208007812500000000000000000000 4.5970245793267663358960817276965826749801635742187500000000000000 9.8487405371566687506401649443432688713073730468750000000000000000 8.8528342152187491365111782215535640716552734375000000000000000000 -0.3008402532512754468108084893174236640334129333496093750000000000 22.4181464447170171183643105905503034591674804687500000000000000000 12.5494709876568375506167285493575036525726318359375000000000000000
0.0193574294834242474627750141280557727441191673278808593750000000 16.0799808117622902159382647369056940078735351562500000000000000000 198.8103003970736608607694506645202636718750000000000000000000000000 -0.0436117170400850406863924035860691219568252563476562500000000000 19.5747245665821445470555772772058844566345214843750000000000000000 3.5729037997673165349965529458131641149520874023437500000000000000 8.8528342152187491365111782215535640716552734375000000000000000000 8.9349033766981182935751348850317299365997314453125000000000000000 -0.6208552845033099565341672132490202784538269042968750000000000000 20.4894475509807456603539321804419159889221191406250000000000000000 11.2804663421966413494601511047221720218658447265625000000000000000
0.0123761502852989899864377676408366824034601449966430664062500000 11.8344507556317655172506420058198273181915283203125000000000000000 96.8805192085669659718405455350875854492187500000000000000000000000 0.0196520268003925746569393595564179122447967529296875000000000000 9.5387888634923214681293757166713476181030273437500000000000000000 0.6015195997182002374259468524542171508073806762695312500000000000 -0.3008402532512754468108084893174236640334129333496093750000000000 -0.6208552845033099565341672132490202784538269042968750000000000000 9.3381961556501114074535507825203239917755126953125000000000000000 15.0797044406178404329921249882318079471588134765625000000000000000 -0.3833369369263707748807235020649386569857597351074218750000000000
0.0514990708230360846875406366507377242669463157653808593750000000 70.6123528927815442557403002865612506866455078125000000000000000000 753.6733365989150570385390892624855041503906250000000000000000000000 -0.1062418057992078473938946103771741036325693130493164062500000000 74.2061550515008718775789020583033561706542968750000000000000000000 16.4199447794007831191720470087602734565734863281250000000000000000 22.4181464447170171183643105905503034591674804687500000000000000000 20.4894475509807456603539321804419159889221191406250000000000000000 15.0797044406178404329921249882318079471588134765625000000000000000 89.9757355425244185198607738129794597625732421875000000000000000000 28.5656706401811781859123584581539034843444824218750000000000000000
0.0169085761203277215591889159895799821242690086364746093750000000 22.4181464447170171183643105905503034591674804687500000000000000000 278.6768930765740606148028746247291564941406250000000000000000000000 -0.0634739775992443772123507983451418112963438034057617187500000000 27.4383340005510696357760025421157479286193847656250000000000000000 5.8576247765038376158486244094092398881912231445312500000000000000 12.5494709876568375506167285493575036525726318359375000000000000000 11.2804663421966413494601511047221720218658447265625000000000000000 -0.3833369369263707748807235020649386569857597351074218750000000000 28.5656706401811781859123584581539034843444824218750000000000000000 15.9907981610314422482588270213454961776733398437500000000000000000
