1.1195607006851457931873028428526595234870910644531250000000000000 2.5622545020148548289284917700570076704025268554687500000000000000 13.8311376565889236900375180994160473346710205078125000000000000000 -0.0018479272323119150071846217286974933813326060771942138671875000 3.5008796942954374387113603006582707166671752929687500000000000000 0.4882447471184427900681157552753575146198272705078125000000000000 0.9918841234438872112022522742336150258779525756835937500000000000 1.7675694264911714359556071940460242331027984619140625000000000000 1.4633990619678112210522158420644700527191162109375000000000000000 4.4605319904616358428484090836718678474426269531250000000000000000 1.7267335699764942980038995301583781838417053222656250000000000000
2.5622545020148548289284917700570076704025268554687500000000000000 3647.6165166910936932254116982221603393554687500000000000000000000000 18840.6753517039942380506545305252075195312500000000000000000000000000 -7.3749493777686927487025059235747903585433959960937500000000000000 4768.8729158278138129389844834804534912109375000000000000000000000000 975.6471476326579477245104499161243438720703125000000000000000000000 1194.2806819387546966027002781629562377929687500000000000000000000000 1318.4791260297683948010671883821487426757812500000000000000000000000 966.3576183234798691046307794749736785888671875000000000000000000000 6349.9976871315984681132249534130096435546875000000000000000000000000 2079.0780865792644362954888492822647094726562500000000000000000000000
13.8311376565889236900375180994160473346710205078125000000000000000 18840.6753517039942380506545305252075195312500000000000000000000000000 101824.9685406936041545122861862182617187500000000000000000000000000000 -45.9323513991709262427320936694741249084472656250000000000000000000 25773.5100023797858739271759986877441406250000000000000000000000000000 5156.0196502267490359372459352016448974609375000000000000000000000000 7324.8589299482709975563921034336090087890625000000000000000000000000 8118.7269239327188188326545059680938720703125000000000000000000000000 3697.2185198130273420247249305248260498046875000000000000000000000000 32799.0194034559681313112378120422363281250000000000000000000000000000 12751.5699775179527932778000831604003906250000000000000000000000000000
-0.0018479272323119150071846217286974933813326060771942138671875000 -7.3749493777686927487025059235747903585433959960937500000000000000 -45.9323513991709262427320936694741249084472656250000000000000000000 0.0494251606637481771810982422721281182020902633666992187500000000 -11.6262046056635170998561079613864421844482421875000000000000000000 -4.0387283086886140992533000826369971036911010742187500000000000000 -4.4246982215712904462634469382464885711669921875000000000000000000 -4.6395315332403965769003661989700049161911010742187500000000000000 3.0987472463704461844713478058110922574996948242187500000000000000 -12.8387705443405870653350575594231486320495605468750000000000000000 -7.7027898477444107783185245352797210216522216796875000000000000000
3.5008796942954374387113603006582707166671752929687500000000000000 4768.8729158278138129389844834804534912109375000000000000000000000000 25773.5100023797858739271759986877441406250000000000000000000000000000 -11.6262046056635170998561079613864421844482421875000000000000000000 6523.6830156966707363608293235301971435546875000000000000000000000000 1305.0701211312214127246988937258720397949218750000000000000000000000 1854.0376452126781714468961581587791442871093750000000000000000000000 2054.9781903143480121798347681760787963867187500000000000000000000000 935.8244826101051785371964797377586364746093750000000000000000000000 8301.9505606366546999197453260421752929687500000000000000000000000000 3227.6240402692687894159462302923202514648437500000000000000000000000
0.4882447471184427900681157552753575146198272705078125000000000000 975.6471476326579477245104499161243438720703125000000000000000000000 5156.0196502267490359372459352016448974609375000000000000000000000000 -4.0387283086886140992533000826369971036911010742187500000000000000 1305.0701211312214127246988937258720397949218750000000000000000000000 585.9030709376826280276873148977756500244140625000000000000000000000 349.3389032896255343985103536397218704223632812500000000000000000000 286.4844467052620302638388238847255706787109375000000000000000000000 -47.7450507293738084513279318343847990036010742187500000000000000000 1698.4672326640270512143615633249282836914062500000000000000000000000 608.1508891528227422895724885165691375732421875000000000000000000000
0.9918841234438872112022522742336150258779525756835937500000000000 1194.2806819387546966027002781629562377929687500000000000000000000000 7324.8589299482709975563921034336090087890625000000000000000000000000 -4.4246982215712904462634469382464885711669921875000000000000000000 1854.0376452126781714468961581587791442871093750000000000000000000000 349.3389032896255343985103536397218704223632812500000000000000000000 687.4709866582425092929042875766754150390625000000000000000000000000 767.2009079587979840653133578598499298095703125000000000000000000000 -15.4461049947489943434675296884961426258087158203125000000000000000 2079.0780865792644362954888492822647094726562500000000000000000000000 1196.7922492055145085032563656568527221679687500000000000000000000000
1.7675694264911714359556071940460242331027984619140625000000000000 1318.4791260297683948010671883821487426757812500000000000000000000000 8118.7269239327188188326545059680938720703125000000000000000000000000 -4.6395315332403965769003661989700049161911010742187500000000000000 2054.9781903143480121798347681760787963867187500000000000000000000000 286.4844467052620302638388238847255706787109375000000000000000000000 767.2009079587979840653133578598499298095703125000000000000000000000 992.1005344087080857207183726131916046142578125000000000000000000000 -71.0800529613400726702820975333452224731445312500000000000000000000 2295.2904622811670378723647445440292358398437500000000000000000000000 1335.5910548192646274401340633630752563476562500000000000000000000000
1.4633990619678112210522158420644700527191162109375000000000000000 966.3576183234798691046307794749736785888671875000000000000000000000 3697.2185198130273420247249305248260498046875000000000000000000000000 3.0987472463704461844713478058110922574996948242187500000000000000 935.8244826101051785371964797377586364746093750000000000000000000000 -47.7450507293738084513279318343847990036010742187500000000000000000 -15.4461049947489943434675296884961426258087158203125000000000000000 -71.0800529613400726702820975333452224731445312500000000000000000000 1106.8450527739300923713017255067825317382812500000000000000000000000 1682.2954423023215895227622240781784057617187500000000000000000000000 -26.8895402087999677576135582057759165763854980468750000000000000000
4.4605319904616358428484090836718678474426269531250000000000000000 6349.9976871315984681132249534130096435546875000000000000000000000000 32799.0194034559681313112378120422363281250000000000000000000000000000 -12.8387705443405870653350575594231486320495605468750000000000000000 8301.9505606366546999197453260421752929687500000000000000000000000000 1698.4672326640270512143615633249282836914062500000000000000000000000 2079.0780865792644362954888492822647094726562500000000000000000000000 2295.2904622811670378723647445440292358398437500000000000000000000000 1682.2954423023215895227622240781784057617187500000000000000000000000 11054.4708968350823852233588695526123046875000000000000000000000000000 3619.3884364578257191169541329145431518554687500000000000000000000000
1.7267335699764942980038995301583781838417053222656250000000000000 2079.0780865792644362954888492822647094726562500000000000000000000000 12751.5699775179527932778000831604003906250000000000000000000000000000 -7.7027898477444107783185245352797210216522216796875000000000000000 3227.6240402692687894159462302923202514648437500000000000000000000000 608.1508891528227422895724885165691375732421875000000000000000000000 1196.7922492055145085032563656568527221679687500000000000000000000000 1335.5910548192646274401340633630752563476562500000000000000000000000 -26.8895402087999677576135582057759165763854980468750000000000000000 3619.3884364578257191169541329145431518554687500000000000000000000000 2083.4503790782218857202678918838500976562500000000000000000000000000
