1.1744019496665001334179123659851029515266418457031250000000000000 2.8734179512373092535426621907390654087066650390625000000000000000 13.7194344486540202865398896392434835433959960937500000000000000000 -0.0030801808033940583815557534563822628115303814411163330078125000 4.3057585698838698462509455566760152578353881835937500000000000000 0.7602567681824186074379667843459174036979675292968750000000000000 1.1800414170612247843905606714542955160140991210937500000000000000 1.9877192046526170887688067523413337767124176025390625000000000000 1.4501649495521209409787388722179457545280456542968750000000000000 5.6492299681676456657442031428217887878417968750000000000000000000 2.3199985000687899372451283852569758892059326171875000000000000000
2.8734179512373092535426621907390654087066650390625000000000000000 3146.6692549327740380249451845884323120117187500000000000000000000000 14280.2934447503830597270280122756958007812500000000000000000000000000 -6.5505706214169050483064893342088907957077026367187500000000000000 4481.7806528623232225072570145130157470703125000000000000000000000000 796.5342915212114576206658966839313507080078125000000000000000000000 1069.6351619294589454511879011988639831542968750000000000000000000000 1326.6574948811255580949364230036735534667968750000000000000000000000 932.5948123002135616843588650226593017578125000000000000000000000000 6186.4506161463368698605336248874664306640625000000000000000000000000 2102.9363337748250160075258463621139526367187500000000000000000000000
13.7194344486540202865398896392434835433959960937500000000000000000 14280.2934447503830597270280122756958007812500000000000000000000000000 67756.2092394984938437119126319885253906250000000000000000000000000000 -35.4723892377458511759868997614830732345581054687500000000000000000 21264.8618780665274243801832199096679687500000000000000000000000000000 3656.1943537999986801878549158573150634765625000000000000000000000000 5736.8959074752492597326636314392089843750000000000000000000000000000 7108.7613734457727332483045756816864013671875000000000000000000000000 3246.2826665187067192164249718189239501953125000000000000000000000000 28075.5055656187469139695167541503906250000000000000000000000000000000 11278.9175938752650836249813437461853027343750000000000000000000000000
-0.0030801808033940583815557534563822628115303814411163330078125000 -6.5505706214169050483064893342088907957077026367187500000000000000 -35.4723892377458511759868997614830732345581054687500000000000000000 0.0471051504123109407440317397686158074066042900085449218750000000 -11.1327871805725351350702112540602684020996093750000000000000000000 -3.7798297293850939837511759833432734012603759765625000000000000000 -3.9460326705337647190674488228978589177131652832031250000000000000 -4.5088556700721236225604116043541580438613891601562500000000000000 2.9509067226749552403930465516168624162673950195312500000000000000 -12.8786276452306953643756060046143829822540283203125000000000000000 -7.7580242053366754717558251286391168832778930664062500000000000000
4.3057585698838698462509455566760152578353881835937500000000000000 4481.7806528623232225072570145130157470703125000000000000000000000000 21264.8618780665274243801832199096679687500000000000000000000000000000 -11.1327871805725351350702112540602684020996093750000000000000000000 6673.8437077386015516822226345539093017578125000000000000000000000000 1147.4736973272142677160445600748062133789062500000000000000000000000 1800.4888474514848439866909757256507873535156250000000000000000000000 2231.0402312521364365238696336746215820312500000000000000000000000000 1018.8254817602712591906310990452766418457031250000000000000000000000 8811.3215705364000314148142933845520019531250000000000000000000000000 3539.8176412153020464756991714239120483398437500000000000000000000000
0.7602567681824186074379667843459174036979675292968750000000000000 796.5342915212114576206658966839313507080078125000000000000000000000 3656.1943537999986801878549158573150634765625000000000000000000000000 -3.7798297293850939837511759833432734012603759765625000000000000000 1147.4736973272142677160445600748062133789062500000000000000000000000 572.5666899618203160571283660829067230224609375000000000000000000000 283.1367374655309845365991350263357162475585937500000000000000000000 236.8470179752987689880683319643139839172363281250000000000000000000 -83.5171285974944765939653734676539897918701171875000000000000000000 1566.0114423650670687493402510881423950195312500000000000000000000000 556.6557213477203731599729508161544799804687500000000000000000000000
1.1800414170612247843905606714542955160140991210937500000000000000 1069.6351619294589454511879011988639831542968750000000000000000000000 5736.8959074752492597326636314392089843750000000000000000000000000000 -3.9460326705337647190674488228978589177131652832031250000000000000 1800.4888474514848439866909757256507873535156250000000000000000000000 283.1367374655309845365991350263357162475585937500000000000000000000 627.7767875810229725175304338335990905761718750000000000000000000000 776.6342407606443885015323758125305175781250000000000000000000000000 21.8880884472411914032363711157813668251037597656250000000000000000 2102.9363337748250160075258463621139526367187500000000000000000000000 1234.2288876547208928968757390975952148437500000000000000000000000000
1.9877192046526170887688067523413337767124176025390625000000000000 1326.6574948811255580949364230036735534667968750000000000000000000000 7108.7613734457727332483045756816864013671875000000000000000000000000 -4.5088556700721236225604116043541580438613891601562500000000000000 2231.0402312521364365238696336746215820312500000000000000000000000000 236.8470179752987689880683319643139839172363281250000000000000000000 776.6342407606443885015323758125305175781250000000000000000000000000 1099.8530892946830590517492964863777160644531250000000000000000000000 -2.9192942100367149649287057400215417146682739257812500000000000000 2608.2503153951065542059950530529022216796875000000000000000000000000 1526.8873173569925256742862984538078308105468750000000000000000000000
1.4501649495521209409787388722179457545280456542968750000000000000 932.5948123002135616843588650226593017578125000000000000000000000000 3246.2826665187067192164249718189239501953125000000000000000000000000 2.9509067226749552403930465516168624162673950195312500000000000000 1018.8254817602712591906310990452766418457031250000000000000000000000 -83.5171285974944765939653734676539897918701171875000000000000000000 21.8880884472411914032363711157813668251037597656250000000000000000 -2.9192942100367149649287057400215417146682739257812500000000000000 1109.7497563983256441133562475442886352539062500000000000000000000000 1833.5107009181974717648699879646301269531250000000000000000000000000 43.0326695595446864217592519707977771759033203125000000000000000000
5.6492299681676456657442031428217887878417968750000000000000000000 6186.4506161463368698605336248874664306640625000000000000000000000000 28075.5055656187469139695167541503906250000000000000000000000000000000 -12.8786276452306953643756060046143829822540283203125000000000000000 8811.3215705364000314148142933845520019531250000000000000000000000000 1566.0114423650670687493402510881423950195312500000000000000000000000 2102.9363337748250160075258463621139526367187500000000000000000000000 2608.2503153951065542059950530529022216796875000000000000000000000000 1833.5107009181974717648699879646301269531250000000000000000000000000 12162.7562750744309596484526991844177246093750000000000000000000000000 4134.4389015157948961132206022739410400390625000000000000000000000000
2.3199985000687899372451283852569758892059326171875000000000000000 2102.9363337748250160075258463621139526367187500000000000000000000000 11278.9175938752650836249813437461853027343750000000000000000000000000 -7.7580242053366754717558251286391168832778930664062500000000000000 3539.8176412153020464756991714239120483398437500000000000000000000000 556.6557213477203731599729508161544799804687500000000000000000000000 1234.2288876547208928968757390975952148437500000000000000000000000000 1526.8873173569925256742862984538078308105468750000000000000000000000 43.0326695595446864217592519707977771759033203125000000000000000000 4134.4389015157948961132206022739410400390625000000000000000000000000 2426.5327696985050351941026747226715087890625000000000000000000000000
