0.3047828413364470079294221704913070425391197204589843750000000000 -1.8229030781790223070260026361211203038692474365234375000000000000 -13.7419409127038978368773314286954700946807861328125000000000000000 0.0082502110783088493384251904672055388800799846649169921875000000 -2.0244262413519438226217062037903815507888793945312500000000000000 -1.0602669153657633405174465224263258278369903564453125000000000000 -0.5392891911125512471869569708360359072685241699218750000000000000 0.0495394733078829488381877865776914404705166816711425781250000000 0.4155766291839532722285355248459381982684135437011718750000000000 -2.5606484574458816538822247821372002363204956054687500000000000000 -0.7575444091734505613899841591774020344018936157226562500000000000
-1.8229030781790223070260026361211203038692474365234375000000000000 1947.6777550364911348879104480147361755371093750000000000000000000000 14291.7538996139355731429532170295715332031250000000000000000000000000 -3.9640597041485055029852446750737726688385009765625000000000000000 2105.4232304677816500770859420299530029296875000000000000000000000000 694.3486496030376429189345799386501312255859375000000000000000000000 506.0654209114507011690875515341758728027343750000000000000000000000 412.3838756748210698788170702755451202392578125000000000000000000000 367.8822966578480304633558262139558792114257812500000000000000000000 2735.9205756665332955890335142612457275390625000000000000000000000000 710.8746783828426032414427027106285095214843750000000000000000000000
-13.7419409127038978368773314286954700946807861328125000000000000000 14291.7538996139355731429532170295715332031250000000000000000000000000 108959.1530279981816420331597328186035156250000000000000000000000000000 -35.8118157391015614621210261248052120208740234375000000000000000000 16051.5730657409585546702146530151367187500000000000000000000000000000 5277.1437607996085716877132654190063476562500000000000000000000000000 4447.1962052880044211633503437042236328125000000000000000000000000000 3689.5063233697696887247730046510696411132812500000000000000000000000 1721.1538084097960563667584210634231567382812500000000000000000000000 20075.7560921999611309729516506195068359375000000000000000000000000000 6247.0167719534374555223621428012847900390625000000000000000000000000
0.0082502110783088493384251904672055388800799846649169921875000000 -3.9640597041485055029852446750737726688385009765625000000000000000 -35.8118157391015614621210261248052120208740234375000000000000000000 0.0242402489035920890025899154807120794430375099182128906250000000 -5.2757015907174933389001125760842114686965942382812500000000000000 -2.0912229545597567081927081744652241468429565429687500000000000000 -2.2367745541250361185348083381541073322296142578125000000000000000 -1.9239638185819902815865134471096098423004150390625000000000000000 1.5714256800793848789510320784756913781166076660156250000000000000 -5.5683505547596556795042488374747335910797119140625000000000000000 -3.1420174666642255445481168862897902727127075195312500000000000000
-2.0244262413519438226217062037903815507888793945312500000000000000 2105.4232304677816500770859420299530029296875000000000000000000000000 16051.5730657409585546702146530151367187500000000000000000000000000000 -5.2757015907174933389001125760842114686965942382812500000000000000 2364.6751165421960649837274104356765747070312500000000000000000000000 777.4148045472392141164164058864116668701171875000000000000000000000 655.1491347268764684486086480319499969482421875000000000000000000000 543.5282734885551008119364269077777862548828125000000000000000000000 253.5558082575132345937163336202502250671386718750000000000000000000 2957.5070731426944803388323634862899780273437500000000000000000000000 920.2939208985339973878581076860427856445312500000000000000000000000
-1.0602669153657633405174465224263258278369903564453125000000000000 694.3486496030376429189345799386501312255859375000000000000000000000 5277.1437607996085716877132654190063476562500000000000000000000000000 -2.0912229545597567081927081744652241468429565429687500000000000000 777.4148045472392141164164058864116668701171875000000000000000000000 310.4098461769752930194954387843608856201171875000000000000000000000 213.0983656479086789659049827605485916137695312500000000000000000000 158.0823621109257146599702537059783935546875000000000000000000000000 37.2672861557315258096423349343240261077880859375000000000000000000 975.3578343351929333948646672070026397705078125000000000000000000000 299.3412034970335184880241286009550094604492187500000000000000000000
-0.5392891911125512471869569708360359072685241699218750000000000000 506.0654209114507011690875515341758728027343750000000000000000000000 4447.1962052880044211633503437042236328125000000000000000000000000000 -2.2367745541250361185348083381541073322296142578125000000000000000 655.1491347268764684486086480319499969482421875000000000000000000000 213.0983656479086789659049827605485916137695312500000000000000000000 263.1809673112393284100107848644256591796875000000000000000000000000 226.2283655979857428519608220085501670837402343750000000000000000000 -79.9910321526001837355579482391476631164550781250000000000000000000 710.8746783828426032414427027106285095214843750000000000000000000000 369.6926874729081760051485616713762283325195312500000000000000000000
0.0495394733078829488381877865776914404705166816711425781250000000 412.3838756748210698788170702755451202392578125000000000000000000000 3689.5063233697696887247730046510696411132812500000000000000000000000 -1.9239638185819902815865134471096098423004150390625000000000000000 543.5282734885551008119364269077777862548828125000000000000000000000 158.0823621109257146599702537059783935546875000000000000000000000000 226.2283655979857428519608220085501670837402343750000000000000000000 235.9052517521427887459140038117766380310058593750000000000000000000 -109.2247664549902452790774987079203128814697265625000000000000000000 579.2793636495140390252345241606235504150390625000000000000000000000 317.7850332984594388108234852552413940429687500000000000000000000000
0.4155766291839532722285355248459381982684135437011718750000000000 367.8822966578480304633558262139558792114257812500000000000000000000 1721.1538084097960563667584210634231567382812500000000000000000000000 1.5714256800793848789510320784756913781166076660156250000000000000 253.5558082575132345937163336202502250671386718750000000000000000000 37.2672861557315258096423349343240261077880859375000000000000000000 -79.9910321526001837355579482391476631164550781250000000000000000000 -109.2247664549902452790774987079203128814697265625000000000000000000 431.2703219442058184540655929595232009887695312500000000000000000000 516.7675927123830206255661323666572570800781250000000000000000000000 -112.3641270580726825301098870113492012023925781250000000000000000000
-2.5606484574458816538822247821372002363204956054687500000000000000 2735.9205756665332955890335142612457275390625000000000000000000000000 20075.7560921999611309729516506195068359375000000000000000000000000000 -5.5683505547596556795042488374747335910797119140625000000000000000 2957.5070731426944803388323634862899780273437500000000000000000000000 975.3578343351929333948646672070026397705078125000000000000000000000 710.8746783828426032414427027106285095214843750000000000000000000000 579.2793636495140390252345241606235504150390625000000000000000000000 516.7675927123830206255661323666572570800781250000000000000000000000 3843.1724021077870929730124771595001220703125000000000000000000000000 998.5720965794514540903037413954734802246093750000000000000000000000
-0.7575444091734505613899841591774020344018936157226562500000000000 710.8746783828426032414427027106285095214843750000000000000000000000 6247.0167719534374555223621428012847900390625000000000000000000000000 -3.1420174666642255445481168862897902727127075195312500000000000000 920.2939208985339973878581076860427856445312500000000000000000000000 299.3412034970335184880241286009550094604492187500000000000000000000 369.6926874729081760051485616713762283325195312500000000000000000000 317.7850332984594388108234852552413940429687500000000000000000000000 -112.3641270580726825301098870113492012023925781250000000000000000000 998.5720965794514540903037413954734802246093750000000000000000000000 519.3106650805469826082116924226284027099609375000000000000000000000
