9.643100880702633049e+00 -2.152631411592143351e+01 -1.383387395918244920e+02 7.065684897469276526e-02 -2.579744586711537835e+01 -1.155474519427663971e+01 -7.028999346687493599e+00 8.799246709674376277e+00 7.539946217058614231e+00 -3.273628709363791955e+01 -1.068939807135697784e+01
-2.152631411592143351e+01 6.901298391785805870e+04 4.246538516443094122e+05 -1.892148834381659697e+02 7.918956600572883326e+04 3.049477798304359749e+04 1.859440397767744798e+04 1.339650227692829867e+04 9.894981680110629895e+03 1.049519598458628170e+05 2.827756501509527516e+04
-1.383387395918244920e+02 4.246538516443094122e+05 2.715088496754853521e+06 -1.422045866714130625e+03 5.063104429469614988e+05 1.938669755516733276e+05 1.357481087904790184e+05 1.040439718563107599e+05 2.466858586232378366e+04 6.457952033955150982e+05 2.064398502155412862e+05
7.065684897469276526e-02 -1.892148834381659697e+02 -1.422045866714130625e+03 1.436428283417815255e+00 -2.651835008426010631e+02 -1.155962685744664213e+02 -1.048415173073084929e+02 -9.188208834645409695e+01 9.951822655818529029e+01 -2.877498076663130746e+02 -1.594384431734260374e+02
-2.579744586711537835e+01 7.918956600572883326e+04 5.063104429469614988e+05 -2.651835008426010631e+02 9.441690940959937871e+04 3.615236644465740392e+04 2.531434432913273122e+04 1.940214823181370230e+04 4.600204615708343226e+03 1.204280655584571359e+05 3.849695953905861825e+04
-1.155474519427663971e+01 3.049477798304359749e+04 1.938669755516733276e+05 -1.155962685744664213e+02 3.615236644465740392e+04 1.554551007319538076e+04 9.517090703343486894e+03 6.796764928570320080e+03 1.044910344537134250e+02 4.637513888972310087e+04 1.447317975028576257e+04
-7.028999346687493599e+00 1.859440397767744798e+04 1.357481087904790184e+05 -1.048415173073084929e+02 2.531434432913273122e+04 9.517090703343486894e+03 9.467452805187478589e+03 8.125436681259349825e+03 -4.901883972910204648e+03 2.827756501509527516e+04 1.439769258253334192e+04
8.799246709674376277e+00 1.339650227692829867e+04 1.040439718563107599e+05 -9.188208834645409695e+01 1.940214823181370230e+04 6.796764928570320080e+03 8.125436681259349825e+03 8.647999483627434529e+03 -6.989330533225377621e+03 2.037282101461736602e+04 1.235681252844602204e+04
7.539946217058614231e+00 9.894981680110629895e+03 2.466858586232378366e+04 9.951822655818529029e+01 4.600204615708343226e+03 1.044910344537134250e+02 -4.901883972910204648e+03 -6.989330533225377621e+03 2.007447627270534213e+04 1.504785999693304257e+04 -7.454573048258333984e+03
-3.273628709363791955e+01 1.049519598458628170e+05 6.457952033955150982e+05 -2.877498076663130746e+02 1.204280655584571359e+05 4.637513888972310087e+04 2.827756501509527516e+04 2.037282101461736602e+04 1.504785999693304257e+04 1.596063994073634676e+05 4.300329734380750597e+04
-1.068939807135697784e+01 2.827756501509527516e+04 2.064398502155412862e+05 -1.594384431734260374e+02 3.849695953905861825e+04 1.447317975028576257e+04 1.439769258253334192e+04 1.235681252844602204e+04 -7.454573048258333984e+03 4.300329734380750597e+04 2.189538791126096839e+04
