0.9499650412351314798797830007970333099365234375000000000000000000 2.4162396882567214184689419198548421263694763183593750000000000000 14.4051852632642969354037632001563906669616699218750000000000000000 -0.0031944459189671412825684004843651564442552626132965087890625000 2.9964725056638750189108577615115791559219360351562500000000000000 0.5714357832771314038566856652323622256517410278320312500000000000 0.8075681321065966145056336245033890008926391601562500000000000000 1.4472722447461594530437878347584046423435211181640625000000000000 1.2035840373391657465163007145747542381286621093750000000000000000 3.8389134933724728959703043074114248156547546386718750000000000000 1.2830615332696391206468433665577322244644165039062500000000000000
2.4162396882567214184689419198548421263694763183593750000000000000 3643.3565795102294941898435354232788085937500000000000000000000000000 21429.7766228875625529326498508453369140625000000000000000000000000000 -7.1709652397756586950094970234204083681106567382812500000000000000 4457.6820970680055324919521808624267578125000000000000000000000000000 1013.0904613523322268520132638514041900634765625000000000000000000000 1152.3168620515359634737251326441764831542968750000000000000000000000 1170.4402036932644932676339522004127502441406250000000000000000000000 878.8115810232038711546920239925384521484375000000000000000000000000 5788.5526846636030313675291836261749267578125000000000000000000000000 1830.7971563706310007546562701463699340820312500000000000000000000000
14.4051852632642969354037632001563906669616699218750000000000000000 21429.7766228875625529326498508453369140625000000000000000000000000000 131751.1810897838149685412645339965820312500000000000000000000000000000 -51.1131363143025083672910113818943500518798828125000000000000000000 27406.0197428393657901324331760406494140625000000000000000000000000000 6131.0600579005385952768847346305847167968750000000000000000000000000 8058.2479283594766457099467515945434570312500000000000000000000000000 8232.4941323726961854845285415649414062500000000000000000000000000000 3728.6809407236992228718008846044540405273437500000000000000000000000 34047.5570521380577702075242996215820312500000000000000000000000000000 12802.9172169748599117156118154525756835937500000000000000000000000000
-0.0031944459189671412825684004843651564442552626132965087890625000 -7.1709652397756586950094970234204083681106567382812500000000000000 -51.1131363143025083672910113818943500518798828125000000000000000000 0.0452619960108292737621660251079447334632277488708496093750000000 -10.6322206097994147455665370216593146324157714843750000000000000000 -3.7627587496544840917067631380632519721984863281250000000000000000 -4.2737101291441828010420067585073411464691162109375000000000000000 -4.2066846851041068688914492668118327856063842773437500000000000000 2.8363984704648124157699839997803792357444763183593750000000000000 -11.3932054643723130737953397328965365886688232421875000000000000000 -6.7900562850911407863918611838016659021377563476562500000000000000
2.9964725056638750189108577615115791559219360351562500000000000000 4457.6820970680055324919521808624267578125000000000000000000000000000 27406.0197428393657901324331760406494140625000000000000000000000000000 -10.6322206097994147455665370216593146324157714843750000000000000000 5700.8211382413301180349662899971008300781250000000000000000000000000 1275.3430489313859652611427009105682373046875000000000000000000000000 1676.2240762518583778728498145937919616699218750000000000000000000000 1712.4696329732576032256474718451499938964843750000000000000000000000 775.6158436756996934491326101124286651611328125000000000000000000000 7082.3503292199329735012724995613098144531250000000000000000000000000 2663.1791769307988033688161522150039672851562500000000000000000000000
0.5714357832771314038566856652323622256517410278320312500000000000 1013.0904613523322268520132638514041900634765625000000000000000000000 6131.0600579005385952768847346305847167968750000000000000000000000000 -3.7627587496544840917067631380632519721984863281250000000000000000 1275.3430489313859652611427009105682373046875000000000000000000000000 537.2489266052125458372756838798522949218750000000000000000000000000 359.0732687499775579453853424638509750366210937500000000000000000000 288.5713268893624103839101735502481460571289062500000000000000000000 -14.4045888175513283613327075727283954620361328125000000000000000000 1609.5947190149756806931691244244575500488281250000000000000000000000 570.4944021957436461889301426708698272705078125000000000000000000000
0.8075681321065966145056336245033890008926391601562500000000000000 1152.3168620515359634737251326441764831542968750000000000000000000000 8058.2479283594766457099467515945434570312500000000000000000000000000 -4.2737101291441828010420067585073411464691162109375000000000000000 1676.2240762518583778728498145937919616699218750000000000000000000000 359.0732687499775579453853424638509750366210937500000000000000000000 651.9046027815194292998057790100574493408203125000000000000000000000 672.8227082080707077693659812211990356445312500000000000000000000000 -45.4018823882699962268816307187080383300781250000000000000000000000 1830.7971563706310007546562701463699340820312500000000000000000000000 1035.7438412143565074075013399124145507812500000000000000000000000000
1.4472722447461594530437878347584046423435211181640625000000000000 1170.4402036932644932676339522004127502441406250000000000000000000000 8232.4941323726961854845285415649414062500000000000000000000000000000 -4.2066846851041068688914492668118327856063842773437500000000000000 1712.4696329732576032256474718451499938964843750000000000000000000000 288.5713268893624103839101735502481460571289062500000000000000000000 672.8227082080707077693659812211990356445312500000000000000000000000 809.2786287478363647096557542681694030761718750000000000000000000000 -104.8799204238689100066039827652275562286376953125000000000000000000 1859.5914606408450708840973675251007080078125000000000000000000000000 1068.9784567899796456913463771343231201171875000000000000000000000000
1.2035840373391657465163007145747542381286621093750000000000000000 878.8115810232038711546920239925384521484375000000000000000000000000 3728.6809407236992228718008846044540405273437500000000000000000000000 2.8363984704648124157699839997803792357444763183593750000000000000 775.6158436756996934491326101124286651611328125000000000000000000000 -14.4045888175513283613327075727283954620361328125000000000000000000 -45.4018823882699962268816307187080383300781250000000000000000000000 -104.8799204238689100066039827652275562286376953125000000000000000000 973.3525717155752090548048727214336395263671875000000000000000000000 1396.2528853898718352866126224398612976074218750000000000000000000000 -72.1343580986329584447958040982484817504882812500000000000000000000
3.8389134933724728959703043074114248156547546386718750000000000000 5788.5526846636030313675291836261749267578125000000000000000000000000 34047.5570521380577702075242996215820312500000000000000000000000000000 -11.3932054643723130737953397328965365886688232421875000000000000000 7082.3503292199329735012724995613098144531250000000000000000000000000 1609.5947190149756806931691244244575500488281250000000000000000000000 1830.7971563706310007546562701463699340820312500000000000000000000000 1859.5914606408450708840973675251007080078125000000000000000000000000 1396.2528853898718352866126224398612976074218750000000000000000000000 9196.8330444423700100742280483245849609375000000000000000000000000000 2908.7643669531607883982360363006591796875000000000000000000000000000
1.2830615332696391206468433665577322244644165039062500000000000000 1830.7971563706310007546562701463699340820312500000000000000000000000 12802.9172169748599117156118154525756835937500000000000000000000000000 -6.7900562850911407863918611838016659021377563476562500000000000000 2663.1791769307988033688161522150039672851562500000000000000000000000 570.4944021957436461889301426708698272705078125000000000000000000000 1035.7438412143565074075013399124145507812500000000000000000000000000 1068.9784567899796456913463771343231201171875000000000000000000000000 -72.1343580986329584447958040982484817504882812500000000000000000000 2908.7643669531607883982360363006591796875000000000000000000000000000 1645.5863327797349029424367472529411315917968750000000000000000000000
