4.991932886935140368e-01 -4.082973592615942948e+00 -3.358075952052357849e+01 1.799778336849992486e-02 -4.495484224084720815e+00 -2.252110385677406512e+00 -1.265419081894282316e+00 -8.108682232940307710e-02 8.514857739808201487e-01 -5.582173027852499025e+00 -1.730059748771090256e+00
-4.082973592615942948e+00 3.325700513427925216e+03 2.691309528883868552e+04 -7.601988432296487908e+00 3.602878464327739039e+03 1.268010013081049237e+03 9.565754087034489430e+02 6.845621935488908321e+02 5.192550764393104146e+02 4.546841972807932507e+03 1.307813857828603886e+03
-3.358075952052357849e+01 2.691309528883868552e+04 2.254472238648998609e+05 -7.369627621130422312e+01 3.018080748378949647e+04 1.055037973632236026e+04 9.032590677248143038e+03 6.789674403133656597e+03 2.355295831484669634e+03 3.679513256933053344e+04 1.234920650512012799e+04
1.799778336849992486e-02 -7.601988432296487908e+00 -7.369627621130422312e+01 4.471687035306853159e-02 -9.865781829003216430e+00 -3.932473631668029324e+00 -4.241384547455425924e+00 -3.549281844758410465e+00 2.866323116868184862e+00 -1.039331110579724182e+01 -5.798749828892930225e+00
-4.495484224084720815e+00 3.602878464327739039e+03 3.018080748378949647e+04 -9.865781829003216430e+00 4.040329815369177595e+03 1.412388115693244799e+03 1.209200431198306660e+03 9.089393629499211329e+02 3.153054131196955723e+02 4.925795019241193586e+03 1.653198552278199486e+03
-2.252110385677406512e+00 1.268010013081049237e+03 1.055037973632236026e+04 -3.932473631668029324e+00 1.412388115693244799e+03 5.602846233816574113e+02 4.134950262243443149e+02 2.907056967996394974e+02 5.101614014593906177e+01 1.733602026441939188e+03 5.653234658962958292e+02
-1.265419081894282316e+00 9.565754087034489430e+02 9.032590677248143038e+03 -4.241384547455425924e+00 1.209200431198306660e+03 4.134950262243443149e+02 4.930743533112391219e+02 4.078051178606648932e+02 -1.622650226038658445e+02 1.307813857828604114e+03 6.741229874123050649e+02
-8.108682232940307710e-02 6.845621935488908321e+02 6.789674403133656597e+03 -3.549281844758410465e+00 9.089393629499211329e+02 2.907056967996394974e+02 4.078051178606648932e+02 4.008225976116509628e+02 -2.376396623046899208e+02 9.359219514980601389e+02 5.575443185963658834e+02
8.514857739808201487e-01 5.192550764393104146e+02 2.355295831484669634e+03 2.866323116868184862e+00 3.153054131196955723e+02 5.101614014593906177e+01 -1.622650226038658445e+02 -2.376396623046899208e+02 7.257116209409630301e+02 7.099168330446888149e+02 -2.218460178584792288e+02
-5.582173027852499025e+00 4.546841972807932507e+03 3.679513256933053344e+04 -1.039331110579724182e+01 4.925795019241193586e+03 1.733602026441939188e+03 1.307813857828604114e+03 9.359219514980601389e+02 7.099168330446888149e+02 6.216366098575331307e+03 1.788021175504392659e+03
-1.730059748771090256e+00 1.307813857828603886e+03 1.234920650512012799e+04 -5.798749828892930225e+00 1.653198552278199486e+03 5.653234658962958292e+02 6.741229874123050649e+02 5.575443185963658834e+02 -2.218460178584792288e+02 1.788021175504392659e+03 9.216496439246709542e+02
