2.156599393376455343e+00 7.549377585914144539e+00 7.533939206336737016e+01 -2.128531163536794696e-02 7.874635928773802362e+00 3.035649182627419673e+00 2.216131858010455424e+00 3.946706617091261915e+00 1.715730975588543261e+00 9.735163405585913310e+00 2.857772779349473158e+00
7.549377585914144539e+00 1.404415033154291086e+04 1.371571238442806352e+05 -2.303847998675287911e+01 1.433595872930614860e+04 4.259590981853304584e+03 3.692590580146981210e+03 3.169697105691429897e+03 2.856430825391025337e+03 1.811038020210884497e+04 4.761713436446860214e+03
7.533939206336737016e+01 1.371571238442806352e+05 1.386239436857618857e+06 -2.737442828091567435e+02 1.448927390624640684e+05 4.294582926799607230e+04 4.277005782132496824e+04 3.652618059822878422e+04 2.042848690968721348e+04 1.768684898415466305e+05 5.515335496449914353e+04
-2.128531163536794696e-02 -2.303847998675287911e+01 -2.737442828091567435e+02 1.109118035252608936e-01 -2.861234349876770722e+01 -1.034546445522517466e+01 -1.305263369685089891e+01 -1.100304457130063085e+01 6.298364563702054220e+00 -2.970885543012640539e+01 -1.683178784820493945e+01
7.874635928773802362e+00 1.433595872930614860e+04 1.448927390624640684e+05 -2.861234349876770722e+01 1.514450193439388386e+04 4.488790802297747177e+03 4.470418791171819066e+03 3.817795262241686487e+03 2.135229560310286615e+03 1.848667644680162630e+04 5.764747746179885326e+03
3.035649182627419673e+00 4.259590981853304584e+03 4.294582926799607230e+04 -1.034546445522517466e+01 4.488790802297747177e+03 1.666831461467277450e+03 1.313122769576383007e+03 1.013939309773370269e+03 3.827459014963997106e+02 5.492878555534692168e+03 1.693313731886109281e+03
2.216131858010455424e+00 3.692590580146981210e+03 4.277005782132496824e+04 -1.305263369685089891e+01 4.470418791171819066e+03 1.313122769576383007e+03 1.933432064229654088e+03 1.632758136255488125e+03 -3.205903471766318944e+02 4.761713436446860214e+03 2.493222370277800110e+03
3.946706617091261915e+00 3.169697105691429897e+03 3.652618059822878422e+04 -1.100304457130063085e+01 3.817795262241686487e+03 1.013939309773370269e+03 1.632758136255488125e+03 1.609592482000070959e+03 -4.085401671280415030e+02 4.087425608131414265e+03 2.105493741352236157e+03
1.715730975588543261e+00 2.856430825391025337e+03 2.042848690968721348e+04 6.298364563702054220e+00 2.135229560310286615e+03 3.827459014963997106e+02 -3.205903471766318944e+02 -4.085401671280415030e+02 2.397662098955880083e+03 3.683458738879208340e+03 -4.134114873047658989e+02
9.735163405585913310e+00 1.811038020210884497e+04 1.768684898415466305e+05 -2.970885543012640539e+01 1.848667644680162630e+04 5.492878555534692168e+03 4.761713436446860214e+03 4.087425608131414265e+03 3.683458738879208340e+03 2.335391343172151392e+04 6.140381490637950264e+03
2.857772779349473158e+00 4.761713436446860214e+03 5.515335496449914353e+04 -1.683178784820493945e+01 5.764747746179885326e+03 1.693313731886109281e+03 2.493222370277800110e+03 2.105493741352236157e+03 -4.134114873047658989e+02 6.140381490637950264e+03 3.215089840837197244e+03
