3.857239584463871829e-01 -8.610522343530706557e-01 -5.533547541113186696e+00 2.826273639660241681e-03 -1.031897453787508301e+00 -4.621896822410163086e-01 -2.811598827377773113e-01 3.519697841762713386e-01 3.015978741851549905e-01 -1.309450981464221453e+00 -4.275757842681400245e-01
-8.610522343530706557e-01 2.760518544116438079e+03 1.698614917779510142e+04 -7.568592906175995338e+00 3.167581728717819260e+03 1.219790719385558759e+03 7.437759635978927690e+02 5.358599668451845446e+02 3.957991735579343526e+02 4.198077158070811493e+03 1.131102303281871173e+03
-5.533547541113186696e+00 1.698614917779510142e+04 1.086035093608459138e+05 -5.688181653363104573e+01 2.025241202848688408e+04 7.754676522980303162e+03 5.429922944277141141e+03 4.161757904089614385e+03 9.867433359809087960e+02 2.583180070239626730e+04 8.257591868396801146e+03
2.826273639660241681e-03 -7.568592906175995338e+00 -5.688181653363104573e+01 5.745711099723019299e-02 -1.060733665189657593e+01 -4.623849162404844115e+00 -4.193659373927483891e+00 -3.675282409421391172e+00 3.980727592321657404e+00 -1.150998860915966482e+01 -6.377535722024813225e+00
-1.031897453787508301e+00 3.167581728717819260e+03 2.025241202848688408e+04 -1.060733665189657593e+01 3.776675315424683049e+03 1.446094191755939846e+03 1.012573510723785830e+03 7.760857483563215737e+02 1.840081662577811414e+02 4.817121236151288940e+03 1.539877982452631386e+03
-4.621896822410163086e-01 1.219790719385558759e+03 7.754676522980303162e+03 -4.623849162404844115e+00 1.446094191755939846e+03 6.218201899913524358e+02 3.806835123993952266e+02 2.718705193280153480e+02 4.179644998226824448e+00 1.855004947383278704e+03 5.789270140076473581e+02
-2.811598827377773113e-01 7.437759635978927690e+02 5.429922944277141141e+03 -4.193659373927483891e+00 1.012573510723785830e+03 3.806835123993952266e+02 3.786980168355452747e+02 3.250173907888343479e+02 -1.960752843255837661e+02 1.131102303281871173e+03 5.759075582637926800e+02
3.519697841762713386e-01 5.358599668451845446e+02 4.161757904089614385e+03 -3.675282409421391172e+00 7.760857483563215737e+02 2.718705193280153480e+02 3.250173907888343479e+02 3.459198994133124074e+02 -2.795731231870062174e+02 8.149126516581242186e+02 4.942723848584398638e+02
3.015978741851549905e-01 3.957991735579343526e+02 9.867433359809087960e+02 3.980727592321657404e+00 1.840081662577811414e+02 4.179644998226824448e+00 -1.960752843255837661e+02 -2.795731231870062174e+02 8.029787937130740829e+02 6.019142574637901362e+02 -2.981828084958349905e+02
-1.309450981464221453e+00 4.198077158070811493e+03 2.583180070239626730e+04 -1.150998860915966482e+01 4.817121236151288940e+03 1.855004947383278704e+03 1.131102303281871173e+03 8.149126516581242186e+02 6.019142574637901362e+02 6.384254096998572095e+03 1.720131441597958883e+03
-4.275757842681400245e-01 1.131102303281871173e+03 8.257591868396801146e+03 -6.377535722024813225e+00 1.539877982452631386e+03 5.789270140076473581e+02 5.759075582637926800e+02 4.942723848584398638e+02 -2.981828084958349905e+02 1.720131441597958883e+03 8.758152958836219568e+02
