0.0187515849870574687063840002565484610386192798614501953125000000 0.0644063442802689928301518307307560462504625320434570312500000000 0.7095538797182132650931407624739222228527069091796875000000000000 -0.0001619376745648065110076002648398230121529195457696914672851562 0.0665343849805742904024441486399155110120773315429687500000000000 0.0226902477684750927822143751200201222673058509826660156250000000 0.0194933934408449173469879411868532770313322544097900390625000000 0.0330185658460784778323038324288063449785113334655761718750000000 0.0163768084592099474883220011633966350927948951721191406250000000 0.0813168845614247043362965428059396799653768539428710937500000000 0.0246115820087809758498487155975453788414597511291503906250000000
0.0644063442802689928301518307307560462504625320434570312500000000 114.2987440656587381226927391253411769866943359375000000000000000000 1243.6823797459576326218666508793830871582031250000000000000000000000 -0.1854635178884558865952669748367043212056159973144531250000000000 116.6192513533095933553340728394687175750732421875000000000000000000 32.3687946358653135803251643665134906768798828125000000000000000000 32.5226068915165669181988050695508718490600585937500000000000000000 27.9167536444372856863083143252879381179809570312500000000000000000 22.5047711112283259637933952035382390022277832031250000000000000000 144.3090409891555339072510832920670509338378906250000000000000000000 41.0617478726274995892708830069750547409057617187500000000000000000
0.7095538797182132650931407624739222228527069091796875000000000000 1243.6823797459576326218666508793830871582031250000000000000000000000 13990.5428715873003966407850384712219238281250000000000000000000000000 -2.4232953216160728615591324341949075460433959960937500000000000000 1311.8836949705494134832406416535377502441406250000000000000000000000 362.5163035109079601170378737151622772216796875000000000000000000000 414.9817181704632389482867438346147537231445312500000000000000000000 355.2862735707562364950717892497777938842773437500000000000000000000 179.7637844491139844649296719580888748168945312500000000000000000000 1570.2238286463673375692451372742652893066406250000000000000000000000 523.9393859202019712029141373932361602783203125000000000000000000000
-0.0001619376745648065110076002648398230121529195457696914672851562 -0.1854635178884558865952669748367043212056159973144531250000000000 -2.4232953216160728615591324341949075460433959960937500000000000000 0.0008515761319001820131915914124931532569462433457374572753906250 -0.2272307550683240473521351532326661981642246246337890625000000000 -0.0794062676384456739286932247523509431630373001098632812500000000 -0.1068338256879505648866413025643851142376661300659179687500000000 -0.0900526434584870971722381227664300240576267242431640625000000000 0.0485156158272701046318964301917731063440442085266113281250000000 -0.2341588494584296575862225608943845145404338836669921875000000000 -0.1348841324220888537865903344936668872833251953125000000000000000
0.0665343849805742904024441486399155110120773315429687500000000000 116.6192513533095933553340728394687175750732421875000000000000000000 1311.8836949705494134832406416535377502441406250000000000000000000000 -0.2272307550683240473521351532326661981642246246337890625000000000 123.0144423219454949958162615075707435607910156250000000000000000000 33.9929073590693420214847719762474298477172851562500000000000000000 38.9125536282301922597071097698062658309936523437500000000000000000 33.3149523662079616315168095752596855163574218750000000000000000000 16.8563278730181984599312272621318697929382324218750000000000000000 147.2388210495285250090091722086071968078613281250000000000000000000 49.1294400689408163884763780515640974044799804687500000000000000000
0.0226902477684750927822143751200201222673058509826660156250000000 32.3687946358653135803251643665134906768798828125000000000000000000 362.5163035109079601170378737151622772216796875000000000000000000000 -0.0794062676384456739286932247523509431630373001098632812500000000 33.9929073590693420214847719762474298477172851562500000000000000000 12.4276443330588666213998294551856815814971923828125000000000000000 10.5858330449136417428235290572047233581542968750000000000000000000 8.1498856167155278029667897499166429042816162109375000000000000000 2.3927762783598942597507175378268584609031677246093750000000000000 40.8675506459925230728913447819650173187255859375000000000000000000 13.3652510993931361582554018241353332996368408203125000000000000000
0.0194933934408449173469879411868532770313322544097900390625000000 32.5226068915165669181988050695508718490600585937500000000000000000 414.9817181704632389482867438346147537231445312500000000000000000000 -0.1068338256879505648866413025643851142376661300659179687500000000 38.9125536282301922597071097698062658309936523437500000000000000000 10.5858330449136417428235290572047233581542968750000000000000000000 17.4050841564101475000825303141027688980102539062500000000000000000 14.8166877359592223939444011193700134754180908203125000000000000000 -2.2820047414674391461630875710397958755493164062500000000000000000 41.0617478726274924838435254059731960296630859375000000000000000000 21.9749658973001906758781842654570937156677246093750000000000000000
0.0330185658460784778323038324288063449785113334655761718750000000 27.9167536444372856863083143252879381179809570312500000000000000000 355.2862735707562364950717892497777938842773437500000000000000000000 -0.0900526434584870971722381227664300240576267242431640625000000000 33.3149523662079616315168095752596855163574218750000000000000000000 8.1498856167155278029667897499166429042816162109375000000000000000 14.8166877359592223939444011193700134754180908203125000000000000000 14.4033775792751370659061649348586797714233398437500000000000000000 -2.9701570179474106048189696593908593058586120605468750000000000000 35.2465810441890070592307893093675374984741210937500000000000000000 18.7069596896338801172987587051466107368469238281250000000000000000
0.0163768084592099474883220011633966350927948951721191406250000000 22.5047711112283259637933952035382390022277832031250000000000000000 179.7637844491139844649296719580888748168945312500000000000000000000 0.0485156158272701046318964301917731063440442085266113281250000000 16.8563278730181984599312272621318697929382324218750000000000000000 2.3927762783598942597507175378268584609031677246093750000000000000 -2.2820047414674391461630875710397958755493164062500000000000000000 -2.9701570179474106048189696593908593058586120605468750000000000000 18.9157465569684433148722746409475803375244140625000000000000000000 28.4136274924964027377427555620670318603515625000000000000000000000 -2.8811682793705784000337644101819023489952087402343750000000000000
0.0813168845614247043362965428059396799653768539428710937500000000 144.3090409891555339072510832920670509338378906250000000000000000000 1570.2238286463673375692451372742652893066406250000000000000000000000 -0.2341588494584296575862225608943845145404338836669921875000000000 147.2388210495285250090091722086071968078613281250000000000000000000 40.8675506459925230728913447819650173187255859375000000000000000000 41.0617478726274924838435254059731960296630859375000000000000000000 35.2465810441890070592307893093675374984741210937500000000000000000 28.4136274924964027377427555620670318603515625000000000000000000000 182.1988463779341884674067841842770576477050781250000000000000000000 51.8429271054232359006164188031107187271118164062500000000000000000
0.0246115820087809758498487155975453788414597511291503906250000000 41.0617478726274995892708830069750547409057617187500000000000000000 523.9393859202019712029141373932361602783203125000000000000000000000 -0.1348841324220888537865903344936668872833251953125000000000000000 49.1294400689408163884763780515640974044799804687500000000000000000 13.3652510993931361582554018241353332996368408203125000000000000000 21.9749658973001906758781842654570937156677246093750000000000000000 18.7069596896338801172987587051466107368469238281250000000000000000 -2.8811682793705784000337644101819023489952087402343750000000000000 51.8429271054232359006164188031107187271118164062500000000000000000 27.7447165350050255483438377268612384796142578125000000000000000000
