1.403585904526410566e+01 -1.346243620164914319e+02 -1.033298767238173014e+03 6.073529337407137518e-01 -1.506502636233037151e+02 -7.554974353040513790e+01 -4.161155151880208081e+01 -6.502607162652719097e+00 2.606575955694295033e+01 -1.885268060004183894e+02 -5.827246111369217374e+01
-1.346243620164914319e+02 9.711278003556237672e+04 7.315034918062984943e+05 -2.342045984222223183e+02 1.066498842116443993e+05 3.850336603201916296e+04 2.754278531490463138e+04 1.966206362299535976e+04 1.464484871314834345e+04 1.359959071871628112e+05 3.857068116050281969e+04
-1.033298767238173014e+03 7.315034918062984943e+05 5.710251543340587057e+06 -2.124186333691414347e+03 8.325287202838117955e+05 2.985931872561752680e+05 2.431562351217978576e+05 1.830773295592946233e+05 5.687270327980231377e+04 1.024391238128957804e+06 3.405139135291407001e+05
6.073529337407137518e-01 -2.342045984222223183e+02 -2.124186333691414347e+03 1.484095896678135462e+00 -3.096967124145122625e+02 -1.268927749522847961e+02 -1.306113404710760335e+02 -1.102891482280056437e+02 9.809758616327576419e+01 -3.279781180002426026e+02 -1.829070049255182369e+02
-1.506502636233037151e+02 1.066498842116443993e+05 8.325287202838117955e+05 -3.096967124145122625e+02 1.213789033349525998e+05 4.353352951005387149e+04 3.545107386574997508e+04 2.669184251063846023e+04 8.291781635405037377e+03 1.493515863664612989e+05 4.964538085889702779e+04
-7.554974353040513790e+01 3.850336603201916296e+04 2.985931872561752680e+05 -1.268927749522847961e+02 4.353352951005387149e+04 1.770265921263504788e+04 1.244732877200900293e+04 8.741511867799748870e+03 1.057445221217270273e+03 5.391978472211710323e+04 1.743113283119219341e+04
-4.161155151880208081e+01 2.754278531490463138e+04 2.431562351217978576e+05 -1.306113404710760335e+02 3.545107386574997508e+04 1.244732877200900293e+04 1.417433566140396761e+04 1.181136236303301848e+04 -5.373693605707177994e+03 3.857068116050281969e+04 1.984961851923182621e+04
-6.502607162652719097e+00 1.966206362299535976e+04 1.830773295592946233e+05 -1.102891482280056437e+02 2.669184251063846023e+04 8.741511867799748870e+03 1.181136236303301848e+04 1.183231617973589346e+04 -7.732147442858740760e+03 2.753458585576244877e+04 1.654053090735087244e+04
2.606575955694295033e+01 1.464484871314834345e+04 5.687270327980231377e+04 9.809758616327576419e+01 8.291781635405037377e+03 1.057445221217270273e+03 -5.373693605707177994e+03 -7.732147442858740760e+03 2.294585947080378901e+04 2.050852097565357690e+04 -7.525274599145313005e+03
-1.885268060004183894e+02 1.359959071871628112e+05 1.024391238128957804e+06 -3.279781180002426026e+02 1.493515863664612989e+05 5.391978472211710323e+04 3.857068116050281969e+04 2.753458585576244877e+04 2.050852097565357690e+04 1.904475061355120270e+05 5.401405225273667747e+04
-5.827246111369217374e+01 3.857068116050281969e+04 3.405139135291407001e+05 -1.829070049255182369e+02 4.964538085889702779e+04 1.743113283119219341e+04 1.984961851923182621e+04 1.654053090735087244e+04 -7.525274599145313005e+03 5.401405225273667747e+04 2.779723612951357791e+04
