0.0247134892705149350478066594405390787869691848754882812500000000 0.0837975254988398282618433654533873777836561203002929687500000000 0.8697750203722992567989535928063560277223587036132812500000000000 -0.0001940657935190124271096490105037446483038365840911865234375000 0.0877196693487713174963715800913632847368717193603515625000000000 0.0273636289985661508572523104021456674672663211822509765625000000 0.0256854636872913058565082167206128360703587532043457031250000000 0.0425354165358025615439885314117418602108955383300781250000000000 0.0233875285663506758682128605641992180608212947845458984375000000 0.1072810907346005288021117962671269197016954421997070312500000000 0.0328836029941568519507910650645499117672443389892578125000000000
0.0837975254988398282618433654533873777836561203002929687500000000 139.7024575263201313646277412772178649902343750000000000000000000000 1436.1347357956019550329074263572692871093750000000000000000000000000 -0.2243688326577345792944839786287047900259494781494140625000000000 144.8389080090523464150464860722422599792480468750000000000000000000 38.0027642229075581781216897070407867431640625000000000000000000000 40.8731232193722462398000061511993408203125000000000000000000000000 35.9011093922886672658023599069565534591674804687500000000000000000 28.5099192925916327112645376473665237426757812500000000000000000000 178.8529187766447705598693573847413063049316406250000000000000000000 52.3274788199406728494977869559079408645629882812500000000000000000
0.8697750203722992567989535928063560277223587036132812500000000000 1436.1347357956019550329074263572692871093750000000000000000000000000 15282.3954025036528037162497639656066894531250000000000000000000000000 -2.7708859383102231177531393768731504678726196289062500000000000000 1541.2798024378578247706172987818717956542968750000000000000000000000 402.3787537013864721302525140345096588134765625000000000000000000000 492.8921951463466371023969259113073348999023437500000000000000000000 431.6388972926670248853042721748352050781250000000000000000000000000 217.2985514531850128605583449825644493103027343750000000000000000000 1838.5996481499037145113106817007064819335937500000000000000000000000 631.0211667360476894828025251626968383789062500000000000000000000000
-0.0001940657935190124271096490105037446483038365840911865234375000 -0.2243688326577345792944839786287047900259494781494140625000000000 -2.7708859383102231177531393768731504678726196289062500000000000000 0.0010250840804162354106404686504561141191516071557998657226562500 -0.2794529534863995912097323071066057309508323669433593750000000000 -0.0953253243849570275347815595523570664227008819580078125000000000 -0.1307106432427924402883689936061273328959941864013671875000000000 -0.1122176811734411638887820572563214227557182312011718750000000000 0.0578319016581015227229656261442869435995817184448242187500000000 -0.2872463470857987144491119124722899869084358215332031250000000000 -0.1673412227178731337406958346036844886839389801025390625000000000
0.0877196693487713174963715800913632847368717193603515625000000000 144.8389080090523464150464860722422599792480468750000000000000000000 1541.2798024378578247706172987818717956542968750000000000000000000000 -0.2794529534863995912097323071066057309508323669433593750000000000 155.4431335426452278625220060348510742187500000000000000000000000000 40.5812197417993303361072321422398090362548828125000000000000000000 49.7097977869272540374367963522672653198242187500000000000000000000 43.5322013874047044623694091569632291793823242187500000000000000000 21.9152730728933704540395410731434822082519531250000000000000000000 185.4288171341614486209437018260359764099121093750000000000000000000 63.6405585371589452847729262430220842361450195312500000000000000000
0.0273636289985661508572523104021456674672663211822509765625000000 38.0027642229075581781216897070407867431640625000000000000000000000 402.3787537013864721302525140345096588134765625000000000000000000000 -0.0953253243849570275347815595523570664227008819580078125000000000 40.5812197417993303361072321422398090362548828125000000000000000000 14.7780942747428856165470278938300907611846923828125000000000000000 12.7595926489854267771306695067323744297027587890625000000000000000 9.9165513376060392403132937033660709857940673828125000000000000000 2.6136468778017936109847596526378765702247619628906250000000000000 48.6527253936611785434251942206174135208129882812500000000000000000 16.3353632289690793299996585119515657424926757812500000000000000000
0.0256854636872913058565082167206128360703587532043457031250000000 40.8731232193722462398000061511993408203125000000000000000000000000 492.8921951463466371023969259113073348999023437500000000000000000000 -0.1307106432427924402883689936061273328959941864013671875000000000 49.7097977869272540374367963522672653198242187500000000000000000000 12.7595926489854267771306695067323744297027587890625000000000000000 22.1471681346446551685858139535412192344665527343750000000000000000 19.2715726142973089451970736263319849967956542968750000000000000000 -2.2768482864945420729441138973925262689590454101562500000000000000 52.3274788199406728494977869559079408645629882812500000000000000000 28.3537293019489098355734313372522592544555664062500000000000000000
0.0425354165358025615439885314117418602108955383300781250000000000 35.9011093922886672658023599069565534591674804687500000000000000000 431.6388972926670248853042721748352050781250000000000000000000000000 -0.1122176811734411638887820572563214227557182312011718750000000000 43.5322013874047044623694091569632291793823242187500000000000000000 9.9165513376060392403132937033660709857940673828125000000000000000 19.2715726142973089451970736263319849967956542968750000000000000000 19.1228856454592737179609684972092509269714355468750000000000000000 -3.2440453305453424981408261373871937394142150878906250000000000000 45.9620991343027398556841944810003042221069335937500000000000000000 24.6722718591672034449402417521923780441284179687500000000000000000
0.0233875285663506758682128605641992180608212947845458984375000000 28.5099192925916327112645376473665237426757812500000000000000000000 217.2985514531850128605583449825644493103027343750000000000000000000 0.0578319016581015227229656261442869435995817184448242187500000000 21.9152730728933704540395410731434822082519531250000000000000000000 2.6136468778017936109847596526378765702247619628906250000000000000 -2.2768482864945420729441138973925262689590454101562500000000000000 -3.2440453305453424981408261373871937394142150878906250000000000000 23.7587534281889496412532025715336203575134277343750000000000000000 36.4995889825768884406897996086627244949340820312500000000000000000 -2.9149162359898372898214802262373268604278564453125000000000000000
0.1072810907346005288021117962671269197016954421997070312500000000 178.8529187766447705598693573847413063049316406250000000000000000000 1838.5996481499037145113106817007064819335937500000000000000000000000 -0.2872463470857987144491119124722899869084358215332031250000000000 185.4288171341614486209437018260359764099121093750000000000000000000 48.6527253936611785434251942206174135208129882812500000000000000000 52.3274788199406728494977869559079408645629882812500000000000000000 45.9620991343027398556841944810003042221069335937500000000000000000 36.4995889825768884406897996086627244949340820312500000000000000000 228.9749738217629158043564530089497566223144531250000000000000000000 66.9918230851895799560224986635148525238037109375000000000000000000
0.0328836029941568519507910650645499117672443389892578125000000000 52.3274788199406728494977869559079408645629882812500000000000000000 631.0211667360476894828025251626968383789062500000000000000000000000 -0.1673412227178731337406958346036844886839389801025390625000000000 63.6405585371589452847729262430220842361450195312500000000000000000 16.3353632289690793299996585119515657424926757812500000000000000000 28.3537293019489098355734313372522592544555664062500000000000000000 24.6722718591672034449402417521923780441284179687500000000000000000 -2.9149162359898372898214802262373268604278564453125000000000000000 66.9918230851895799560224986635148525238037109375000000000000000000 36.2996280355413958318422373849898576736450195312500000000000000000
