0.0159743267549101591873395022957993205636739730834960937500000000 0.0377996789495117571644478005055134417489171028137207031250000000 0.3497791111170710509625791928556282073259353637695312500000000000 0.0000053975673781064600068512956965172122636431595310568809509277 0.0443380588762017982529251014511828543618321418762207031250000000 0.0029598014176766078951741345548498429707251489162445068359375000 0.0157504358548466658063169631986966123804450035095214843750000000 0.0252730417581737941412622916459440602920949459075927734375000000 0.0212069646210165801969438348351104650646448135375976562500000000 0.0509481072991182643017182840594614390283823013305664062500000000 0.0212291458086834063101466796297245309688150882720947265625000000
0.0377996789495117571644478005055134417489171028137207031250000000 66.1922495925787615078661474399268627166748046875000000000000000000 584.1127278438350458600325509905815124511718750000000000000000000000 -0.0989476091841264004944633825289201922714710235595703125000000000 74.0422274925693102431978331878781318664550781250000000000000000000 12.7924784175494306026621416094712913036346435546875000000000000000 22.9559277501542666755085519980639219284057617187500000000000000000 22.4433399041508856441851094132289290428161621093750000000000000000 15.7589091165892760670885763829573988914489746093750000000000000000 89.2168909454791645430304924957454204559326171875000000000000000000 30.9410318465355977934905240545049309730529785156250000000000000000
0.3497791111170710509625791928556282073259353637695312500000000000 584.1127278438350458600325509905815124511718750000000000000000000000 5358.9162366528626080253161489963531494140625000000000000000000000000 -1.0358851341600814333077096307533793151378631591796875000000000000 679.2971222738996175394277088344097137451171875000000000000000000000 115.1064675050168091274827020242810249328613281250000000000000000000 235.8695166068334003739437321200966835021972656250000000000000000000 229.9232284185321475433738669380545616149902343750000000000000000000 109.3359381987035732208823901601135730743408203125000000000000000000 787.2934046005361778952647000551223754882812500000000000000000000000 317.9155425295301142796233762055635452270507812500000000000000000000
0.0000053975673781064600068512956965172122636431595310568809509277 -0.0989476091841264004944633825289201922714710235595703125000000000 -1.0358851341600814333077096307533793151378631591796875000000000000 0.0004442910844693817172708361074029426163178868591785430908203125 -0.1313089735996255946748334508811240084469318389892578125000000000 -0.0394881367377375239180459232102293753996491432189941406250000000 -0.0608194305898624373862837444448814494535326957702636718750000000 -0.0562445080181445122846639605995733290910720825195312500000000000 0.0247790584072711018992496434520944603718817234039306640625000000 -0.1333660377496195537094791916388203389942646026611328125000000000 -0.0819751638552899952738783895256347022950649261474609375000000000
0.0443380588762017982529251014511828543618321418762207031250000000 74.0422274925693102431978331878781318664550781250000000000000000000 679.2971222738996175394277088344097137451171875000000000000000000000 -0.1313089735996255946748334508811240084469318389892578125000000000 86.1078173182673225483085843734443187713623046875000000000000000000 14.5909151549100997158348036464303731918334960937500000000000000000 29.8988595431439847516230656765401363372802734375000000000000000000 29.1451070536206096051046188222244381904602050781250000000000000000 13.8594418907890428727114340290427207946777343750000000000000000000 99.7974442056964932135088020004332065582275390625000000000000000000 40.2990275700486932919375249184668064117431640625000000000000000000
0.0029598014176766078951741345548498429707251489162445068359375000 12.7924784175494306026621416094712913036346435546875000000000000000 115.1064675050168091274827020242810249328613281250000000000000000000 -0.0394881367377375239180459232102293753996491432189941406250000000 14.5909151549100997158348036464303731918334960937500000000000000000 6.2098287656633912590109503071289509534835815429687500000000000000 4.7980056648786311157550699135754257440567016601562500000000000000 3.5941718356170571091467991209356114268302917480468750000000000000 -0.2637399341495852977956815266225021332502365112304687500000000000 17.2422777428743358996143797412514686584472656250000000000000000000 6.4669678216716954821663421171251684427261352539062500000000000000
0.0157504358548466658063169631986966123804450035095214843750000000 22.9559277501542666755085519980639219284057617187500000000000000000 235.8695166068334003739437321200966835021972656250000000000000000000 -0.0608194305898624373862837444448814494535326957702636718750000000 29.8988595431439847516230656765401363372802734375000000000000000000 4.7980056648786311157550699135754257440567016601562500000000000000 13.3842687593102667165112507063895463943481445312500000000000000000 12.9747330402239899882488316507078707218170166015625000000000000000 0.6232551207450909291907237275154329836368560791015625000000000000 30.9410318465355977934905240545049309730529785156250000000000000000 18.0399193808068787348020123317837715148925781250000000000000000000
0.0252730417581737941412622916459440602920949459075927734375000000 22.4433399041508856441851094132289290428161621093750000000000000000 229.9232284185321475433738669380545616149902343750000000000000000000 -0.0562445080181445122846639605995733290910720825195312500000000000 29.1451070536206096051046188222244381904602050781250000000000000000 3.5941718356170571091467991209356114268302917480468750000000000000 12.9747330402239899882488316507078707218170166015625000000000000000 14.0694885380189784740423419862054288387298583984375000000000000000 0.1723421232881107989509672506756032817065715789794921875000000000 30.2501428944551840061194525333121418952941894531250000000000000000 17.4879287200740662910902756266295909881591796875000000000000000000
0.0212069646210165801969438348351104650646448135375976562500000000 15.7589091165892760670885763829573988914489746093750000000000000000 109.3359381987035732208823901601135730743408203125000000000000000000 0.0247790584072711018992496434520944603718817234039306640625000000 13.8594418907890428727114340290427207946777343750000000000000000000 -0.2637399341495852977956815266225021332502365112304687500000000000 0.6232551207450909291907237275154329836368560791015625000000000000 0.1723421232881107989509672506756032817065715789794921875000000000 12.8489008226031184989324174239300191402435302734375000000000000000 21.2405664519384238531074515776708722114562988281250000000000000000 0.8400512821513234085202270762238185852766036987304687500000000000
0.0509481072991182643017182840594614390283823013305664062500000000 89.2168909454791645430304924957454204559326171875000000000000000000 787.2934046005361778952647000551223754882812500000000000000000000000 -0.1333660377496195537094791916388203389942646026611328125000000000 99.7974442056964932135088020004332065582275390625000000000000000000 17.2422777428743358996143797412514686584472656250000000000000000000 30.9410318465355977934905240545049309730529785156250000000000000000 30.2501428944551840061194525333121418952941894531250000000000000000 21.2405664519384238531074515776708722114562988281250000000000000000 120.2505380761365074704372091218829154968261718750000000000000000000 41.7037142714433102241855522152036428451538085937500000000000000000
0.0212291458086834063101466796297245309688150882720947265625000000 30.9410318465355977934905240545049309730529785156250000000000000000 317.9155425295301142796233762055635452270507812500000000000000000000 -0.0819751638552899952738783895256347022950649261474609375000000000 40.2990275700486932919375249184668064117431640625000000000000000000 6.4669678216716954821663421171251684427261352539062500000000000000 18.0399193808068787348020123317837715148925781250000000000000000000 17.4879287200740662910902756266295909881591796875000000000000000000 0.8400512821513234085202270762238185852766036987304687500000000000 41.7037142714433102241855522152036428451538085937500000000000000000 24.3150146727016718273262085858732461929321289062500000000000000000
