0.0064209630603202149864983105942428665002807974815368652343750000 0.0185594608772436490962132182858113083057105541229248046875000000 0.1561919924795159009267564442779985256493091583251953125000000000 -0.0000115016858328782230175930598181643915722816018387675285339355 0.0234974488989141173933550277297399588860571384429931640625000000 0.0045966657383254795263272107774810137925669550895690917968750000 0.0088728612581740924636353184951076400466263294219970703125000000 0.0111201217695095291859708197534928331151604652404785156250000000 0.0064441027693934666356612162019246170530095696449279785156250000 0.0262353304612135337925415967674780404195189476013183593750000000 0.0125425220476160694665912487266723474022001028060913085937500000
0.0185594608772436490962132182858113083057105541229248046875000000 22.8291999072771751855270849773660302162170410156250000000000000000 180.7345455966270719727617688477039337158203125000000000000000000000 -0.0316123762993512497088133272882259916514158248901367187500000000 27.1896188915201051372605434153228998184204101562500000000000000000 2.8651936918940013043766157352365553379058837890625000000000000000 8.8420633893678246550962285255081951618194580078125000000000000000 9.3633207338535680008817507768981158733367919921875000000000000000 6.2564102889041786070833950361702591180801391601562500000000000000 32.2709591455262199133358080871403217315673828125000000000000000000 12.4989867169845378924719625501893460750579833984375000000000000000
0.1561919924795159009267564442779985256493091583251953125000000000 180.7345455966270719727617688477039337158203125000000000000000000000 1491.0134539585151287610642611980438232421875000000000000000000000000 -0.2931060414190242435772404405724955722689628601074218750000000000 224.3073533144050770715693943202495574951171875000000000000000000000 22.3507379078008838746427500154823064804077148437500000000000000000 80.9468306668846651064086472615599632263183593750000000000000000000 85.5042032325054606189951300621032714843750000000000000000000000000 40.9632320356574624042877985630184412002563476562500000000000000000 255.4832040029050972407276276499032974243164062500000000000000000000 114.4250291740698486364635755307972431182861328125000000000000000000
-0.0000115016858328782230175930598181643915722816018387675285339355 -0.0316123762993512497088133272882259916514158248901367187500000000 -0.2931060414190242435772404405724955722689628601074218750000000000 0.0001384829891402994460174180613165617614868097007274627685546875 -0.0440947331605989686909019553695543436333537101745605468750000000 -0.0118560798792976453824854488061646407004445791244506835937500000 -0.0200363692265887356758202741957575199194252490997314453125000000 -0.0197047072198955758315364050758944358676671981811523437500000000 0.0072580541557473810324041529895566782215610146522521972656250000 -0.0446867042293572630518028176993539091199636459350585937500000000 -0.0283230623658349070503881250715494388714432716369628906250000000
0.0234974488989141173933550277297399588860571384429931640625000000 27.1896188915201051372605434153228998184204101562500000000000000000 224.3073533144050770715693943202495574951171875000000000000000000000 -0.0440947331605989686909019553695543436333537101745605468750000000 33.7446913153831573595198278781026601791381835937500000000000000000 3.3624343572571477878341283940244466066360473632812500000000000000 12.1776026218093438302503273007459938526153564453125000000000000000 12.8632115782866218722801932017318904399871826171875000000000000000 6.1624891021123033851836225949227809906005859375000000000000000000 38.4347714328339833400605130009353160858154296875000000000000000000 17.2140468476774195494272134965285658836364746093750000000000000000
0.0045966657383254795263272107774810137925669550895690917968750000 2.8651936918940013043766157352365553379058837890625000000000000000 22.3507379078008838746427500154823064804077148437500000000000000000 -0.0118560798792976453824854488061646407004445791244506835937500000 3.3624343572571477878341283940244466066360473632812500000000000000 2.1925792979104872237883228081045672297477722167968750000000000000 1.0492491424048733250629084068350493907928466796875000000000000000 0.6104408618490738680506524360680487006902694702148437500000000000 -0.5945167524545077464281916945765260607004165649414062500000000000 4.0501878712646792735085909953340888023376464843750000000000000000 1.4832003024877176144968871085438877344131469726562500000000000000
0.0088728612581740924636353184951076400466263294219970703125000000 8.8420633893678246550962285255081951618194580078125000000000000000 80.9468306668846651064086472615599632263183593750000000000000000000 -0.0200363692265887356758202741957575199194252490997314453125000000 12.1776026218093438302503273007459938526153564453125000000000000000 1.0492491424048733250629084068350493907928466796875000000000000000 5.4158216440371447220059053506702184677124023437500000000000000000 5.6960561729455561064128232828807085752487182617187500000000000000 0.8646533354679456495617273503739852458238601684570312500000000000 12.4989867169845396688288019504398107528686523437500000000000000000 7.6557110947400026645937032299116253852844238281250000000000000000
0.0111201217695095291859708197534928331151604652404785156250000000 9.3633207338535680008817507768981158733367919921875000000000000000 85.5042032325054606189951300621032714843750000000000000000000000000 -0.0197047072198955758315364050758944358676671981811523437500000000 12.8632115782866218722801932017318904399871826171875000000000000000 0.6104408618490738680506524360680487006902694702148437500000000000 5.6960561729455561064128232828807085752487182617187500000000000000 6.5897780176278564212566379865165799856185913085937500000000000000 0.8029578924496257874565685597190167754888534545898437500000000000 13.2358270152221830784355915966443717479705810546875000000000000000 8.0518457411708830306906747864559292793273925781250000000000000000
0.0064441027693934666356612162019246170530095696449279785156250000 6.2564102889041786070833950361702591180801391601562500000000000000 40.9632320356574624042877985630184412002563476562500000000000000000 0.0072580541557473810324041529895566782215610146522521972656250000 6.1624891021123033851836225949227809906005859375000000000000000000 -0.5945167524545077464281916945765260607004165649414062500000000000 0.8646533354679456495617273503739852458238601684570312500000000000 0.8029578924496257874565685597190167754888534545898437500000000000 4.9289640810833841300109270378015935420989990234375000000000000000 8.8439525542249786127513289102353155612945556640625000000000000000 1.2222588867441850357664634429966099560260772705078125000000000000
0.0262353304612135337925415967674780404195189476013183593750000000 32.2709591455262199133358080871403217315673828125000000000000000000 255.4832040029050972407276276499032974243164062500000000000000000000 -0.0446867042293572630518028176993539091199636459350585937500000000 38.4347714328339833400605130009353160858154296875000000000000000000 4.0501878712646792735085909953340888023376464843750000000000000000 12.4989867169845396688288019504398107528686523437500000000000000000 13.2358270152221830784355915966443717479705810546875000000000000000 8.8439525542249786127513289102353155612945556640625000000000000000 45.6176654636176905910360801499336957931518554687500000000000000000 17.6683498038714574818186520133167505264282226562500000000000000000
0.0125425220476160694665912487266723474022001028060913085937500000 12.4989867169845378924719625501893460750579833984375000000000000000 114.4250291740698486364635755307972431182861328125000000000000000000 -0.0283230623658349070503881250715494388714432716369628906250000000 17.2140468476774195494272134965285658836364746093750000000000000000 1.4832003024877176144968871085438877344131469726562500000000000000 7.6557110947400026645937032299116253852844238281250000000000000000 8.0518457411708830306906747864559292793273925781250000000000000000 1.2222588867441850357664634429966099560260772705078125000000000000 17.6683498038714574818186520133167505264282226562500000000000000000 10.8219797878046968264698080020025372505187988281250000000000000000
