3.686727894283354345e+00 -3.668191177650745516e+01 -2.804159001658815669e+02 1.651521117880126732e-01 -4.109190583320376788e+01 -2.054995041132304578e+01 -1.133882728306387122e+01 -1.915061423298059617e+00 6.935648878604397716e+00 -5.144628160575684461e+01 -1.590267445812725633e+01
-3.668191177650745516e+01 2.575207714859381667e+04 1.929684014902441704e+05 -6.228062687610514558e+01 2.827742427633478292e+04 1.026361464063113999e+04 7.263777272430371340e+03 5.167840957254120440e+03 3.878652885987409263e+03 3.611721823528889945e+04 1.018742788968480090e+04
-2.804159001658815669e+02 1.929684014902441704e+05 1.498548309440603014e+06 -5.623942153657853851e+02 2.195959857540640223e+05 7.919526350502781861e+04 6.383355921622865571e+04 4.792872017712669185e+04 1.490385186055410668e+04 2.706376588157496299e+05 8.952639337187053752e+04
1.651521117880126732e-01 -6.228062687610514558e+01 -5.623942153657853851e+02 3.965030226668120883e-01 -8.241276662727973701e+01 -3.387087587808188971e+01 -3.468545297557287910e+01 -2.926968937487998446e+01 2.624394598983277405e+01 -8.734840998399681666e+01 -4.864625356160920688e+01
-4.109190583320376788e+01 2.827742427633478292e+04 2.195959857540640223e+05 -8.241276662727973701e+01 3.217940766774489384e+04 1.160520608303335393e+04 9.354115093900985812e+03 7.023433603655874322e+03 2.183997686449389221e+03 3.965901072085005580e+04 1.311912100507511059e+04
-2.054995041132304578e+01 1.026361464063113999e+04 7.919526350502781861e+04 -3.387087587808188971e+01 1.160520608303335393e+04 4.731523975472049642e+03 3.304032520013954581e+03 2.315514439288776430e+03 2.850225872095215323e+02 1.439469164835205447e+04 4.633896632619853335e+03
-1.133882728306387122e+01 7.263777272430371340e+03 6.383355921622865571e+04 -3.468545297557287910e+01 9.354115093900985812e+03 3.304032520013954581e+03 3.730851073840045956e+03 3.104006646640785675e+03 -1.438681959080685829e+03 1.018742788968480090e+04 5.232508494741005961e+03
-1.915061423298059617e+00 5.167840957254120440e+03 4.792872017712669185e+04 -2.926968937487998446e+01 7.023433603655874322e+03 2.315514439288776430e+03 3.104006646640785675e+03 3.111263534238652028e+03 -2.065541383042665530e+03 7.247882902082840701e+03 4.353360888662690741e+03
6.935648878604397716e+00 3.878652885987409263e+03 1.490385186055410668e+04 2.624394598983277405e+01 2.183997686449389221e+03 2.850225872095215323e+02 -1.438681959080685829e+03 -2.065541383042665530e+03 6.109175801323322958e+03 5.439800134716114371e+03 -2.017747538867071398e+03
-5.144628160575684461e+01 3.611721823528889945e+04 2.706376588157496299e+05 -8.734840998399681666e+01 3.965901072085005580e+04 1.439469164835205447e+04 1.018742788968480090e+04 7.247882902082840701e+03 5.439800134716114371e+03 5.065430044840924529e+04 1.428783993714099233e+04
-1.590267445812725633e+01 1.018742788968480090e+04 8.952639337187053752e+04 -4.864625356160920688e+01 1.311912100507511059e+04 4.633896632619853335e+03 5.232508494741005961e+03 4.353360888662690741e+03 -2.017747538867071398e+03 1.428783993714099233e+04 7.338578947713479465e+03
