# A b_HI Tb sigma_NL sigma8tot n_s f DA H omegak omegaDE w0 wa h gamma sigma_8 fs8 bs8 pk0 pk1 pk2 pk3 pk4 pk5 pk6 pk7 pk8 pk9 pk10 pk11 pk12 pk13 pk14 pk15 pk16 pk17 pk18 pk19 pk20 pk21 pk22 pk23 pk24 pk25 pk26 pk27 pk28 pk29 pk30 pk31 pk32 pk33 pk34 pk35 pk36 pk37 pk38 pk39 pk40 pk41 pk42 pk43 pk44 pk45 pk46 pk47 pk48 pk49 pk50 pk51 pk52 pk53 pk54 pk55 pk56 pk57 pk58 pk59 pk60 pk61 pk62 pk63 pk64 pk65 pk66 pk67 pk68 pk69 pk70 pk71 pk72 pk73 pk74 pk75 pk76 pk77 pk78 pk79 pk80 pk81 pk82 pk83 pk84 pk85 pk86 pk87 pk88 pk89
8.182081566189330246e+00 -7.559049986872666693e+01 -5.612406325553528177e+02 3.450750972077171186e-01 -8.533167799954692612e+01 -4.288928779079947873e+01 -2.336848623574577744e+01 3.395185249634121938e+00 1.886497348442990329e+01 -5.816362824714533986e+01 -1.966502348109396792e+01 1.299488100784095757e+01 1.691502148387846294e+00 1.732832506439133269e+01 2.720867472673379694e+01 -6.274625665216936454e+01 -1.072001701004761713e+02 -3.314048331222898014e+01 0.000000000000000000e+00 0.000000000000000000e+00 0.000000000000000000e+00 0.000000000000000000e+00 0.000000000000000000e+00 0.000000000000000000e+00 0.000000000000000000e+00 0.000000000000000000e+00 0.000000000000000000e+00 0.000000000000000000e+00 0.000000000000000000e+00 0.000000000000000000e+00 0.000000000000000000e+00 0.000000000000000000e+00 0.000000000000000000e+00 0.000000000000000000e+00 0.000000000000000000e+00 0.000000000000000000e+00 0.000000000000000000e+00 0.000000000000000000e+00 0.000000000000000000e+00 2.251134465675369575e-17 -1.186742081743961232e-16 -1.052081851216663913e-15 -2.828579306194537783e-15 -2.591290133030394498e-15 -1.459705891369099222e-02 -3.450150378696175690e-01 -9.544860641471021312e-01 -1.286204053415905602e+00 -2.947148370244892512e-01 2.800780994391475875e+00 6.672335830695312886e+00 5.705006033190174186e+00 -6.408573321927448774e+00 -1.873362971885698514e+01 9.167896872028648003e-01 3.188494006563308147e+01 -7.044455173379374990e+00 -4.348849126074805582e+01 4.498815477840792454e+01 -2.177026410514930532e+01 -2.821708214634193368e+01 0.000000000000000000e+00 0.000000000000000000e+00 0.000000000000000000e+00 0.000000000000000000e+00 0.000000000000000000e+00 0.000000000000000000e+00 0.000000000000000000e+00 0.000000000000000000e+00 0.000000000000000000e+00 0.000000000000000000e+00 0.000000000000000000e+00 0.000000000000000000e+00 0.000000000000000000e+00 0.000000000000000000e+00 0.000000000000000000e+00 0.000000000000000000e+00 0.000000000000000000e+00 0.000000000000000000e+00 0.000000000000000000e+00 0.000000000000000000e+00 0.000000000000000000e+00 0.000000000000000000e+00 0.000000000000000000e+00 0.000000000000000000e+00 0.000000000000000000e+00 0.000000000000000000e+00 0.000000000000000000e+00 0.000000000000000000e+00 0.000000000000000000e+00 0.000000000000000000e+00 0.000000000000000000e+00 0.000000000000000000e+00 0.000000000000000000e+00 0.000000000000000000e+00 0.000000000000000000e+00 0.000000000000000000e+00 0.000000000000000000e+00 0.000000000000000000e+00 0.000000000000000000e+00 0.000000000000000000e+00 0.000000000000000000e+00 0.000000000000000000e+00 0.000000000000000000e+00 0.000000000000000000e+00 0.000000000000000000e+00 0.000000000000000000e+00 0.000000000000000000e+00
-7.559049986872666693e+01 5.531809532235539518e+04 4.027623537756521837e+05 -1.335901550237543631e+02 6.123645632398853195e+04 2.201143008882871072e+04 1.564333312367076360e+04 -1.137882988112404018e+04 1.080401104907835543e+04 5.958086441644238948e+04 3.524691718138830765e+03 -4.574882301627611014e+03 -6.619061470990478711e+02 2.961491719720334731e+04 -1.991165642167061378e+04 4.591851373695847724e+04 7.845045658501147409e+04 2.218490385310596321e+04 0.000000000000000000e+00 0.000000000000000000e+00 0.000000000000000000e+00 0.000000000000000000e+00 0.000000000000000000e+00 0.000000000000000000e+00 0.000000000000000000e+00 0.000000000000000000e+00 0.000000000000000000e+00 0.000000000000000000e+00 0.000000000000000000e+00 0.000000000000000000e+00 0.000000000000000000e+00 0.000000000000000000e+00 0.000000000000000000e+00 0.000000000000000000e+00 0.000000000000000000e+00 0.000000000000000000e+00 0.000000000000000000e+00 0.000000000000000000e+00 0.000000000000000000e+00 1.656860348206090974e-02 5.679987948698511646e-01 1.953565997147600930e+00 4.394992776192790274e+00 8.489664084648460118e+00 1.519846285766925220e+01 2.569959205733719187e+01 4.192908251657090801e+01 6.706850520224361389e+01 1.049906143089539512e+02 1.614999180589421428e+02 2.449264256026945645e+02 3.679820352375968469e+02 5.427172150950744935e+02 7.928223701155105800e+02 1.159063908195056456e+03 1.677563135822412733e+03 2.364719984796452081e+03 3.285598982277756022e+03 4.572989826008591081e+03 6.066699154603667921e+03 4.033156468923677949e+03 0.000000000000000000e+00 0.000000000000000000e+00 0.000000000000000000e+00 0.000000000000000000e+00 0.000000000000000000e+00 0.000000000000000000e+00 0.000000000000000000e+00 0.000000000000000000e+00 0.000000000000000000e+00 0.000000000000000000e+00 0.000000000000000000e+00 0.000000000000000000e+00 0.000000000000000000e+00 0.000000000000000000e+00 0.000000000000000000e+00 0.000000000000000000e+00 0.000000000000000000e+00 0.000000000000000000e+00 0.000000000000000000e+00 0.000000000000000000e+00 0.000000000000000000e+00 0.000000000000000000e+00 0.000000000000000000e+00 0.000000000000000000e+00 0.000000000000000000e+00 0.000000000000000000e+00 0.000000000000000000e+00 0.000000000000000000e+00 0.000000000000000000e+00 0.000000000000000000e+00 0.000000000000000000e+00 0.000000000000000000e+00 0.000000000000000000e+00 0.000000000000000000e+00 0.000000000000000000e+00 0.000000000000000000e+00 0.000000000000000000e+00 0.000000000000000000e+00 0.000000000000000000e+00 0.000000000000000000e+00 0.000000000000000000e+00 0.000000000000000000e+00 0.000000000000000000e+00 0.000000000000000000e+00 0.000000000000000000e+00 0.000000000000000000e+00 0.000000000000000000e+00
-5.612406325553528177e+02 4.027623537756521837e+05 3.040592578688781243e+06 -1.173423913427049229e+03 4.622952291803174885e+05 1.650788693697097769e+05 1.337033153164082323e+05 -1.025848049515363091e+05 4.118651759976205358e+04 4.265018080129491864e+05 3.476888374189122987e+04 -3.700476758938090643e+04 -5.376813562952607754e+03 2.004007703910222044e+05 -1.449736394796513196e+05 3.343254782509302604e+05 5.711854387760303216e+05 1.896140145892385335e+05 0.000000000000000000e+00 0.000000000000000000e+00 0.000000000000000000e+00 0.000000000000000000e+00 0.000000000000000000e+00 0.000000000000000000e+00 0.000000000000000000e+00 0.000000000000000000e+00 0.000000000000000000e+00 0.000000000000000000e+00 0.000000000000000000e+00 0.000000000000000000e+00 0.000000000000000000e+00 0.000000000000000000e+00 0.000000000000000000e+00 0.000000000000000000e+00 0.000000000000000000e+00 0.000000000000000000e+00 0.000000000000000000e+00 0.000000000000000000e+00 0.000000000000000000e+00 1.821590756961856128e-01 6.013242587198019962e+00 1.974759542570710380e+01 4.254870177857564784e+01 7.908898484040608423e+01 1.368119828974655547e+02 2.246458922500675612e+02 3.573880435716522470e+02 5.592290380384873743e+02 8.591857459708526221e+02 1.300729727196033764e+03 1.946159434074569390e+03 2.890208595311872159e+03 4.222317451217795679e+03 6.119364858872166224e+03 8.882591141444250752e+03 1.277955325025510319e+04 1.792997677179599850e+04 2.480584753327216822e+04 3.435707990601407073e+04 4.532926283248219261e+04 2.996274346987213357e+04 0.000000000000000000e+00 0.000000000000000000e+00 0.000000000000000000e+00 0.000000000000000000e+00 0.000000000000000000e+00 0.000000000000000000e+00 0.000000000000000000e+00 0.000000000000000000e+00 0.000000000000000000e+00 0.000000000000000000e+00 0.000000000000000000e+00 0.000000000000000000e+00 0.000000000000000000e+00 0.000000000000000000e+00 0.000000000000000000e+00 0.000000000000000000e+00 0.000000000000000000e+00 0.000000000000000000e+00 0.000000000000000000e+00 0.000000000000000000e+00 0.000000000000000000e+00 0.000000000000000000e+00 0.000000000000000000e+00 0.000000000000000000e+00 0.000000000000000000e+00 0.000000000000000000e+00 0.000000000000000000e+00 0.000000000000000000e+00 0.000000000000000000e+00 0.000000000000000000e+00 0.000000000000000000e+00 0.000000000000000000e+00 0.000000000000000000e+00 0.000000000000000000e+00 0.000000000000000000e+00 0.000000000000000000e+00 0.000000000000000000e+00 0.000000000000000000e+00 0.000000000000000000e+00 0.000000000000000000e+00 0.000000000000000000e+00 0.000000000000000000e+00 0.000000000000000000e+00 0.000000000000000000e+00 0.000000000000000000e+00 0.000000000000000000e+00 0.000000000000000000e+00
3.450750972077171186e-01 -1.335901550237543631e+02 -1.173423913427049229e+03 8.530701596144140142e-01 -1.784087354502968594e+02 -7.295450332503251900e+01 -7.455017048044361161e+01 6.411646210907105115e+01 7.080285368133489499e+01 -1.169670602413771263e+02 -3.527426039369620980e+01 2.225528387115329565e+01 3.178268550125845415e+00 -1.089176866506332253e+01 4.808555415095319319e+01 -1.108906829281533533e+02 -1.894535340706259490e+02 -1.057248062971127780e+02 0.000000000000000000e+00 0.000000000000000000e+00 0.000000000000000000e+00 0.000000000000000000e+00 0.000000000000000000e+00 0.000000000000000000e+00 0.000000000000000000e+00 0.000000000000000000e+00 0.000000000000000000e+00 0.000000000000000000e+00 0.000000000000000000e+00 0.000000000000000000e+00 0.000000000000000000e+00 0.000000000000000000e+00 0.000000000000000000e+00 0.000000000000000000e+00 0.000000000000000000e+00 0.000000000000000000e+00 0.000000000000000000e+00 0.000000000000000000e+00 0.000000000000000000e+00 -2.210273799846231411e-06 -7.925004916555433362e-05 -2.942753298973800136e-04 -7.279895295276563819e-04 -1.572370153234467884e-03 -3.197472042767131230e-03 -6.212795893139009054e-03 -1.177683625070150009e-02 -2.218779637771194427e-02 -4.129089949125764464e-02 -7.602618905732379251e-02 -1.390552853040230574e-01 -2.548351158363958424e-01 -4.602787955879685255e-01 -8.272618176473911511e-01 -1.495801641755070577e+00 -2.690581302005518705e+00 -4.724913947606864895e+00 -8.183566747587287082e+00 -1.421711336825757677e+01 -2.333925800046023014e+01 -1.791336226859210612e+01 0.000000000000000000e+00 0.000000000000000000e+00 0.000000000000000000e+00 0.000000000000000000e+00 0.000000000000000000e+00 0.000000000000000000e+00 0.000000000000000000e+00 0.000000000000000000e+00 0.000000000000000000e+00 0.000000000000000000e+00 0.000000000000000000e+00 0.000000000000000000e+00 0.000000000000000000e+00 0.000000000000000000e+00 0.000000000000000000e+00 0.000000000000000000e+00 0.000000000000000000e+00 0.000000000000000000e+00 0.000000000000000000e+00 0.000000000000000000e+00 0.000000000000000000e+00 0.000000000000000000e+00 0.000000000000000000e+00 0.000000000000000000e+00 0.000000000000000000e+00 0.000000000000000000e+00 0.000000000000000000e+00 0.000000000000000000e+00 0.000000000000000000e+00 0.000000000000000000e+00 0.000000000000000000e+00 0.000000000000000000e+00 0.000000000000000000e+00 0.000000000000000000e+00 0.000000000000000000e+00 0.000000000000000000e+00 0.000000000000000000e+00 0.000000000000000000e+00 0.000000000000000000e+00 0.000000000000000000e+00 0.000000000000000000e+00 0.000000000000000000e+00 0.000000000000000000e+00 0.000000000000000000e+00 0.000000000000000000e+00 0.000000000000000000e+00 0.000000000000000000e+00
-8.533167799954692612e+01 6.123645632398853195e+04 4.622952291803174885e+05 -1.784087354502968594e+02 7.028790388452669140e+04 2.509878313950488518e+04 2.032840743925717834e+04 -1.559711296011248669e+04 6.262045999313753782e+03 6.484583053418921190e+04 5.286301489538239366e+03 -5.626247868063424903e+03 -8.174969825838791166e+02 3.046916601887567595e+04 -2.204196062244286441e+04 5.083123423773003015e+04 8.684369789434142876e+04 2.882913513132805019e+04 0.000000000000000000e+00 0.000000000000000000e+00 0.000000000000000000e+00 0.000000000000000000e+00 0.000000000000000000e+00 0.000000000000000000e+00 0.000000000000000000e+00 0.000000000000000000e+00 0.000000000000000000e+00 0.000000000000000000e+00 0.000000000000000000e+00 0.000000000000000000e+00 0.000000000000000000e+00 0.000000000000000000e+00 0.000000000000000000e+00 0.000000000000000000e+00 0.000000000000000000e+00 0.000000000000000000e+00 0.000000000000000000e+00 0.000000000000000000e+00 0.000000000000000000e+00 2.769567755853630589e-02 9.142603910334968775e-01 3.002447357489873347e+00 6.469154064874448551e+00 1.202478116558493504e+01 2.080105287090853494e+01 3.415542252193059625e+01 5.433769347043229914e+01 8.502583283149965609e+01 1.306315992895515308e+02 1.977644593196550886e+02 2.958963420166356855e+02 4.394306735842966987e+02 6.419660520991408248e+02 9.303953445450562185e+02 1.350519479732418176e+03 1.943018127471874323e+03 2.726094505068382205e+03 3.771509886191770420e+03 5.223690355768299014e+03 6.891913798840490017e+03 4.555570337295546778e+03 0.000000000000000000e+00 0.000000000000000000e+00 0.000000000000000000e+00 0.000000000000000000e+00 0.000000000000000000e+00 0.000000000000000000e+00 0.000000000000000000e+00 0.000000000000000000e+00 0.000000000000000000e+00 0.000000000000000000e+00 0.000000000000000000e+00 0.000000000000000000e+00 0.000000000000000000e+00 0.000000000000000000e+00 0.000000000000000000e+00 0.000000000000000000e+00 0.000000000000000000e+00 0.000000000000000000e+00 0.000000000000000000e+00 0.000000000000000000e+00 0.000000000000000000e+00 0.000000000000000000e+00 0.000000000000000000e+00 0.000000000000000000e+00 0.000000000000000000e+00 0.000000000000000000e+00 0.000000000000000000e+00 0.000000000000000000e+00 0.000000000000000000e+00 0.000000000000000000e+00 0.000000000000000000e+00 0.000000000000000000e+00 0.000000000000000000e+00 0.000000000000000000e+00 0.000000000000000000e+00 0.000000000000000000e+00 0.000000000000000000e+00 0.000000000000000000e+00 0.000000000000000000e+00 0.000000000000000000e+00 0.000000000000000000e+00 0.000000000000000000e+00 0.000000000000000000e+00 0.000000000000000000e+00 0.000000000000000000e+00 0.000000000000000000e+00 0.000000000000000000e+00
-4.288928779079947873e+01 2.201143008882871072e+04 1.650788693697097769e+05 -7.295450332503251900e+01 2.509878313950488518e+04 1.019015662017432987e+04 7.106847946356895591e+03 -5.078386262498905126e+03 8.198031204359608637e+02 2.231328352046875443e+04 2.534469555649922313e+03 -2.310564874556058840e+03 -3.274453631221230125e+02 8.476622982941657028e+03 -7.922977657209008612e+03 1.827127541203539295e+04 3.121594715969599201e+04 1.007871769667810258e+04 0.000000000000000000e+00 0.000000000000000000e+00 0.000000000000000000e+00 0.000000000000000000e+00 0.000000000000000000e+00 0.000000000000000000e+00 0.000000000000000000e+00 0.000000000000000000e+00 0.000000000000000000e+00 0.000000000000000000e+00 0.000000000000000000e+00 0.000000000000000000e+00 0.000000000000000000e+00 0.000000000000000000e+00 0.000000000000000000e+00 0.000000000000000000e+00 0.000000000000000000e+00 0.000000000000000000e+00 0.000000000000000000e+00 0.000000000000000000e+00 0.000000000000000000e+00 -1.462199331325120429e-02 -4.519977737590911149e-01 -1.345792581624441819e+00 -2.585629363704486927e+00 -4.211978106614281181e+00 -6.238680336707298046e+00 -8.543908986888142820e+00 -1.089899706937252866e+01 -1.276694298255520366e+01 -1.305629397553426152e+01 -9.918760197602793482e+00 -1.184778638631617392e-01 2.210255014730866563e+01 6.434840583531153868e+01 1.395493483586307377e+02 2.704956168288307481e+02 4.869472073080747805e+02 8.188514158776586100e+02 1.320407517378615239e+03 2.093593832772307906e+03 3.104830818257736155e+03 2.217040280663512476e+03 0.000000000000000000e+00 0.000000000000000000e+00 0.000000000000000000e+00 0.000000000000000000e+00 0.000000000000000000e+00 0.000000000000000000e+00 0.000000000000000000e+00 0.000000000000000000e+00 0.000000000000000000e+00 0.000000000000000000e+00 0.000000000000000000e+00 0.000000000000000000e+00 0.000000000000000000e+00 0.000000000000000000e+00 0.000000000000000000e+00 0.000000000000000000e+00 0.000000000000000000e+00 0.000000000000000000e+00 0.000000000000000000e+00 0.000000000000000000e+00 0.000000000000000000e+00 0.000000000000000000e+00 0.000000000000000000e+00 0.000000000000000000e+00 0.000000000000000000e+00 0.000000000000000000e+00 0.000000000000000000e+00 0.000000000000000000e+00 0.000000000000000000e+00 0.000000000000000000e+00 0.000000000000000000e+00 0.000000000000000000e+00 0.000000000000000000e+00 0.000000000000000000e+00 0.000000000000000000e+00 0.000000000000000000e+00 0.000000000000000000e+00 0.000000000000000000e+00 0.000000000000000000e+00 0.000000000000000000e+00 0.000000000000000000e+00 0.000000000000000000e+00 0.000000000000000000e+00 0.000000000000000000e+00 0.000000000000000000e+00 0.000000000000000000e+00 0.000000000000000000e+00
-2.336848623574577744e+01 1.564333312367076360e+04 1.337033153164082323e+05 -7.455017048044361161e+01 2.032840743925717834e+04 7.106847946356895591e+03 8.051392555204090058e+03 -6.832740704329652544e+03 -3.808520442029830065e+03 1.551231673820351716e+04 2.664555793932282540e+03 -1.970613279454368694e+03 -2.893014043071557353e+02 5.587044198858025993e+03 -5.630791744241291781e+03 1.298523752029479874e+04 2.218490385310596321e+04 1.141824241091800104e+04 0.000000000000000000e+00 0.000000000000000000e+00 0.000000000000000000e+00 0.000000000000000000e+00 0.000000000000000000e+00 0.000000000000000000e+00 0.000000000000000000e+00 0.000000000000000000e+00 0.000000000000000000e+00 0.000000000000000000e+00 0.000000000000000000e+00 0.000000000000000000e+00 0.000000000000000000e+00 0.000000000000000000e+00 0.000000000000000000e+00 0.000000000000000000e+00 0.000000000000000000e+00 0.000000000000000000e+00 0.000000000000000000e+00 0.000000000000000000e+00 0.000000000000000000e+00 1.595397728068818563e-02 5.045345113319252839e-01 1.564177055066587219e+00 3.175009371853774631e+00 5.565115521420555211e+00 9.088183095124009014e+00 1.414147694679254741e+01 2.140094671018884398e+01 3.195423415049067728e+01 4.704668719081679029e+01 6.854134160373747875e+01 9.909584163888915498e+01 1.427043130083361007e+02 2.030863410873080568e+02 2.877458457325809604e+02 4.090218334553775890e+02 5.779647985801402683e+02 7.992711134080234388e+02 1.091021833514464106e+03 1.487671917419976808e+03 1.927790572663958983e+03 1.250049812703463431e+03 0.000000000000000000e+00 0.000000000000000000e+00 0.000000000000000000e+00 0.000000000000000000e+00 0.000000000000000000e+00 0.000000000000000000e+00 0.000000000000000000e+00 0.000000000000000000e+00 0.000000000000000000e+00 0.000000000000000000e+00 0.000000000000000000e+00 0.000000000000000000e+00 0.000000000000000000e+00 0.000000000000000000e+00 0.000000000000000000e+00 0.000000000000000000e+00 0.000000000000000000e+00 0.000000000000000000e+00 0.000000000000000000e+00 0.000000000000000000e+00 0.000000000000000000e+00 0.000000000000000000e+00 0.000000000000000000e+00 0.000000000000000000e+00 0.000000000000000000e+00 0.000000000000000000e+00 0.000000000000000000e+00 0.000000000000000000e+00 0.000000000000000000e+00 0.000000000000000000e+00 0.000000000000000000e+00 0.000000000000000000e+00 0.000000000000000000e+00 0.000000000000000000e+00 0.000000000000000000e+00 0.000000000000000000e+00 0.000000000000000000e+00 0.000000000000000000e+00 0.000000000000000000e+00 0.000000000000000000e+00 0.000000000000000000e+00 0.000000000000000000e+00 0.000000000000000000e+00 0.000000000000000000e+00 0.000000000000000000e+00 0.000000000000000000e+00 0.000000000000000000e+00
3.395185249634121938e+00 -1.137882988112404018e+04 -1.025848049515363091e+05 6.411646210907105115e+01 -1.559711296011248669e+04 -5.078386262498905126e+03 -6.832740704329652544e+03 6.988149095022384245e+03 5.637732057002632246e+03 -1.100925983109017034e+04 -2.521375112051813630e+03 1.657907013607416275e+03 2.482229053824093228e+02 -3.649965266539904860e+03 4.095790893617734582e+03 -9.445353336230167770e+03 -1.613711380291507339e+04 -9.689987062244903427e+03 -0.000000000000000000e+00 -0.000000000000000000e+00 -0.000000000000000000e+00 -0.000000000000000000e+00 -0.000000000000000000e+00 -0.000000000000000000e+00 -0.000000000000000000e+00 -0.000000000000000000e+00 -0.000000000000000000e+00 -0.000000000000000000e+00 -0.000000000000000000e+00 -0.000000000000000000e+00 -0.000000000000000000e+00 -0.000000000000000000e+00 -0.000000000000000000e+00 -0.000000000000000000e+00 -0.000000000000000000e+00 -0.000000000000000000e+00 -0.000000000000000000e+00 -0.000000000000000000e+00 -0.000000000000000000e+00 -2.238728791069523674e-02 -6.778850236731538415e-01 -1.989476877758400652e+00 -3.826340443689709048e+00 -6.375195082120352907e+00 -1.021411246518583482e+01 -1.683914464121816223e+01 -2.537064782160200238e+01 -3.752968067559147869e+01 -5.450499513546595409e+01 -7.735167650113366733e+01 -1.075235939072445461e+02 -1.482001806301058195e+02 -1.994698208516388718e+02 -2.708009136462939637e+02 -3.808201000072297120e+02 -5.370206481325259347e+02 -6.520728426685267323e+02 -7.807468881125449798e+02 -1.188954516769972543e+03 -1.272471680721702569e+03 -7.323458338570998194e+02 -0.000000000000000000e+00 -0.000000000000000000e+00 -0.000000000000000000e+00 -0.000000000000000000e+00 -0.000000000000000000e+00 -0.000000000000000000e+00 -0.000000000000000000e+00 -0.000000000000000000e+00 -0.000000000000000000e+00 -0.000000000000000000e+00 -0.000000000000000000e+00 -0.000000000000000000e+00 -0.000000000000000000e+00 -0.000000000000000000e+00 -0.000000000000000000e+00 -0.000000000000000000e+00 -0.000000000000000000e+00 -0.000000000000000000e+00 -0.000000000000000000e+00 -0.000000000000000000e+00 -0.000000000000000000e+00 -0.000000000000000000e+00 -0.000000000000000000e+00 -0.000000000000000000e+00 -0.000000000000000000e+00 -0.000000000000000000e+00 -0.000000000000000000e+00 -0.000000000000000000e+00 -0.000000000000000000e+00 -0.000000000000000000e+00 -0.000000000000000000e+00 -0.000000000000000000e+00 -0.000000000000000000e+00 -0.000000000000000000e+00 -0.000000000000000000e+00 -0.000000000000000000e+00 -0.000000000000000000e+00 -0.000000000000000000e+00 -0.000000000000000000e+00 -0.000000000000000000e+00 -0.000000000000000000e+00 -0.000000000000000000e+00 -0.000000000000000000e+00 -0.000000000000000000e+00 -0.000000000000000000e+00 -0.000000000000000000e+00 -0.000000000000000000e+00
1.886497348442990329e+01 1.080401104907835543e+04 4.118651759976205358e+04 7.080285368133489499e+01 6.262045999313753782e+03 8.198031204359608637e+02 -3.808520442029830065e+03 5.637732057002632246e+03 2.108930160177403377e+04 1.652661101287889323e+04 -4.400824231143106772e+03 1.223251716471102782e+03 1.736066288333950638e+02 1.664877225888100656e+04 -3.888885810901081186e+03 8.968207001351109284e+03 1.532192304906019490e+04 -5.401128976865650657e+03 0.000000000000000000e+00 0.000000000000000000e+00 0.000000000000000000e+00 0.000000000000000000e+00 0.000000000000000000e+00 0.000000000000000000e+00 0.000000000000000000e+00 0.000000000000000000e+00 0.000000000000000000e+00 0.000000000000000000e+00 0.000000000000000000e+00 0.000000000000000000e+00 0.000000000000000000e+00 0.000000000000000000e+00 0.000000000000000000e+00 0.000000000000000000e+00 0.000000000000000000e+00 0.000000000000000000e+00 0.000000000000000000e+00 0.000000000000000000e+00 0.000000000000000000e+00 1.145372814835879903e-02 4.029581940615504787e-01 1.366352495100879638e+00 2.955693250513913295e+00 5.437261030422718022e+00 9.772907061920376393e+00 1.831623525105291606e+01 2.866237564790776915e+01 4.346278541592904077e+01 6.413654437951427667e+01 9.191949172240254029e+01 1.284607893774793865e+02 1.766596197531729615e+02 2.349038717704360408e+02 3.084734255260738678e+02 4.062442519074998586e+02 5.152007914732712379e+02 5.292473102460465952e+02 4.429565147762559718e+02 3.666470151990102408e+02 -2.531514878397814812e+02 -5.103583113576736423e+02 0.000000000000000000e+00 0.000000000000000000e+00 0.000000000000000000e+00 0.000000000000000000e+00 0.000000000000000000e+00 0.000000000000000000e+00 0.000000000000000000e+00 0.000000000000000000e+00 0.000000000000000000e+00 0.000000000000000000e+00 0.000000000000000000e+00 0.000000000000000000e+00 0.000000000000000000e+00 0.000000000000000000e+00 0.000000000000000000e+00 0.000000000000000000e+00 0.000000000000000000e+00 0.000000000000000000e+00 0.000000000000000000e+00 0.000000000000000000e+00 0.000000000000000000e+00 0.000000000000000000e+00 0.000000000000000000e+00 0.000000000000000000e+00 0.000000000000000000e+00 0.000000000000000000e+00 0.000000000000000000e+00 0.000000000000000000e+00 0.000000000000000000e+00 0.000000000000000000e+00 0.000000000000000000e+00 0.000000000000000000e+00 0.000000000000000000e+00 0.000000000000000000e+00 0.000000000000000000e+00 0.000000000000000000e+00 0.000000000000000000e+00 0.000000000000000000e+00 0.000000000000000000e+00 0.000000000000000000e+00 0.000000000000000000e+00 0.000000000000000000e+00 0.000000000000000000e+00 0.000000000000000000e+00 0.000000000000000000e+00 0.000000000000000000e+00 0.000000000000000000e+00
-5.816362824714533986e+01 5.958086441644238948e+04 4.265018080129491864e+05 -1.169670602413771263e+02 6.484583053418921190e+04 2.231328352046875443e+04 1.551231673820351716e+04 -1.100925983109017034e+04 1.652661101287889323e+04 6.586763484635048371e+04 2.310925500928831298e+03 -4.292662937613514259e+03 -6.273978016363188317e+02 3.584732835147836886e+04 -2.144603306843984319e+04 4.945695843690120819e+04 8.449578731808996235e+04 2.199910036149749794e+04 0.000000000000000000e+00 0.000000000000000000e+00 0.000000000000000000e+00 0.000000000000000000e+00 0.000000000000000000e+00 0.000000000000000000e+00 0.000000000000000000e+00 0.000000000000000000e+00 0.000000000000000000e+00 0.000000000000000000e+00 0.000000000000000000e+00 0.000000000000000000e+00 0.000000000000000000e+00 0.000000000000000000e+00 0.000000000000000000e+00 0.000000000000000000e+00 0.000000000000000000e+00 0.000000000000000000e+00 0.000000000000000000e+00 0.000000000000000000e+00 0.000000000000000000e+00 3.248166217036560499e-02 1.068458719574050253e+00 3.473957635941887112e+00 7.394366976363769162e+00 1.358201322063709604e+01 2.366340196660538453e+01 4.064775179005214056e+01 6.454384535624092223e+01 1.003682994452563548e+02 1.528358828475797111e+02 2.281707048686124324e+02 3.352103683240605960e+02 4.881659132085439410e+02 6.967390649514594543e+02 9.893355454779607498e+02 1.416038434818138285e+03 2.005967634134805394e+03 2.672575862432649501e+03 3.500216555162133773e+03 4.806652424737817455e+03 5.844321990676366113e+03 3.654414624388651191e+03 0.000000000000000000e+00 0.000000000000000000e+00 0.000000000000000000e+00 0.000000000000000000e+00 0.000000000000000000e+00 0.000000000000000000e+00 0.000000000000000000e+00 0.000000000000000000e+00 0.000000000000000000e+00 0.000000000000000000e+00 0.000000000000000000e+00 0.000000000000000000e+00 0.000000000000000000e+00 0.000000000000000000e+00 0.000000000000000000e+00 0.000000000000000000e+00 0.000000000000000000e+00 0.000000000000000000e+00 0.000000000000000000e+00 0.000000000000000000e+00 0.000000000000000000e+00 0.000000000000000000e+00 0.000000000000000000e+00 0.000000000000000000e+00 0.000000000000000000e+00 0.000000000000000000e+00 0.000000000000000000e+00 0.000000000000000000e+00 0.000000000000000000e+00 0.000000000000000000e+00 0.000000000000000000e+00 0.000000000000000000e+00 0.000000000000000000e+00 0.000000000000000000e+00 0.000000000000000000e+00 0.000000000000000000e+00 0.000000000000000000e+00 0.000000000000000000e+00 0.000000000000000000e+00 0.000000000000000000e+00 0.000000000000000000e+00 0.000000000000000000e+00 0.000000000000000000e+00 0.000000000000000000e+00 0.000000000000000000e+00 0.000000000000000000e+00 0.000000000000000000e+00
-1.966502348109396792e+01 3.524691718138830765e+03 3.476888374189122987e+04 -3.527426039369620980e+01 5.286301489538239366e+03 2.534469555649922313e+03 2.664555793932282995e+03 -2.521375112051813630e+03 -4.400824231143106772e+03 2.310925500928831298e+03 1.658848098140121692e+03 -8.948240889902600657e+02 -1.263798918957590871e+02 -1.486489384274917938e+03 -1.268706922660907594e+03 2.925780508796631693e+03 4.998611629667837406e+03 3.778792769565024628e+03 0.000000000000000000e+00 0.000000000000000000e+00 0.000000000000000000e+00 0.000000000000000000e+00 0.000000000000000000e+00 0.000000000000000000e+00 0.000000000000000000e+00 0.000000000000000000e+00 0.000000000000000000e+00 0.000000000000000000e+00 0.000000000000000000e+00 0.000000000000000000e+00 0.000000000000000000e+00 0.000000000000000000e+00 0.000000000000000000e+00 0.000000000000000000e+00 0.000000000000000000e+00 0.000000000000000000e+00 0.000000000000000000e+00 0.000000000000000000e+00 0.000000000000000000e+00 -6.152322146992132874e-03 -1.945986399794325250e-01 -5.857639689217215562e-01 -1.129952153445159535e+00 -1.857343160927451775e+00 -3.071052469403054985e+00 -5.742358541937574223e+00 -8.458236543442858135e+00 -1.198678717615259259e+01 -1.640799398187717628e+01 -2.135781809782054097e+01 -2.625548262616255002e+01 -3.056750368122033379e+01 -3.156101843738015589e+01 -2.898956737288604657e+01 -2.287514554173777626e+01 -3.690094517662803053e+00 8.931957599141013304e+01 2.575880897736884663e+02 4.257879684801624762e+02 8.998165553268826216e+02 7.469962223798305558e+02 0.000000000000000000e+00 0.000000000000000000e+00 0.000000000000000000e+00 0.000000000000000000e+00 0.000000000000000000e+00 0.000000000000000000e+00 0.000000000000000000e+00 0.000000000000000000e+00 0.000000000000000000e+00 0.000000000000000000e+00 0.000000000000000000e+00 0.000000000000000000e+00 0.000000000000000000e+00 0.000000000000000000e+00 0.000000000000000000e+00 0.000000000000000000e+00 0.000000000000000000e+00 0.000000000000000000e+00 0.000000000000000000e+00 0.000000000000000000e+00 0.000000000000000000e+00 0.000000000000000000e+00 0.000000000000000000e+00 0.000000000000000000e+00 0.000000000000000000e+00 0.000000000000000000e+00 0.000000000000000000e+00 0.000000000000000000e+00 0.000000000000000000e+00 0.000000000000000000e+00 0.000000000000000000e+00 0.000000000000000000e+00 0.000000000000000000e+00 0.000000000000000000e+00 0.000000000000000000e+00 0.000000000000000000e+00 0.000000000000000000e+00 0.000000000000000000e+00 0.000000000000000000e+00 0.000000000000000000e+00 0.000000000000000000e+00 0.000000000000000000e+00 0.000000000000000000e+00 0.000000000000000000e+00 0.000000000000000000e+00 0.000000000000000000e+00 0.000000000000000000e+00
1.299488100784095757e+01 -4.574882301627611014e+03 -3.700476758938090643e+04 2.225528387115329565e+01 -5.626247868063424903e+03 -2.310564874556058840e+03 -1.970613279454368922e+03 1.657907013607416275e+03 1.223251716471102782e+03 -4.292662937613513350e+03 -8.948240889902600657e+02 6.327671538604579382e+02 9.005486915033129947e+01 -1.001300371161755493e+03 1.646721276803931005e+03 -3.797524021535868087e+03 -6.487960283049247664e+03 -2.794664397333402576e+03 0.000000000000000000e+00 0.000000000000000000e+00 0.000000000000000000e+00 0.000000000000000000e+00 0.000000000000000000e+00 0.000000000000000000e+00 0.000000000000000000e+00 0.000000000000000000e+00 0.000000000000000000e+00 0.000000000000000000e+00 0.000000000000000000e+00 0.000000000000000000e+00 0.000000000000000000e+00 0.000000000000000000e+00 0.000000000000000000e+00 0.000000000000000000e+00 0.000000000000000000e+00 0.000000000000000000e+00 0.000000000000000000e+00 0.000000000000000000e+00 0.000000000000000000e+00 2.114774875427740970e-03 6.385650902993776634e-02 1.772639900759803988e-01 3.054645495123258225e-01 4.301751534069114258e-01 6.387223042027518893e-01 1.315286878380861779e+00 1.710464891864287074e+00 2.006428689956167410e+00 2.033301730146671815e+00 1.311356780164778302e+00 -8.745599769074899887e-01 -5.444707290381249898e+00 -1.430073893761135473e+01 -2.877068995723211486e+01 -5.090541240719171867e+01 -8.687722225693688927e+01 -1.658355390333562980e+02 -2.912964367811990201e+02 -4.334400267075776583e+02 -7.276301472797105134e+02 -5.511728206155183898e+02 0.000000000000000000e+00 0.000000000000000000e+00 0.000000000000000000e+00 0.000000000000000000e+00 0.000000000000000000e+00 0.000000000000000000e+00 0.000000000000000000e+00 0.000000000000000000e+00 0.000000000000000000e+00 0.000000000000000000e+00 0.000000000000000000e+00 0.000000000000000000e+00 0.000000000000000000e+00 0.000000000000000000e+00 0.000000000000000000e+00 0.000000000000000000e+00 0.000000000000000000e+00 0.000000000000000000e+00 0.000000000000000000e+00 0.000000000000000000e+00 0.000000000000000000e+00 0.000000000000000000e+00 0.000000000000000000e+00 0.000000000000000000e+00 0.000000000000000000e+00 0.000000000000000000e+00 0.000000000000000000e+00 0.000000000000000000e+00 0.000000000000000000e+00 0.000000000000000000e+00 0.000000000000000000e+00 0.000000000000000000e+00 0.000000000000000000e+00 0.000000000000000000e+00 0.000000000000000000e+00 0.000000000000000000e+00 0.000000000000000000e+00 0.000000000000000000e+00 0.000000000000000000e+00 0.000000000000000000e+00 0.000000000000000000e+00 0.000000000000000000e+00 0.000000000000000000e+00 0.000000000000000000e+00 0.000000000000000000e+00 0.000000000000000000e+00 0.000000000000000000e+00
1.691502148387846294e+00 -6.619061470990478711e+02 -5.376813562952607754e+03 3.178268550125845415e+00 -8.174969825838791166e+02 -3.274453631221230125e+02 -2.893014043071557353e+02 2.482229053824093228e+02 1.736066288333950638e+02 -6.273978016363188317e+02 -1.263798918957591013e+02 9.005486915033131368e+01 1.288188461497076531e+01 -1.612150839005632008e+02 2.382520169508039771e+02 -5.494358822557294388e+02 -9.386953609619519057e+02 -4.102785377248777650e+02 0.000000000000000000e+00 0.000000000000000000e+00 0.000000000000000000e+00 0.000000000000000000e+00 0.000000000000000000e+00 0.000000000000000000e+00 0.000000000000000000e+00 0.000000000000000000e+00 0.000000000000000000e+00 0.000000000000000000e+00 0.000000000000000000e+00 0.000000000000000000e+00 0.000000000000000000e+00 0.000000000000000000e+00 0.000000000000000000e+00 0.000000000000000000e+00 0.000000000000000000e+00 0.000000000000000000e+00 0.000000000000000000e+00 0.000000000000000000e+00 0.000000000000000000e+00 1.477589645216932852e-04 4.410836258989204658e-03 1.149694044247793860e-02 1.727372273956240614e-02 1.818833892037033731e-02 2.182810193288523687e-02 6.846069268240893846e-02 6.717645112939645002e-02 3.061367909425068493e-02 -7.059200047285119073e-02 -3.051906400793467644e-01 -7.749030641583417589e-01 -1.618110902454574118e+00 -3.081002768279358595e+00 -5.389914585402871161e+00 -8.916103432406726981e+00 -1.449125725279784760e+01 -2.536112424558732670e+01 -4.226843610832646903e+01 -6.282948402116949183e+01 -1.010208841015600285e+02 -7.506819099950762109e+01 0.000000000000000000e+00 0.000000000000000000e+00 0.000000000000000000e+00 0.000000000000000000e+00 0.000000000000000000e+00 0.000000000000000000e+00 0.000000000000000000e+00 0.000000000000000000e+00 0.000000000000000000e+00 0.000000000000000000e+00 0.000000000000000000e+00 0.000000000000000000e+00 0.000000000000000000e+00 0.000000000000000000e+00 0.000000000000000000e+00 0.000000000000000000e+00 0.000000000000000000e+00 0.000000000000000000e+00 0.000000000000000000e+00 0.000000000000000000e+00 0.000000000000000000e+00 0.000000000000000000e+00 0.000000000000000000e+00 0.000000000000000000e+00 0.000000000000000000e+00 0.000000000000000000e+00 0.000000000000000000e+00 0.000000000000000000e+00 0.000000000000000000e+00 0.000000000000000000e+00 0.000000000000000000e+00 0.000000000000000000e+00 0.000000000000000000e+00 0.000000000000000000e+00 0.000000000000000000e+00 0.000000000000000000e+00 0.000000000000000000e+00 0.000000000000000000e+00 0.000000000000000000e+00 0.000000000000000000e+00 0.000000000000000000e+00 0.000000000000000000e+00 0.000000000000000000e+00 0.000000000000000000e+00 0.000000000000000000e+00 0.000000000000000000e+00 0.000000000000000000e+00
1.732832506439133269e+01 2.961491719720335095e+04 2.004007703910222044e+05 -1.089176866506332431e+01 3.046916601887567595e+04 8.476622982941657028e+03 5.587044198858025993e+03 -3.649965266539904860e+03 1.664877225888101020e+04 3.584732835147836886e+04 -1.486489384274918848e+03 -1.001300371161755265e+03 -1.612150839005631440e+02 2.511545354982291974e+04 -1.065984019787161378e+04 2.458278749863450503e+04 4.199898355699545937e+04 7.923377799016905556e+03 0.000000000000000000e+00 0.000000000000000000e+00 0.000000000000000000e+00 0.000000000000000000e+00 0.000000000000000000e+00 0.000000000000000000e+00 0.000000000000000000e+00 0.000000000000000000e+00 0.000000000000000000e+00 0.000000000000000000e+00 0.000000000000000000e+00 0.000000000000000000e+00 0.000000000000000000e+00 0.000000000000000000e+00 0.000000000000000000e+00 0.000000000000000000e+00 0.000000000000000000e+00 0.000000000000000000e+00 0.000000000000000000e+00 0.000000000000000000e+00 0.000000000000000000e+00 4.665434420828840079e-02 1.479189407626219088e+00 4.558813504504527714e+00 9.156211156367952242e+00 1.586276026281587725e+01 2.667215996345278484e+01 4.658340519661638979e+01 7.144778767452635293e+01 1.069496653336292695e+02 1.565268873902364817e+02 2.232026973857050507e+02 3.110793112635080320e+02 4.282899126874120839e+02 5.730555280268706611e+02 7.656240573296981893e+02 1.044038402513536539e+03 1.403955778040628957e+03 1.590634329605714129e+03 1.678592195395623776e+03 2.191506465204800406e+03 1.580767399739307166e+03 4.778248879316956845e+02 0.000000000000000000e+00 0.000000000000000000e+00 0.000000000000000000e+00 0.000000000000000000e+00 0.000000000000000000e+00 0.000000000000000000e+00 0.000000000000000000e+00 0.000000000000000000e+00 0.000000000000000000e+00 0.000000000000000000e+00 0.000000000000000000e+00 0.000000000000000000e+00 0.000000000000000000e+00 0.000000000000000000e+00 0.000000000000000000e+00 0.000000000000000000e+00 0.000000000000000000e+00 0.000000000000000000e+00 0.000000000000000000e+00 0.000000000000000000e+00 0.000000000000000000e+00 0.000000000000000000e+00 0.000000000000000000e+00 0.000000000000000000e+00 0.000000000000000000e+00 0.000000000000000000e+00 0.000000000000000000e+00 0.000000000000000000e+00 0.000000000000000000e+00 0.000000000000000000e+00 0.000000000000000000e+00 0.000000000000000000e+00 0.000000000000000000e+00 0.000000000000000000e+00 0.000000000000000000e+00 0.000000000000000000e+00 0.000000000000000000e+00 0.000000000000000000e+00 0.000000000000000000e+00 0.000000000000000000e+00 0.000000000000000000e+00 0.000000000000000000e+00 0.000000000000000000e+00 0.000000000000000000e+00 0.000000000000000000e+00 0.000000000000000000e+00 0.000000000000000000e+00
