0.0064463446929697455073382528212277975399047136306762695312500000 0.0185817433298457457269137194089125841856002807617187500000000000 0.1540859932709900403935421309142839163541793823242187500000000000 -0.0000121118714034609533731394817590576451493689091876149177551270 0.0236693476844328787311866335585364140570163726806640625000000000 0.0047715757153710238250288178107894054846838116645812988281250000 0.0089215779408972142872080723918770672753453254699707031250000000 0.0111418372372487500809867810858122538775205612182617187500000000 0.0063341360591165031188043421650490927277132868766784667968750000 0.0264361532909918074685240441112910048104822635650634765625000000 0.0126926843115019952895616839327885827515274286270141601562500000
0.0185817433298457457269137194089125841856002807617187500000000000 22.6531819722412386397536465665325522422790527343750000000000000000 176.6395720646797258268634323030710220336914062500000000000000000000 -0.0313605211509474721132129104717023437842726707458496093750000000 27.1338319419815796607053925981745123863220214843750000000000000000 2.7817419547856605532842877437360584735870361328125000000000000000 8.8100342464946734821751306299120187759399414062500000000000000000 9.3845970796161246596511773532256484031677246093750000000000000000 6.2694916798836128890570762450806796550750732421875000000000000000 32.2285686825205530681159871164709329605102539062500000000000000000 12.5339916554080552657524094684049487113952636718750000000000000000
0.1540859932709900403935421309142839163541793823242187500000000000 176.6395720646797258268634323030710220336914062500000000000000000000 1435.6391905772375139349605888128280639648437500000000000000000000000 -0.2863579041035775873957902604161063209176063537597656250000000000 220.5303832607869765070063294842839241027832031250000000000000000000 21.3275659668222523634995013708248734474182128906250000000000000000 79.4415972665895253612688975408673286437988281250000000000000000000 84.4174490719792203208271530456840991973876953125000000000000000000 40.4996400070252633440759382210671901702880859375000000000000000000 251.3042356395435206195543287321925163269042968750000000000000000000 113.0211630707220535896340152248740196228027343750000000000000000000
-0.0000121118714034609533731394817590576451493689091876149177551270 -0.0313605211509474721132129104717023437842726707458496093750000000 -0.2863579041035775873957902604161063209176063537597656250000000000 0.0001376674082661549140902540466768755322846118360757827758789062 -0.0439878060979418117337758076246245764195919036865234375000000000 -0.0117651679967385458525086505687795579433441162109375000000000000 -0.0199068146019783093203514567903766874223947525024414062500000000 -0.0196873654304921819058193932505673728883266448974609375000000000 0.0071875931859491778638804326817535184090957045555114746093750000 -0.0446164565786584393913827284450235310941934585571289062500000000 -0.0283213255619553135045141090131437522359192371368408203125000000
0.0236693476844328787311866335585364140570163726806640625000000000 27.1338319419815796607053925981745123863220214843750000000000000000 220.5303832607869765070063294842839241027832031250000000000000000000 -0.0439878060979418117337758076246245764195919036865234375000000000 33.8759559228772033634413674008101224899291992187500000000000000000 3.2761548497376340449704912316519767045974731445312500000000000000 12.2031259713702677771607341128401458263397216796875000000000000000 12.9674729694835324522728114970959722995758056640625000000000000000 6.2212018112169742423134266573470085859298706054687500000000000000 38.6031669826207846085708297323435544967651367187500000000000000000 17.3613262804177352904844156000763177871704101562500000000000000000
0.0047715757153710238250288178107894054846838116645812988281250000 2.7817419547856605532842877437360584735870361328125000000000000000 21.3275659668222523634995013708248734474182128906250000000000000000 -0.0117651679967385458525086505687795579433441162109375000000000000 3.2761548497376340449704912316519767045974731445312500000000000000 2.1971013886849544149981738883070647716522216796875000000000000000 1.0148786175694832767391062589013017714023590087890625000000000000 0.5753709375761660860248980497999582439661026000976562500000000000 -0.6194627896336524219833563620341010391712188720703125000000000000 3.9575703650249178799924720806302502751350402832031250000000000000 1.4438627328752069445272354641929268836975097656250000000000000000
0.0089215779408972142872080723918770672753453254699707031250000000 8.8100342464946734821751306299120187759399414062500000000000000000 79.4415972665895253612688975408673286437988281250000000000000000000 -0.0199068146019783093203514567903766874223947525024414062500000000 12.2031259713702677771607341128401458263397216796875000000000000000 1.0148786175694832767391062589013017714023590087890625000000000000 5.4072322343619712015083678124938160181045532226562500000000000000 5.7220661261566068134243323584087193012237548828125000000000000000 0.8920069612095853361921626856201328337192535400390625000000000000 12.5339916554080552657524094684049487113952636718750000000000000000 7.6928422532877558381869675940833985805511474609375000000000000000
0.0111418372372487500809867810858122538775205612182617187500000000 9.3845970796161246596511773532256484031677246093750000000000000000 84.4174490719792203208271530456840991973876953125000000000000000000 -0.0196873654304921819058193932505673728883266448974609375000000000 12.9674729694835324522728114970959722995758056640625000000000000000 0.5753709375761660860248980497999582439661026000976562500000000000 5.7220661261566068134243323584087193012237548828125000000000000000 6.6591497709580895758563201525248587131500244140625000000000000000 0.8360838418423023332692878284433390945196151733398437500000000000 13.3514193241730474426276487065479159355163574218750000000000000000 8.1407548563702825106247473740950226783752441406250000000000000000
0.0063341360591165031188043421650490927277132868766784667968750000 6.2694916798836128890570762450806796550750732421875000000000000000 40.4996400070252633440759382210671901702880859375000000000000000000 0.0071875931859491778638804326817535184090957045555114746093750000 6.2212018112169742423134266573470085859298706054687500000000000000 -0.6194627896336524219833563620341010391712188720703125000000000000 0.8920069612095853361921626856201328337192535400390625000000000000 0.8360838418423023332692878284433390945196151733398437500000000000 4.9495843490202728887084049347322434186935424804687500000000000000 8.9195744534792762436836710548959672451019287109375000000000000000 1.2690538419660837288205357253900729119777679443359375000000000000
0.0264361532909918074685240441112910048104822635650634765625000000 32.2285686825205530681159871164709329605102539062500000000000000000 251.3042356395435206195543287321925163269042968750000000000000000000 -0.0446164565786584393913827284450235310941934585571289062500000000 38.6031669826207846085708297323435544967651367187500000000000000000 3.9575703650249178799924720806302502751350402832031250000000000000 12.5339916554080552657524094684049487113952636718750000000000000000 13.3514193241730474426276487065479159355163574218750000000000000000 8.9195744534792762436836710548959672451019287109375000000000000000 45.8514234599238079681526869535446166992187500000000000000000000000 17.8320472341348583711351238889619708061218261718750000000000000000
0.0126926843115019952895616839327885827515274286270141601562500000 12.5339916554080552657524094684049487113952636718750000000000000000 113.0211630707220535896340152248740196228027343750000000000000000000 -0.0283213255619553135045141090131437522359192371368408203125000000 17.3613262804177352904844156000763177871704101562500000000000000000 1.4438627328752069445272354641929268836975097656250000000000000000 7.6928422532877558381869675940833985805511474609375000000000000000 8.1407548563702825106247473740950226783752441406250000000000000000 1.2690538419660837288205357253900729119777679443359375000000000000 17.8320472341348583711351238889619708061218261718750000000000000000 10.9445681947767159414297566399909555912017822265625000000000000000
