0.0227406111390502790881029682168446015566587448120117187500000000 0.0772894994294091447484262857869907747954130172729492187500000000 0.8179344998294806323713146412046626210212707519531250000000000000 -0.0001839601932230010695838717804662110211211256682872772216796875 0.0805332647035368748289485552049882244318723678588867187500000000 0.0258685587124047842999541302333454950712621212005615234375000000 0.0235719887982717042629321468893976998515427112579345703125000000 0.0393764909561848328034550092979770852252840995788574218750000000 0.0209782315574967570537268102270900271832942962646484375000000000 0.0984838951823895358828053758770693093538284301757812500000000000 0.0300359206772935517781863978825640515424311161041259765625000000
0.0772894994294091447484262857869907747954130172729492187500000000 131.6951403840397460953681729733943939208984375000000000000000000000 1379.3802055968833428778452798724174499511718750000000000000000000000 -0.2122556968490915685343622953951125964522361755371093750000000000 135.8128202775547492819896433502435684204101562500000000000000000000 36.3068293469693159636335622053593397140502929687500000000000000000 38.1911377358113384161697467789053916931152343750000000000000000000 33.2907611938571506016160128638148307800292968750000000000000000000 26.5532603895029275520300870994105935096740722656250000000000000000 167.8086997245677309820166556164622306823730468750000000000000000000 48.6639457292006483157820184715092182159423828125000000000000000000
0.8179344998294806323713146412046626210212707519531250000000000000 1379.3802055968833428778452798724174499511718750000000000000000000000 14949.3156726034521852852776646614074707031250000000000000000000000000 -2.6703297461599899698114768398227170109748840332031250000000000000 1471.8992736576012703153537586331367492675781250000000000000000000000 391.6018508766979948632069863379001617431640625000000000000000000000 469.1773229255592241315753199160099029541015625000000000000000000000 407.8079364495559389069967437535524368286132812500000000000000000000 205.5146187239522532763658091425895690917968750000000000000000000000 1757.6350809302311972714960575103759765625000000000000000000000000000 597.8355486071777704637497663497924804687500000000000000000000000000
-0.0001839601932230010695838717804662110211211256682872772216796875 -0.2122556968490915685343622953951125964522361755371093750000000000 -2.6703297461599899698114768398227170109748840332031250000000000000 0.0009712365543169816347116030108566064882325008511543273925781250 -0.2629188184849319820379776047047926113009452819824218750000000000 -0.0904020324646435252669007809345202986150979995727539062500000000 -0.1232043142348817343911804300660151056945323944091796875000000000 -0.1051319414124128742704655792294943239539861679077148437500000000 0.0549793663078986180603457967208669288083910942077636718750000000 -0.2704606441324291510319710596377262845635414123535156250000000000 -0.1569895116245165478385814594730618409812450408935546875000000000
0.0805332647035368748289485552049882244318723678588867187500000000 135.8128202775547492819896433502435684204101562500000000000000000000 1471.8992736576012703153537586331367492675781250000000000000000000000 -0.2629188184849319820379776047047926113009452819824218750000000000 144.9221836798952267599815968424081802368164062500000000000000000000 38.5568471822899923040495195891708135604858398437500000000000000000 46.1948744648110221078241011127829551696777343750000000000000000000 40.1524871504283069612029066774994134902954101562500000000000000000 20.2348271085189956863814586540684103965759277343750000000000000000 173.0555334862217478075763210654258728027343750000000000000000000000 58.8624743120668156848296348471194505691528320312500000000000000000
0.0258685587124047842999541302333454950712621212005615234375000000 36.3068293469693159636335622053593397140502929687500000000000000000 391.6018508766979948632069863379001617431640625000000000000000000000 -0.0904020324646435252669007809345202986150979995727539062500000000 38.5568471822899923040495195891708135604858398437500000000000000000 14.0517291325224036313557007815688848495483398437500000000000000000 12.0899516893815679452472977573052048683166503906250000000000000000 9.3673158567944359020884803612716495990753173828125000000000000000 2.5596369943896046805775768007151782512664794921875000000000000000 46.2629206064088265293321455828845500946044921875000000000000000000 15.4052690692437526109870304935611784458160400390625000000000000000
0.0235719887982717042629321468893976998515427112579345703125000000 38.1911377358113384161697467789053916931152343750000000000000000000 469.1773229255592241315753199160099029541015625000000000000000000000 -0.1232043142348817343911804300660151056945323944091796875000000000 46.1948744648110221078241011127829551696777343750000000000000000000 12.0899516893815679452472977573052048683166503906250000000000000000 20.6108889288584897769851522753015160560607910156250000000000000000 17.8051805193152468120842968346551060676574707031250000000000000000 -2.3100030165408034221741218061652034521102905273437500000000000000 48.6639457292006483157820184715092182159423828125000000000000000000 26.2628253497681249939432746032252907752990722656250000000000000000
0.0393764909561848328034550092979770852252840995788574218750000000 33.2907611938571506016160128638148307800292968750000000000000000000 407.8079364495559389069967437535524368286132812500000000000000000000 -0.1051319414124128742704655792294943239539861679077148437500000000 40.1524871504283069612029066774994134902954101562500000000000000000 9.3673158567944359020884803612716495990753173828125000000000000000 17.8051805193152468120842968346551060676574707031250000000000000000 17.5480947444260770851087727351114153861999511718750000000000000000 -3.1840440172115385131235143489902839064598083496093750000000000000 42.4197835431997063437847828026860952377319335937500000000000000000 22.6877330674047890113342873519286513328552246093750000000000000000
0.0209782315574967570537268102270900271832942962646484375000000000 26.5532603895029275520300870994105935096740722656250000000000000000 205.5146187239522532763658091425895690917968750000000000000000000000 0.0549793663078986180603457967208669288083910942077636718750000000 20.2348271085189956863814586540684103965759277343750000000000000000 2.5596369943896046805775768007151782512664794921875000000000000000 -2.3100030165408034221741218061652034521102905273437500000000000000 -3.1840440172115385131235143489902839064598083496093750000000000000 22.1926384063690242953725828556343913078308105468750000000000000000 33.8347192342593388048044289462268352508544921875000000000000000000 -2.9434541125446083142946918087545782327651977539062500000000000000
0.0984838951823895358828053758770693093538284301757812500000000000 167.8086997245677309820166556164622306823730468750000000000000000000 1757.6350809302311972714960575103759765625000000000000000000000000000 -0.2704606441324291510319710596377262845635414123535156250000000000 173.0555334862217478075763210654258728027343750000000000000000000000 46.2629206064088265293321455828845500946044921875000000000000000000 48.6639457292006483157820184715092182159423828125000000000000000000 42.4197835431997063437847828026860952377319335937500000000000000000 33.8347192342593388048044289462268352508544921875000000000000000000 213.8253516502787761055515147745609283447265625000000000000000000000 62.0086165098447494870015361811965703964233398437500000000000000000
0.0300359206772935517781863978825640515424311161041259765625000000 48.6639457292006483157820184715092182159423828125000000000000000000 597.8355486071777704637497663497924804687500000000000000000000000000 -0.1569895116245165478385814594730618409812450408935546875000000000 58.8624743120668156848296348471194505691528320312500000000000000000 15.4052690692437526109870304935611784458160400390625000000000000000 26.2628253497681249939432746032252907752990722656250000000000000000 22.6877330674047890113342873519286513328552246093750000000000000000 -2.9434541125446083142946918087545782327651977539062500000000000000 62.0086165098447494870015361811965703964233398437500000000000000000 33.4646408378187061316566541790962219238281250000000000000000000000
