# A b_HI Tb sigma_NL sigma8tot n_s f DA H omegak omegaDE w0 wa h gamma sigma_8 fs8 bs8 pk0 pk1 pk2 pk3 pk4 pk5 pk6 pk7 pk8 pk9 pk10 pk11 pk12 pk13 pk14 pk15 pk16 pk17 pk18 pk19 pk20 pk21 pk22 pk23 pk24 pk25 pk26 pk27 pk28 pk29 pk30 pk31 pk32 pk33 pk34 pk35 pk36 pk37 pk38 pk39 pk40 pk41 pk42 pk43 pk44 pk45 pk46 pk47 pk48 pk49 pk50 pk51 pk52 pk53 pk54 pk55 pk56 pk57 pk58 pk59 pk60 pk61 pk62 pk63 pk64 pk65 pk66 pk67 pk68 pk69 pk70 pk71 pk72 pk73 pk74 pk75 pk76 pk77 pk78 pk79 pk80 pk81 pk82 pk83 pk84 pk85 pk86 pk87 pk88 pk89
4.365576665073687579e+00 -1.452713054308366125e+01 -1.386087983541434312e+02 5.915252151951062159e-02 -1.517995381226619500e+01 -7.850489533069974435e+00 -4.150798775421760567e+00 -6.105931112910984560e+00 6.027232522399304848e+00 -9.095621773479649619e+00 -2.756835878061260292e+00 1.977066492395781916e+00 1.317428588034222081e-01 1.178771707807587887e+01 7.121959185385708047e+00 -1.074825572620466829e+01 -1.891909495428361865e+01 -5.405703207211573158e+00 0.000000000000000000e+00 0.000000000000000000e+00 0.000000000000000000e+00 0.000000000000000000e+00 0.000000000000000000e+00 0.000000000000000000e+00 0.000000000000000000e+00 0.000000000000000000e+00 0.000000000000000000e+00 0.000000000000000000e+00 0.000000000000000000e+00 -5.149915394469910832e-20 -1.689427582396866387e-18 7.235858613698443298e-18 9.368711538261764429e-18 -9.704754381075641733e-18 -1.301850242338279273e-16 -9.982083234507374404e-17 -2.111594123015250574e-16 2.273386229999097481e-16 -1.284201024618634124e-15 -4.010245701974514625e-16 -3.542244863064754357e-16 -1.639531093273577356e-15 -3.526833491609884382e-15 -2.807594632048590801e-15 -1.155453686715701353e-02 -2.605134056684846877e-01 -6.688254527285759643e-01 -8.468960601356100293e-01 -1.904923996853578327e-01 1.663601834674875546e+00 3.851071201513788456e+00 3.221615608413470611e+00 -3.538320727000474619e+00 -1.028146506641087576e+01 4.835858612642172649e-01 1.729334939831843343e+01 -3.962698217498622721e+00 -2.433775916145032525e+01 2.593101213953775996e+01 -1.106188143777522015e+01 -3.614972486507828542e+00 0.000000000000000000e+00 0.000000000000000000e+00 0.000000000000000000e+00 0.000000000000000000e+00 0.000000000000000000e+00 0.000000000000000000e+00 0.000000000000000000e+00 0.000000000000000000e+00 0.000000000000000000e+00 0.000000000000000000e+00 0.000000000000000000e+00 0.000000000000000000e+00 0.000000000000000000e+00 0.000000000000000000e+00 0.000000000000000000e+00 0.000000000000000000e+00 0.000000000000000000e+00 0.000000000000000000e+00 0.000000000000000000e+00 0.000000000000000000e+00 0.000000000000000000e+00 0.000000000000000000e+00 0.000000000000000000e+00 0.000000000000000000e+00 0.000000000000000000e+00 0.000000000000000000e+00 0.000000000000000000e+00 0.000000000000000000e+00 0.000000000000000000e+00 0.000000000000000000e+00 0.000000000000000000e+00 0.000000000000000000e+00 0.000000000000000000e+00 0.000000000000000000e+00 0.000000000000000000e+00 0.000000000000000000e+00 0.000000000000000000e+00 0.000000000000000000e+00 0.000000000000000000e+00 0.000000000000000000e+00 0.000000000000000000e+00 0.000000000000000000e+00 0.000000000000000000e+00 0.000000000000000000e+00 0.000000000000000000e+00 0.000000000000000000e+00 0.000000000000000000e+00
-1.452713054308366125e+01 3.208823303899262100e+04 2.974880205457216362e+05 -5.727261048226598206e+01 3.257985398624271329e+04 1.090631354159118928e+04 7.884046612573957646e+03 -1.094761647574635026e+04 8.401328836750204573e+03 3.663089418300495890e+04 8.416216092551447900e+02 -1.427754751970092912e+03 -1.108180974984079086e+02 1.853227014152609627e+04 -1.573133010384172849e+04 2.374127041002910846e+04 4.178941780549442046e+04 1.026761796109136776e+04 0.000000000000000000e+00 0.000000000000000000e+00 0.000000000000000000e+00 0.000000000000000000e+00 0.000000000000000000e+00 0.000000000000000000e+00 0.000000000000000000e+00 0.000000000000000000e+00 0.000000000000000000e+00 0.000000000000000000e+00 0.000000000000000000e+00 3.866532169969084243e-05 2.576653289904923781e-03 1.398210056084569011e-02 3.948239200153894762e-02 8.752392132801033175e-02 1.688488351008836930e-01 3.005589660670834884e-01 5.109423214055868190e-01 8.378984211093375434e-01 1.333700454476153485e+00 2.080035095348408802e+00 3.215874699771468670e+00 4.887611447648042784e+00 7.348097973032686525e+00 1.097847585285455452e+01 1.635805543771357051e+01 2.412696122730244497e+01 3.544084213131687022e+01 5.207373024515020177e+01 7.612223837029600304e+01 1.108279975687999013e+02 1.609089473991778334e+02 2.336494669023537654e+02 3.365714342341555607e+02 4.838173313263823161e+02 6.970470631918302615e+02 1.001839243791776084e+03 1.424427563314108056e+03 2.015030184487639417e+03 2.863665248626722587e+03 3.693232376611957989e+03 3.312202994421223821e+02 0.000000000000000000e+00 0.000000000000000000e+00 0.000000000000000000e+00 0.000000000000000000e+00 0.000000000000000000e+00 0.000000000000000000e+00 0.000000000000000000e+00 0.000000000000000000e+00 0.000000000000000000e+00 0.000000000000000000e+00 0.000000000000000000e+00 0.000000000000000000e+00 0.000000000000000000e+00 0.000000000000000000e+00 0.000000000000000000e+00 0.000000000000000000e+00 0.000000000000000000e+00 0.000000000000000000e+00 0.000000000000000000e+00 0.000000000000000000e+00 0.000000000000000000e+00 0.000000000000000000e+00 0.000000000000000000e+00 0.000000000000000000e+00 0.000000000000000000e+00 0.000000000000000000e+00 0.000000000000000000e+00 0.000000000000000000e+00 0.000000000000000000e+00 0.000000000000000000e+00 0.000000000000000000e+00 0.000000000000000000e+00 0.000000000000000000e+00 0.000000000000000000e+00 0.000000000000000000e+00 0.000000000000000000e+00 0.000000000000000000e+00 0.000000000000000000e+00 0.000000000000000000e+00 0.000000000000000000e+00 0.000000000000000000e+00 0.000000000000000000e+00 0.000000000000000000e+00 0.000000000000000000e+00 0.000000000000000000e+00 0.000000000000000000e+00 0.000000000000000000e+00
-1.386087983541434312e+02 2.974880205457216362e+05 2.853327470559973270e+06 -6.506014126745527619e+02 3.124865068356316769e+05 1.043989988305900188e+05 8.720332041115149332e+04 -1.217305203860561160e+05 5.372537434622923320e+04 3.358963505999298068e+05 1.050719784119873657e+04 -1.465814100970069012e+04 -1.142914978228912332e+03 1.631188808584845974e+05 -1.458441867913496390e+05 2.201038471310603491e+05 3.874271034995248774e+05 1.135673624116267456e+05 0.000000000000000000e+00 0.000000000000000000e+00 0.000000000000000000e+00 0.000000000000000000e+00 0.000000000000000000e+00 0.000000000000000000e+00 0.000000000000000000e+00 0.000000000000000000e+00 0.000000000000000000e+00 0.000000000000000000e+00 0.000000000000000000e+00 5.376995142250681151e-04 3.420369132507444787e-02 1.774238936883867079e-01 4.813721701209797144e-01 1.030633987796354845e+00 1.930569711340210493e+00 3.351989380738591873e+00 5.575520756386790566e+00 8.973652056843492986e+00 1.405674108074066275e+01 2.162326100966855691e+01 3.302661298849977101e+01 4.968245016645892775e+01 7.404011120515870914e+01 1.097803383587677644e+02 1.624542578400721027e+02 2.382726058718736226e+02 3.482797741094913704e+02 5.095627507521830921e+02 7.422442256256942983e+02 1.077240707224858625e+03 1.559669599553601756e+03 2.259375736798942398e+03 3.248279895464082074e+03 4.661213906108435367e+03 6.705595159408477230e+03 9.624721969116561013e+03 1.367006125730289568e+04 1.931821461728807844e+04 2.741631063330093821e+04 3.530087249022093602e+04 3.163427000275008140e+03 0.000000000000000000e+00 0.000000000000000000e+00 0.000000000000000000e+00 0.000000000000000000e+00 0.000000000000000000e+00 0.000000000000000000e+00 0.000000000000000000e+00 0.000000000000000000e+00 0.000000000000000000e+00 0.000000000000000000e+00 0.000000000000000000e+00 0.000000000000000000e+00 0.000000000000000000e+00 0.000000000000000000e+00 0.000000000000000000e+00 0.000000000000000000e+00 0.000000000000000000e+00 0.000000000000000000e+00 0.000000000000000000e+00 0.000000000000000000e+00 0.000000000000000000e+00 0.000000000000000000e+00 0.000000000000000000e+00 0.000000000000000000e+00 0.000000000000000000e+00 0.000000000000000000e+00 0.000000000000000000e+00 0.000000000000000000e+00 0.000000000000000000e+00 0.000000000000000000e+00 0.000000000000000000e+00 0.000000000000000000e+00 0.000000000000000000e+00 0.000000000000000000e+00 0.000000000000000000e+00 0.000000000000000000e+00 0.000000000000000000e+00 0.000000000000000000e+00 0.000000000000000000e+00 0.000000000000000000e+00 0.000000000000000000e+00 0.000000000000000000e+00 0.000000000000000000e+00 0.000000000000000000e+00 0.000000000000000000e+00 0.000000000000000000e+00 0.000000000000000000e+00
5.915252151951062159e-02 -5.727261048226598206e+01 -6.506014126745527619e+02 3.052493096682067919e-01 -7.125160532278451342e+01 -2.768652637210419343e+01 -3.177879674776590591e+01 4.514658856284824395e+01 2.583791122689459741e+01 -5.645480381811011483e+01 -6.640471888830909997e+00 5.285490528567186708e+00 4.084143695126936646e-01 -1.097906000037743013e+01 2.807802911149504865e+01 -4.237455302993621586e+01 -7.458774826729724339e+01 -4.138643012952790201e+01 0.000000000000000000e+00 0.000000000000000000e+00 0.000000000000000000e+00 0.000000000000000000e+00 0.000000000000000000e+00 0.000000000000000000e+00 0.000000000000000000e+00 0.000000000000000000e+00 0.000000000000000000e+00 0.000000000000000000e+00 0.000000000000000000e+00 -4.121193568594831891e-10 -2.818126412982312266e-08 -1.624530161497443713e-07 -5.030170673531893019e-07 -1.256510218858791634e-06 -2.772012380092222309e-06 -5.719943980177331374e-06 -1.141482151797686995e-05 -2.222590344518596332e-05 -4.227651341168669265e-05 -7.927843096232013362e-05 -1.489650326538610682e-04 -2.761950382871743419e-04 -5.084918599232665128e-04 -9.351601046834119883e-04 -1.724975535011912496e-03 -3.155957856683384421e-03 -5.757667732657041106e-03 -1.057879056600526460e-02 -1.937396583779070827e-02 -3.532240992332831564e-02 -6.428823421213503142e-02 -1.177994741605853796e-01 -2.137486389801010189e-01 -3.869383689400744952e-01 -7.046618765338669155e-01 -1.281804998587181554e+00 -2.303392853832425757e+00 -4.113985772898258730e+00 -7.405964632386765167e+00 -1.188387715623300522e+01 -1.162682548181436459e+00 0.000000000000000000e+00 0.000000000000000000e+00 0.000000000000000000e+00 0.000000000000000000e+00 0.000000000000000000e+00 0.000000000000000000e+00 0.000000000000000000e+00 0.000000000000000000e+00 0.000000000000000000e+00 0.000000000000000000e+00 0.000000000000000000e+00 0.000000000000000000e+00 0.000000000000000000e+00 0.000000000000000000e+00 0.000000000000000000e+00 0.000000000000000000e+00 0.000000000000000000e+00 0.000000000000000000e+00 0.000000000000000000e+00 0.000000000000000000e+00 0.000000000000000000e+00 0.000000000000000000e+00 0.000000000000000000e+00 0.000000000000000000e+00 0.000000000000000000e+00 0.000000000000000000e+00 0.000000000000000000e+00 0.000000000000000000e+00 0.000000000000000000e+00 0.000000000000000000e+00 0.000000000000000000e+00 0.000000000000000000e+00 0.000000000000000000e+00 0.000000000000000000e+00 0.000000000000000000e+00 0.000000000000000000e+00 0.000000000000000000e+00 0.000000000000000000e+00 0.000000000000000000e+00 0.000000000000000000e+00 0.000000000000000000e+00 0.000000000000000000e+00 0.000000000000000000e+00 0.000000000000000000e+00 0.000000000000000000e+00 0.000000000000000000e+00 0.000000000000000000e+00
-1.517995381226619500e+01 3.257985398624271329e+04 3.124865068356316769e+05 -7.125160532278451342e+01 3.422243607221559068e+04 1.143341547659998287e+04 9.550204545712806066e+03 -1.333150347557445093e+04 5.883816257022561331e+03 3.678620079216123122e+04 1.150711786117810334e+03 -1.605308653873702042e+03 -1.251680758138791418e+02 1.786421285475584227e+04 -1.597234840477953367e+04 2.410500828969720169e+04 4.242966973652476008e+04 1.243750278813275872e+04 0.000000000000000000e+00 0.000000000000000000e+00 0.000000000000000000e+00 0.000000000000000000e+00 0.000000000000000000e+00 0.000000000000000000e+00 0.000000000000000000e+00 0.000000000000000000e+00 0.000000000000000000e+00 0.000000000000000000e+00 0.000000000000000000e+00 5.888698183473222824e-05 3.745869386999986506e-03 1.943084813779880418e-02 5.271820689388713455e-02 1.128714520136572669e-01 2.114292844140252814e-01 3.670982259640775958e-01 6.106116535621268770e-01 9.827631821913114241e-01 1.539445424030324805e+00 2.368104386553416596e+00 3.616959858926813709e+00 5.441049253454692369e+00 8.108615626821524813e+00 1.202276107699360352e+01 1.779142565190963765e+01 2.609478759509950407e+01 3.814239029199796249e+01 5.580554129836900046e+01 8.128800766046403226e+01 1.179756579274717723e+02 1.708095933645444688e+02 2.474389774416339094e+02 3.557403236154931960e+02 5.104799453136870397e+02 7.343734742112328604e+02 1.054066095961690507e+03 1.497097593808728561e+03 2.115663717656871540e+03 3.002539045558429734e+03 3.866028854568984116e+03 3.464475294703748887e+02 0.000000000000000000e+00 0.000000000000000000e+00 0.000000000000000000e+00 0.000000000000000000e+00 0.000000000000000000e+00 0.000000000000000000e+00 0.000000000000000000e+00 0.000000000000000000e+00 0.000000000000000000e+00 0.000000000000000000e+00 0.000000000000000000e+00 0.000000000000000000e+00 0.000000000000000000e+00 0.000000000000000000e+00 0.000000000000000000e+00 0.000000000000000000e+00 0.000000000000000000e+00 0.000000000000000000e+00 0.000000000000000000e+00 0.000000000000000000e+00 0.000000000000000000e+00 0.000000000000000000e+00 0.000000000000000000e+00 0.000000000000000000e+00 0.000000000000000000e+00 0.000000000000000000e+00 0.000000000000000000e+00 0.000000000000000000e+00 0.000000000000000000e+00 0.000000000000000000e+00 0.000000000000000000e+00 0.000000000000000000e+00 0.000000000000000000e+00 0.000000000000000000e+00 0.000000000000000000e+00 0.000000000000000000e+00 0.000000000000000000e+00 0.000000000000000000e+00 0.000000000000000000e+00 0.000000000000000000e+00 0.000000000000000000e+00 0.000000000000000000e+00 0.000000000000000000e+00 0.000000000000000000e+00 0.000000000000000000e+00 0.000000000000000000e+00 0.000000000000000000e+00
-7.850489533069974435e+00 1.090631354159118928e+04 1.043989988305900188e+05 -2.768652637210419343e+01 1.143341547659998287e+04 4.459699538296736137e+03 3.166227292805528577e+03 -4.038426130470259523e+03 1.268510589689519747e+03 1.189335394058089878e+04 5.305532181938730218e+02 -6.180773953350598049e+02 -4.706543771427886469e+01 4.855502531798560995e+03 -5.346845316483542774e+03 8.069304989552878396e+03 1.420360207286702462e+04 4.123467784761626717e+03 0.000000000000000000e+00 0.000000000000000000e+00 0.000000000000000000e+00 0.000000000000000000e+00 0.000000000000000000e+00 0.000000000000000000e+00 0.000000000000000000e+00 0.000000000000000000e+00 0.000000000000000000e+00 0.000000000000000000e+00 0.000000000000000000e+00 -6.057040415073616346e-05 -3.715354102107952441e-03 -1.842157112778253919e-02 -4.747338286921202327e-02 -9.600092701051275712e-02 -1.693454878471465086e-01 -2.758828069440526498e-01 -4.283344594643766490e-01 -6.399448234960258830e-01 -9.257499386846859135e-01 -1.306617637510953500e+00 -1.812299861662115319e+00 -2.453956400826984297e+00 -3.253364456600738919e+00 -4.222534727404234189e+00 -5.348566473468447491e+00 -6.541896758778195320e+00 -7.665790374390317297e+00 -8.396298320614839383e+00 -8.146185347596114568e+00 -5.941179276334421111e+00 -9.354333636938538810e-02 1.242083554033960979e+01 3.563055138199794669e+01 7.654450078018714976e+01 1.470613880338891306e+02 2.641857574460761384e+02 4.498609911707978313e+02 7.408983324004190081e+02 1.203902036875242857e+03 1.733712015677783938e+03 1.621351507565099723e+02 0.000000000000000000e+00 0.000000000000000000e+00 0.000000000000000000e+00 0.000000000000000000e+00 0.000000000000000000e+00 0.000000000000000000e+00 0.000000000000000000e+00 0.000000000000000000e+00 0.000000000000000000e+00 0.000000000000000000e+00 0.000000000000000000e+00 0.000000000000000000e+00 0.000000000000000000e+00 0.000000000000000000e+00 0.000000000000000000e+00 0.000000000000000000e+00 0.000000000000000000e+00 0.000000000000000000e+00 0.000000000000000000e+00 0.000000000000000000e+00 0.000000000000000000e+00 0.000000000000000000e+00 0.000000000000000000e+00 0.000000000000000000e+00 0.000000000000000000e+00 0.000000000000000000e+00 0.000000000000000000e+00 0.000000000000000000e+00 0.000000000000000000e+00 0.000000000000000000e+00 0.000000000000000000e+00 0.000000000000000000e+00 0.000000000000000000e+00 0.000000000000000000e+00 0.000000000000000000e+00 0.000000000000000000e+00 0.000000000000000000e+00 0.000000000000000000e+00 0.000000000000000000e+00 0.000000000000000000e+00 0.000000000000000000e+00 0.000000000000000000e+00 0.000000000000000000e+00 0.000000000000000000e+00 0.000000000000000000e+00 0.000000000000000000e+00 0.000000000000000000e+00
-4.150798775421760567e+00 7.884046612573957646e+03 8.720332041115149332e+04 -3.177879674776590591e+01 9.550204545712806066e+03 3.166227292805528577e+03 4.025696846267874662e+03 -5.685002162790298826e+03 -1.512232621465102056e+03 8.451575674906776840e+03 6.071000665421159965e+02 -5.612017183636658046e+02 -4.432752018131049709e+01 3.266728666965666889e+03 -3.865171998276218801e+03 5.833206282407021718e+03 1.026761796109136776e+04 5.242779409589793431e+03 0.000000000000000000e+00 0.000000000000000000e+00 0.000000000000000000e+00 0.000000000000000000e+00 0.000000000000000000e+00 0.000000000000000000e+00 0.000000000000000000e+00 0.000000000000000000e+00 0.000000000000000000e+00 0.000000000000000000e+00 0.000000000000000000e+00 3.602938327398347719e-05 2.159946469174372791e-03 1.050995841217590605e-02 2.677170887497756432e-02 5.394991694105254199e-02 9.553804388465007846e-02 1.575526427840089894e-01 2.496632684172213901e-01 3.843084548057811300e-01 5.781409985631184023e-01 8.573236411400734225e-01 1.265622207625219042e+00 1.847658041397994388e+00 2.681121546377772003e+00 3.881446792732687889e+00 5.617667859005322839e+00 8.087941376434095275e+00 1.162511911635843198e+01 1.675981468146438047e+01 2.410857128122553306e+01 3.459567136342666771e+01 4.958422334011969923e+01 7.120617113703262646e+01 1.016331774456623833e+02 1.448903150371852178e+02 2.072777352639806168e+02 2.959919267942614169e+02 4.187004834169072183e+02 5.893748625458048309e+02 8.319938481544429578e+02 1.064487392416908733e+03 9.510198119017222496e+01 0.000000000000000000e+00 0.000000000000000000e+00 0.000000000000000000e+00 0.000000000000000000e+00 0.000000000000000000e+00 0.000000000000000000e+00 0.000000000000000000e+00 0.000000000000000000e+00 0.000000000000000000e+00 0.000000000000000000e+00 0.000000000000000000e+00 0.000000000000000000e+00 0.000000000000000000e+00 0.000000000000000000e+00 0.000000000000000000e+00 0.000000000000000000e+00 0.000000000000000000e+00 0.000000000000000000e+00 0.000000000000000000e+00 0.000000000000000000e+00 0.000000000000000000e+00 0.000000000000000000e+00 0.000000000000000000e+00 0.000000000000000000e+00 0.000000000000000000e+00 0.000000000000000000e+00 0.000000000000000000e+00 0.000000000000000000e+00 0.000000000000000000e+00 0.000000000000000000e+00 0.000000000000000000e+00 0.000000000000000000e+00 0.000000000000000000e+00 0.000000000000000000e+00 0.000000000000000000e+00 0.000000000000000000e+00 0.000000000000000000e+00 0.000000000000000000e+00 0.000000000000000000e+00 0.000000000000000000e+00 0.000000000000000000e+00 0.000000000000000000e+00 0.000000000000000000e+00 0.000000000000000000e+00 0.000000000000000000e+00 0.000000000000000000e+00 0.000000000000000000e+00
-6.105931112910984560e+00 -1.094761647574635026e+04 -1.217305203860561160e+05 4.514658856284824395e+01 -1.333150347557445093e+04 -4.038426130470259523e+03 -5.685002162790298826e+03 9.607096455755901843e+03 3.200135632143062594e+03 -1.181222729850800351e+04 -9.138382625871723803e+02 8.131390754203190454e+02 6.539470241474934653e+01 -4.822960412377266948e+03 5.367094175018773058e+03 -8.099863983789605300e+03 -1.425739205780964949e+04 -7.403739879266395292e+03 -0.000000000000000000e+00 -0.000000000000000000e+00 -0.000000000000000000e+00 -0.000000000000000000e+00 -0.000000000000000000e+00 -0.000000000000000000e+00 -0.000000000000000000e+00 -0.000000000000000000e+00 -0.000000000000000000e+00 -0.000000000000000000e+00 -0.000000000000000000e+00 -8.156845188049293338e-05 -4.931252730913338218e-03 -2.456823236545463071e-02 -6.477490158201167081e-02 -1.359072108015351166e-01 -2.501732540347543221e-01 -4.271886659879971515e-01 -6.965113742932659280e-01 -1.090024654681445604e+00 -1.648841512846826340e+00 -2.424463309232782748e+00 -3.495986225787546697e+00 -4.899365646194633328e+00 -6.753256420855763054e+00 -9.243587851525177257e+00 -1.323590291926927343e+01 -2.106980336195144332e+01 -2.964541651313495407e+01 -4.138657540199446316e+01 -5.728648828894937139e+01 -7.802145698776114102e+01 -1.047961091552566586e+02 -1.406206546692303334e+02 -1.856158978486154751e+02 -2.491094000030566349e+02 -3.482726742301546210e+02 -4.915949866502252803e+02 -5.977649421457050494e+02 -7.242952301216863589e+02 -1.149883317906526827e+03 -1.209872126132259382e+03 -8.657426307324379877e+01 -0.000000000000000000e+00 -0.000000000000000000e+00 -0.000000000000000000e+00 -0.000000000000000000e+00 -0.000000000000000000e+00 -0.000000000000000000e+00 -0.000000000000000000e+00 -0.000000000000000000e+00 -0.000000000000000000e+00 -0.000000000000000000e+00 -0.000000000000000000e+00 -0.000000000000000000e+00 -0.000000000000000000e+00 -0.000000000000000000e+00 -0.000000000000000000e+00 -0.000000000000000000e+00 -0.000000000000000000e+00 -0.000000000000000000e+00 -0.000000000000000000e+00 -0.000000000000000000e+00 -0.000000000000000000e+00 -0.000000000000000000e+00 -0.000000000000000000e+00 -0.000000000000000000e+00 -0.000000000000000000e+00 -0.000000000000000000e+00 -0.000000000000000000e+00 -0.000000000000000000e+00 -0.000000000000000000e+00 -0.000000000000000000e+00 -0.000000000000000000e+00 -0.000000000000000000e+00 -0.000000000000000000e+00 -0.000000000000000000e+00 -0.000000000000000000e+00 -0.000000000000000000e+00 -0.000000000000000000e+00 -0.000000000000000000e+00 -0.000000000000000000e+00 -0.000000000000000000e+00 -0.000000000000000000e+00 -0.000000000000000000e+00 -0.000000000000000000e+00 -0.000000000000000000e+00 -0.000000000000000000e+00 -0.000000000000000000e+00 -0.000000000000000000e+00
6.027232522399304848e+00 8.401328836750204573e+03 5.372537434622923320e+04 2.583791122689459741e+01 5.883816257022561331e+03 1.268510589689519747e+03 -1.512232621465102056e+03 3.200135632143062594e+03 1.110277447829638731e+04 1.138708668028771899e+04 -8.680522899392079808e+02 2.041514525389197843e+02 1.604328197735716444e+01 9.253632814028371286e+03 -4.118770799290830837e+03 6.215930290536299253e+03 1.094128930233313622e+04 -1.969423519229314479e+03 0.000000000000000000e+00 0.000000000000000000e+00 0.000000000000000000e+00 0.000000000000000000e+00 0.000000000000000000e+00 0.000000000000000000e+00 0.000000000000000000e+00 0.000000000000000000e+00 0.000000000000000000e+00 0.000000000000000000e+00 0.000000000000000000e+00 5.744205668908596458e-05 3.779895420397708095e-03 1.992443037930325192e-02 5.389040140034347809e-02 1.135199493217787514e-01 2.070091836602512003e-01 3.481480343780745668e-01 5.577065166852185341e-01 8.583881936433094273e-01 1.281389575187112939e+00 1.868990759837333204e+00 2.690401822758936579e+00 3.794829441475517928e+00 5.301967998523419823e+00 7.394005202688995304e+00 1.063848455569625706e+01 1.632503909722875335e+01 2.307352011044180529e+01 3.243920755305827441e+01 4.523227661307468139e+01 6.224897497840494509e+01 8.462479347306077671e+01 1.142998919047723945e+02 1.511521769421394765e+02 1.987369153235358965e+02 2.617744024137746237e+02 3.360696644071479682e+02 3.699243252385394385e+02 3.572741895374368823e+02 3.513437776233719205e+02 3.304044978830827262e+01 -1.871351399580329300e+01 0.000000000000000000e+00 0.000000000000000000e+00 0.000000000000000000e+00 0.000000000000000000e+00 0.000000000000000000e+00 0.000000000000000000e+00 0.000000000000000000e+00 0.000000000000000000e+00 0.000000000000000000e+00 0.000000000000000000e+00 0.000000000000000000e+00 0.000000000000000000e+00 0.000000000000000000e+00 0.000000000000000000e+00 0.000000000000000000e+00 0.000000000000000000e+00 0.000000000000000000e+00 0.000000000000000000e+00 0.000000000000000000e+00 0.000000000000000000e+00 0.000000000000000000e+00 0.000000000000000000e+00 0.000000000000000000e+00 0.000000000000000000e+00 0.000000000000000000e+00 0.000000000000000000e+00 0.000000000000000000e+00 0.000000000000000000e+00 0.000000000000000000e+00 0.000000000000000000e+00 0.000000000000000000e+00 0.000000000000000000e+00 0.000000000000000000e+00 0.000000000000000000e+00 0.000000000000000000e+00 0.000000000000000000e+00 0.000000000000000000e+00 0.000000000000000000e+00 0.000000000000000000e+00 0.000000000000000000e+00 0.000000000000000000e+00 0.000000000000000000e+00 0.000000000000000000e+00 0.000000000000000000e+00 0.000000000000000000e+00 0.000000000000000000e+00 0.000000000000000000e+00
-9.095621773479649619e+00 3.663089418300495890e+04 3.358963505999298068e+05 -5.645480381811011483e+01 3.678620079216123122e+04 1.189335394058089878e+04 8.451575674906776840e+03 -1.181222729850800351e+04 1.138708668028771899e+04 4.234610590195904661e+04 7.055423795503456859e+02 -1.492252986814886071e+03 -1.164496641378481030e+02 2.250864377052010968e+04 -1.795838018539388213e+04 2.710227026533664684e+04 4.770545451169866283e+04 1.100672718763453122e+04 0.000000000000000000e+00 0.000000000000000000e+00 0.000000000000000000e+00 0.000000000000000000e+00 0.000000000000000000e+00 0.000000000000000000e+00 0.000000000000000000e+00 0.000000000000000000e+00 0.000000000000000000e+00 0.000000000000000000e+00 0.000000000000000000e+00 8.487129933847485934e-05 5.479631410854469802e-03 2.881352866103071078e-02 7.895785493439025360e-02 1.701964332464624974e-01 3.196630830741651330e-01 5.549973466607088790e-01 9.201801218930887316e-01 1.469628157303848104e+00 2.277460523241796153e+00 3.452880102319306310e+00 5.177907458452711609e+00 7.619815647924530033e+00 1.109938101810099198e+01 1.610305179611737714e+01 2.367088364476460072e+01 3.565438950478847602e+01 5.159500638775429593e+01 7.453198980680932095e+01 1.070527746443524677e+02 1.527030715977750503e+02 2.167020117354402942e+02 3.075415277139297245e+02 4.321867662566487525e+02 6.081168766660201754e+02 8.626971590789886477e+02 1.220555903414292061e+03 1.659480824515999984e+03 2.241380410877963641e+03 3.158120664284669601e+03 3.814867358626797795e+03 3.263805433422972442e+02 0.000000000000000000e+00 0.000000000000000000e+00 0.000000000000000000e+00 0.000000000000000000e+00 0.000000000000000000e+00 0.000000000000000000e+00 0.000000000000000000e+00 0.000000000000000000e+00 0.000000000000000000e+00 0.000000000000000000e+00 0.000000000000000000e+00 0.000000000000000000e+00 0.000000000000000000e+00 0.000000000000000000e+00 0.000000000000000000e+00 0.000000000000000000e+00 0.000000000000000000e+00 0.000000000000000000e+00 0.000000000000000000e+00 0.000000000000000000e+00 0.000000000000000000e+00 0.000000000000000000e+00 0.000000000000000000e+00 0.000000000000000000e+00 0.000000000000000000e+00 0.000000000000000000e+00 0.000000000000000000e+00 0.000000000000000000e+00 0.000000000000000000e+00 0.000000000000000000e+00 0.000000000000000000e+00 0.000000000000000000e+00 0.000000000000000000e+00 0.000000000000000000e+00 0.000000000000000000e+00 0.000000000000000000e+00 0.000000000000000000e+00 0.000000000000000000e+00 0.000000000000000000e+00 0.000000000000000000e+00 0.000000000000000000e+00 0.000000000000000000e+00 0.000000000000000000e+00 0.000000000000000000e+00 0.000000000000000000e+00 0.000000000000000000e+00 0.000000000000000000e+00
-2.756835878061260292e+00 8.416216092551447900e+02 1.050719784119873657e+04 -6.640471888830909997e+00 1.150711786117810334e+03 5.305532181938730218e+02 6.071000665421159965e+02 -9.138382625871723803e+02 -8.680522899392079808e+02 7.055423795503456859e+02 1.627278013826268648e+02 -1.125845241032555606e+02 -8.620747420799451888e+00 -1.511247229446367157e+02 -4.126069310712912284e+02 6.226944993814316831e+02 1.096067739864554369e+03 7.906436698973940338e+02 0.000000000000000000e+00 0.000000000000000000e+00 0.000000000000000000e+00 0.000000000000000000e+00 0.000000000000000000e+00 0.000000000000000000e+00 0.000000000000000000e+00 0.000000000000000000e+00 0.000000000000000000e+00 0.000000000000000000e+00 0.000000000000000000e+00 -1.142166517624566935e-05 -7.197566431347459780e-04 -3.662698363918126358e-03 -9.641779457565389719e-03 -1.987149017664210926e-02 -3.553542480136939047e-02 -5.865383881623426054e-02 -9.203627131340300083e-02 -1.380795978159566617e-01 -1.998808633275158120e-01 -2.803548676577957699e-01 -3.834420720114541936e-01 -5.061979517233506920e-01 -6.530803236785378552e-01 -8.315714558927040922e-01 -1.140197013714207674e+00 -1.890088890888588224e+00 -2.538464272936337807e+00 -3.341485493016902897e+00 -4.306234687477267897e+00 -5.310509827041800079e+00 -6.187107120474819588e+00 -6.785186477227370005e+00 -6.395930496846802704e+00 -4.921353702495417259e+00 -2.280902564159331014e+00 4.034120624725025195e+00 3.047589833279100802e+01 7.890643014921968756e+01 1.303332765857092852e+02 2.564184924448714469e+02 2.807234656582290100e+01 0.000000000000000000e+00 0.000000000000000000e+00 0.000000000000000000e+00 0.000000000000000000e+00 0.000000000000000000e+00 0.000000000000000000e+00 0.000000000000000000e+00 0.000000000000000000e+00 0.000000000000000000e+00 0.000000000000000000e+00 0.000000000000000000e+00 0.000000000000000000e+00 0.000000000000000000e+00 0.000000000000000000e+00 0.000000000000000000e+00 0.000000000000000000e+00 0.000000000000000000e+00 0.000000000000000000e+00 0.000000000000000000e+00 0.000000000000000000e+00 0.000000000000000000e+00 0.000000000000000000e+00 0.000000000000000000e+00 0.000000000000000000e+00 0.000000000000000000e+00 0.000000000000000000e+00 0.000000000000000000e+00 0.000000000000000000e+00 0.000000000000000000e+00 0.000000000000000000e+00 0.000000000000000000e+00 0.000000000000000000e+00 0.000000000000000000e+00 0.000000000000000000e+00 0.000000000000000000e+00 0.000000000000000000e+00 0.000000000000000000e+00 0.000000000000000000e+00 0.000000000000000000e+00 0.000000000000000000e+00 0.000000000000000000e+00 0.000000000000000000e+00 0.000000000000000000e+00 0.000000000000000000e+00 0.000000000000000000e+00 0.000000000000000000e+00 0.000000000000000000e+00
1.977066492395781916e+00 -1.427754751970092912e+03 -1.465814100970069012e+04 5.285490528567186708e+00 -1.605308653873701815e+03 -6.180773953350598049e+02 -5.612017183636658046e+02 8.131390754203190454e+02 2.041514525389197843e+02 -1.492252986814885844e+03 -1.125845241032555322e+02 1.036903322112892027e+02 7.977270302496097365e+00 -4.803909349429882241e+02 6.999600533714931316e+02 -1.056359557241303037e+03 -1.859405589000651162e+03 -7.308689466746932339e+02 0.000000000000000000e+00 0.000000000000000000e+00 0.000000000000000000e+00 0.000000000000000000e+00 0.000000000000000000e+00 0.000000000000000000e+00 0.000000000000000000e+00 0.000000000000000000e+00 0.000000000000000000e+00 0.000000000000000000e+00 0.000000000000000000e+00 5.274626103265449752e-06 3.274364234774965188e-04 1.637687841804928799e-03 4.228111216138990061e-03 8.529440787013320077e-03 1.488933309807198221e-02 2.393611835797386511e-02 3.640989058357497338e-02 5.253256229173054043e-02 7.248785299774120061e-02 9.547396742769172218e-02 1.195456492459091163e-01 1.386389640490134911e-01 1.476599421684984259e-01 1.393673032899384878e-01 1.520725086402053283e-01 3.426506881740843391e-01 3.694980577967419966e-01 3.243799312558583448e-01 1.487434883198435198e-01 -3.231997644428062921e-01 -1.326290724882712713e+00 -3.161159822151820897e+00 -6.449178555052401229e+00 -1.165754846178060689e+01 -1.945559314794899919e+01 -3.198713079269964155e+01 -5.929678699472628978e+01 -1.038021919084107623e+02 -1.571263877804649098e+02 -2.517242296611431698e+02 -2.541358162906039198e+01 0.000000000000000000e+00 0.000000000000000000e+00 0.000000000000000000e+00 0.000000000000000000e+00 0.000000000000000000e+00 0.000000000000000000e+00 0.000000000000000000e+00 0.000000000000000000e+00 0.000000000000000000e+00 0.000000000000000000e+00 0.000000000000000000e+00 0.000000000000000000e+00 0.000000000000000000e+00 0.000000000000000000e+00 0.000000000000000000e+00 0.000000000000000000e+00 0.000000000000000000e+00 0.000000000000000000e+00 0.000000000000000000e+00 0.000000000000000000e+00 0.000000000000000000e+00 0.000000000000000000e+00 0.000000000000000000e+00 0.000000000000000000e+00 0.000000000000000000e+00 0.000000000000000000e+00 0.000000000000000000e+00 0.000000000000000000e+00 0.000000000000000000e+00 0.000000000000000000e+00 0.000000000000000000e+00 0.000000000000000000e+00 0.000000000000000000e+00 0.000000000000000000e+00 0.000000000000000000e+00 0.000000000000000000e+00 0.000000000000000000e+00 0.000000000000000000e+00 0.000000000000000000e+00 0.000000000000000000e+00 0.000000000000000000e+00 0.000000000000000000e+00 0.000000000000000000e+00 0.000000000000000000e+00 0.000000000000000000e+00 0.000000000000000000e+00 0.000000000000000000e+00
1.317428588034222081e-01 -1.108180974984079086e+02 -1.142914978228912332e+03 4.084143695126936646e-01 -1.251680758138791276e+02 -4.706543771427886469e+01 -4.432752018131049709e+01 6.539470241474934653e+01 1.604328197735716444e+01 -1.164496641378480888e+02 -8.620747420799450111e+00 7.977270302496098253e+00 6.163264822073346583e-01 -3.904011991465812059e+01 5.432882736512002708e+01 -8.199150186417581665e+01 -1.443215577231537168e+02 -5.772898928050243939e+01 0.000000000000000000e+00 0.000000000000000000e+00 0.000000000000000000e+00 0.000000000000000000e+00 0.000000000000000000e+00 0.000000000000000000e+00 0.000000000000000000e+00 0.000000000000000000e+00 0.000000000000000000e+00 0.000000000000000000e+00 0.000000000000000000e+00 2.862150657979200412e-07 1.786777255154197182e-05 8.934579750075493417e-05 2.291516416220367532e-04 4.568767883850736902e-04 7.845470960304237610e-04 1.236288195123192877e-03 1.834018245767021727e-03 2.561090902061465262e-03 3.388680082222382366e-03 4.208260044563000984e-03 4.802839592598058018e-03 4.710116683405534722e-03 3.450905110535755667e-03 3.266513475982024055e-04 -2.854333935968144699e-03 2.545957436137960550e-03 -4.294114062622649171e-03 -1.939092958587898541e-02 -4.784630313904543464e-02 -1.019547628991930438e-01 -1.993621859053146539e-01 -3.640778244779928063e-01 -6.395980935360210395e-01 -1.067624336303548471e+00 -1.711406466514267199e+00 -2.728126356592774027e+00 -4.737997324606011418e+00 -7.962789125580544969e+00 -1.208279169063408354e+01 -1.871117220883844823e+01 -1.853532497641381172e+00 0.000000000000000000e+00 0.000000000000000000e+00 0.000000000000000000e+00 0.000000000000000000e+00 0.000000000000000000e+00 0.000000000000000000e+00 0.000000000000000000e+00 0.000000000000000000e+00 0.000000000000000000e+00 0.000000000000000000e+00 0.000000000000000000e+00 0.000000000000000000e+00 0.000000000000000000e+00 0.000000000000000000e+00 0.000000000000000000e+00 0.000000000000000000e+00 0.000000000000000000e+00 0.000000000000000000e+00 0.000000000000000000e+00 0.000000000000000000e+00 0.000000000000000000e+00 0.000000000000000000e+00 0.000000000000000000e+00 0.000000000000000000e+00 0.000000000000000000e+00 0.000000000000000000e+00 0.000000000000000000e+00 0.000000000000000000e+00 0.000000000000000000e+00 0.000000000000000000e+00 0.000000000000000000e+00 0.000000000000000000e+00 0.000000000000000000e+00 0.000000000000000000e+00 0.000000000000000000e+00 0.000000000000000000e+00 0.000000000000000000e+00 0.000000000000000000e+00 0.000000000000000000e+00 0.000000000000000000e+00 0.000000000000000000e+00 0.000000000000000000e+00 0.000000000000000000e+00 0.000000000000000000e+00 0.000000000000000000e+00 0.000000000000000000e+00 0.000000000000000000e+00
1.178771707807587887e+01 1.853227014152609627e+04 1.631188808584845974e+05 -1.097906000037743013e+01 1.786421285475584227e+04 4.855502531798560995e+03 3.266728666965666889e+03 -4.822960412377266948e+03 9.253632814028371286e+03 2.250864377052011332e+04 -1.511247229446364599e+02 -4.803909349429884514e+02 -3.904011991465812059e+01 1.417229767633599113e+04 -9.085488092025811056e+03 1.371155701241105635e+04 2.413510207581178474e+04 4.254353580489325395e+03 0.000000000000000000e+00 0.000000000000000000e+00 0.000000000000000000e+00 0.000000000000000000e+00 0.000000000000000000e+00 0.000000000000000000e+00 0.000000000000000000e+00 0.000000000000000000e+00 0.000000000000000000e+00 0.000000000000000000e+00 0.000000000000000000e+00 1.325027812932201153e-04 8.342922956513194183e-03 4.274772693259359935e-02 1.141762126559210666e-01 2.400453087877299496e-01 4.397523268876287750e-01 7.451358988735111710e-01 1.204162053789478826e+00 1.868894476357461976e+00 2.808546668300927696e+00 4.113284364418111849e+00 5.926211541565018948e+00 8.331581140680778930e+00 1.156124016284727851e+01 1.597267621141081051e+01 2.292647618741644422e+01 3.583585092414313777e+01 5.053395473896003409e+01 7.079408259019149341e+01 9.834946177159184799e+01 1.346449343610557321e+02 1.819480684399091217e+02 2.449543314027054066e+02 3.236358014742664864e+02 4.298839311937052798e+02 5.836157708347288917e+02 7.876137618450961781e+02 9.158116798789354789e+02 1.011249535327077865e+03 1.371880024540387694e+03 1.079202131817138934e+03 5.441709741139112566e+01 0.000000000000000000e+00 0.000000000000000000e+00 0.000000000000000000e+00 0.000000000000000000e+00 0.000000000000000000e+00 0.000000000000000000e+00 0.000000000000000000e+00 0.000000000000000000e+00 0.000000000000000000e+00 0.000000000000000000e+00 0.000000000000000000e+00 0.000000000000000000e+00 0.000000000000000000e+00 0.000000000000000000e+00 0.000000000000000000e+00 0.000000000000000000e+00 0.000000000000000000e+00 0.000000000000000000e+00 0.000000000000000000e+00 0.000000000000000000e+00 0.000000000000000000e+00 0.000000000000000000e+00 0.000000000000000000e+00 0.000000000000000000e+00 0.000000000000000000e+00 0.000000000000000000e+00 0.000000000000000000e+00 0.000000000000000000e+00 0.000000000000000000e+00 0.000000000000000000e+00 0.000000000000000000e+00 0.000000000000000000e+00 0.000000000000000000e+00 0.000000000000000000e+00 0.000000000000000000e+00 0.000000000000000000e+00 0.000000000000000000e+00 0.000000000000000000e+00 0.000000000000000000e+00 0.000000000000000000e+00 0.000000000000000000e+00 0.000000000000000000e+00 0.000000000000000000e+00 0.000000000000000000e+00 0.000000000000000000e+00 0.000000000000000000e+00 0.000000000000000000e+00
