# A b_HI Tb sigma_NL sigma8tot n_s f DA H omegak omegaDE w0 wa h gamma sigma_8 fs8 bs8 pk0 pk1 pk2 pk3 pk4 pk5 pk6 pk7 pk8 pk9 pk10 pk11 pk12 pk13 pk14 pk15 pk16 pk17 pk18 pk19 pk20 pk21 pk22 pk23 pk24 pk25 pk26 pk27 pk28 pk29 pk30 pk31 pk32 pk33 pk34 pk35 pk36 pk37 pk38 pk39 pk40 pk41 pk42 pk43 pk44 pk45 pk46 pk47 pk48 pk49 pk50 pk51 pk52 pk53 pk54 pk55 pk56 pk57 pk58 pk59 pk60 pk61 pk62 pk63 pk64 pk65 pk66 pk67 pk68 pk69 pk70 pk71 pk72 pk73 pk74 pk75 pk76 pk77 pk78 pk79 pk80 pk81 pk82 pk83 pk84 pk85 pk86 pk87 pk88 pk89
8.507695342453006404e+00 2.490778656519198364e+01 1.374467910122820911e+02 -1.767227150987464024e-01 2.916102646455154002e+01 1.783372244524943184e+01 6.292299254171436651e+00 -1.128855431800953468e+01 -1.238020890906427418e+00 2.586505692355286712e+01 1.776206425103826758e+00 -1.945204489951959603e+00 -5.945953507674883731e-01 2.151476244426863360e+01 -4.651834129851192046e+00 2.323316547809970345e+01 3.990822215587746058e+01 1.008176603125634152e+01 0.000000000000000000e+00 0.000000000000000000e+00 0.000000000000000000e+00 0.000000000000000000e+00 0.000000000000000000e+00 0.000000000000000000e+00 0.000000000000000000e+00 0.000000000000000000e+00 0.000000000000000000e+00 0.000000000000000000e+00 -5.908300859684959181e-22 -1.268358236085613457e-18 -1.147643545350635829e-17 2.256151003854512994e-17 2.498737700936659897e-17 -2.235064590812930616e-17 -2.778690634370755317e-16 -2.075852374148348048e-16 -4.220156524335285549e-16 4.441562421672910001e-16 -2.479034135947732777e-15 -7.751515369482010687e-16 -6.709776259056440142e-16 -3.080180931657734907e-15 -6.599284566797069502e-15 -5.241164928540792759e-15 -2.135393222038902902e-02 -4.802691469024010784e-01 -1.229039157635948065e+00 -1.550047900994448558e+00 -3.484119768407638040e-01 3.022248360813369228e+00 6.972927075546653697e+00 5.807033383401657645e+00 -6.309346302699229803e+00 -1.822029160731074526e+01 8.195515069634521366e-01 3.014213564081422447e+01 -6.622011054506851124e+00 -4.092159231193171109e+01 4.244995004693833351e+01 -2.111220522555417034e+01 -7.345290714822745315e+00 2.710827864228383532e+01 0.000000000000000000e+00 0.000000000000000000e+00 0.000000000000000000e+00 0.000000000000000000e+00 0.000000000000000000e+00 0.000000000000000000e+00 0.000000000000000000e+00 0.000000000000000000e+00 0.000000000000000000e+00 0.000000000000000000e+00 0.000000000000000000e+00 0.000000000000000000e+00 0.000000000000000000e+00 0.000000000000000000e+00 0.000000000000000000e+00 0.000000000000000000e+00 0.000000000000000000e+00 0.000000000000000000e+00 0.000000000000000000e+00 0.000000000000000000e+00 0.000000000000000000e+00 0.000000000000000000e+00 0.000000000000000000e+00 0.000000000000000000e+00 0.000000000000000000e+00 0.000000000000000000e+00 0.000000000000000000e+00 0.000000000000000000e+00 0.000000000000000000e+00 0.000000000000000000e+00 0.000000000000000000e+00 0.000000000000000000e+00 0.000000000000000000e+00 0.000000000000000000e+00 0.000000000000000000e+00 0.000000000000000000e+00 0.000000000000000000e+00 0.000000000000000000e+00 0.000000000000000000e+00 0.000000000000000000e+00 0.000000000000000000e+00 0.000000000000000000e+00 0.000000000000000000e+00 0.000000000000000000e+00 0.000000000000000000e+00 0.000000000000000000e+00
2.490778656519198364e+01 6.692438770256013959e+04 3.646244232729813084e+05 -1.868995523124785905e+02 7.735955403815215686e+04 3.113926191977161943e+04 1.584233434708663117e+04 -8.813576137992127769e+03 1.094090436963337015e+04 6.038458190477475000e+04 6.170204021414383533e+03 -6.776665213169632807e+03 -1.587837365912386531e+03 3.306486340620346164e+04 -1.249894887365167597e+04 6.242487143305485370e+04 1.072288509093083121e+05 2.538320283644794836e+04 0.000000000000000000e+00 0.000000000000000000e+00 0.000000000000000000e+00 0.000000000000000000e+00 0.000000000000000000e+00 0.000000000000000000e+00 0.000000000000000000e+00 0.000000000000000000e+00 0.000000000000000000e+00 0.000000000000000000e+00 9.686890093464415368e-07 1.292199813191730919e-03 1.177936741125862156e-02 3.774382093746032202e-02 8.689866351069963635e-02 1.734456357740945531e-01 3.142956256246146607e-01 5.379510675347173310e-01 8.888864958448894349e-01 1.429205613553502285e+00 2.240955467518023880e+00 3.459437494115858325e+00 5.302316751016695306e+00 8.004845261387776745e+00 1.197008814806565447e+01 1.779405299750742486e+01 2.637381635615736641e+01 3.875709995033729882e+01 5.672759518750402208e+01 8.298616375516590438e+01 1.209784177843043125e+02 1.754389540321010372e+02 2.537245032378922360e+02 3.663611534854442198e+02 5.235542014682557692e+02 7.456864509395034020e+02 1.066668379527273146e+03 1.517771536198306194e+03 2.120995337897194986e+03 2.935313481444105491e+03 4.081655277524817848e+03 5.472738846659099181e+03 7.180291337573798955e+03 5.446275117120970208e+03 0.000000000000000000e+00 0.000000000000000000e+00 0.000000000000000000e+00 0.000000000000000000e+00 0.000000000000000000e+00 0.000000000000000000e+00 0.000000000000000000e+00 0.000000000000000000e+00 0.000000000000000000e+00 0.000000000000000000e+00 0.000000000000000000e+00 0.000000000000000000e+00 0.000000000000000000e+00 0.000000000000000000e+00 0.000000000000000000e+00 0.000000000000000000e+00 0.000000000000000000e+00 0.000000000000000000e+00 0.000000000000000000e+00 0.000000000000000000e+00 0.000000000000000000e+00 0.000000000000000000e+00 0.000000000000000000e+00 0.000000000000000000e+00 0.000000000000000000e+00 0.000000000000000000e+00 0.000000000000000000e+00 0.000000000000000000e+00 0.000000000000000000e+00 0.000000000000000000e+00 0.000000000000000000e+00 0.000000000000000000e+00 0.000000000000000000e+00 0.000000000000000000e+00 0.000000000000000000e+00 0.000000000000000000e+00 0.000000000000000000e+00 0.000000000000000000e+00 0.000000000000000000e+00 0.000000000000000000e+00 0.000000000000000000e+00 0.000000000000000000e+00 0.000000000000000000e+00 0.000000000000000000e+00 0.000000000000000000e+00 0.000000000000000000e+00
1.374467910122820911e+02 3.646244232729813084e+05 2.068393025263084797e+06 -1.275726697489465778e+03 4.388350088391716708e+05 1.762325429291853507e+05 1.049213901069615385e+05 -6.106918199192621978e+04 2.254518595834708685e+04 3.177291302982799825e+05 5.186819384728136356e+04 -4.226893383241983247e+04 -9.857394584479756304e+03 1.563404356416338123e+05 -6.809807576916209655e+04 3.401096898387745605e+05 5.842153998449710198e+05 1.681091225963711622e+05 0.000000000000000000e+00 0.000000000000000000e+00 0.000000000000000000e+00 0.000000000000000000e+00 0.000000000000000000e+00 0.000000000000000000e+00 0.000000000000000000e+00 0.000000000000000000e+00 0.000000000000000000e+00 0.000000000000000000e+00 8.365981209614203865e-06 1.069949852299972685e-02 9.291676510100520259e-02 2.845215204706667556e-01 6.299086784676898310e-01 1.214477503389855606e+00 2.136733371094626577e+00 3.565458228106025196e+00 5.762727797413680797e+00 9.089630094202169275e+00 1.402229246534367846e+01 2.134025682909918231e+01 3.230283926557063978e+01 4.825581855515199692e+01 7.151004842650664273e+01 1.054827669102036651e+02 1.552811514521015681e+02 2.268767021911538677e+02 3.303899562907483300e+02 4.813308883862796961e+02 6.990796757847343770e+02 1.010727594645388876e+03 1.457753088740787462e+03 2.100329328558815178e+03 2.996830993388655770e+03 4.263008439703570730e+03 6.090043338906823919e+03 8.657417572748816383e+03 1.209184438196547489e+04 1.672599203192424466e+04 2.322426437092630295e+04 3.107106323642701682e+04 4.056803405469327117e+04 3.056009319280183263e+04 0.000000000000000000e+00 0.000000000000000000e+00 0.000000000000000000e+00 0.000000000000000000e+00 0.000000000000000000e+00 0.000000000000000000e+00 0.000000000000000000e+00 0.000000000000000000e+00 0.000000000000000000e+00 0.000000000000000000e+00 0.000000000000000000e+00 0.000000000000000000e+00 0.000000000000000000e+00 0.000000000000000000e+00 0.000000000000000000e+00 0.000000000000000000e+00 0.000000000000000000e+00 0.000000000000000000e+00 0.000000000000000000e+00 0.000000000000000000e+00 0.000000000000000000e+00 0.000000000000000000e+00 0.000000000000000000e+00 0.000000000000000000e+00 0.000000000000000000e+00 0.000000000000000000e+00 0.000000000000000000e+00 0.000000000000000000e+00 0.000000000000000000e+00 0.000000000000000000e+00 0.000000000000000000e+00 0.000000000000000000e+00 0.000000000000000000e+00 0.000000000000000000e+00 0.000000000000000000e+00 0.000000000000000000e+00 0.000000000000000000e+00 0.000000000000000000e+00 0.000000000000000000e+00 0.000000000000000000e+00 0.000000000000000000e+00 0.000000000000000000e+00 0.000000000000000000e+00 0.000000000000000000e+00 0.000000000000000000e+00 0.000000000000000000e+00
-1.767227150987464024e-01 -1.868995523124785905e+02 -1.275726697489465778e+03 1.645581848988401097e+00 -2.706611024749274179e+02 -1.247745684087315539e+02 -1.027985969665379002e+02 6.657432503424503523e+01 1.300737400457898332e+02 -1.079177858554792522e+02 -1.037815512397287421e+02 4.529386570585473493e+01 1.006480456335440543e+01 4.083930726039177017e+01 3.490577992651088834e+01 -1.743337656797966417e+02 -2.994577151606061989e+02 -1.647079010539724209e+02 0.000000000000000000e+00 0.000000000000000000e+00 0.000000000000000000e+00 0.000000000000000000e+00 0.000000000000000000e+00 0.000000000000000000e+00 0.000000000000000000e+00 0.000000000000000000e+00 0.000000000000000000e+00 0.000000000000000000e+00 -1.063664557224105518e-11 -1.435694261686597348e-08 -1.371727453430372610e-07 -4.767886929822033548e-07 -1.220150699067039665e-06 -2.766623960456488077e-06 -5.768136731282832170e-06 -1.148743041091066492e-05 -2.236648164344674008e-05 -4.281120827742130447e-05 -8.044070492129028074e-05 -1.495305804523722431e-04 -2.790688900009954737e-04 -5.147847414461393040e-04 -9.439552981101931176e-04 -1.730174056995303347e-03 -3.181783738882510391e-03 -5.805617148982212747e-03 -1.056447875686535899e-02 -1.936202582355167970e-02 -3.537794633802446992e-02 -6.435385191781685388e-02 -1.168185643638694204e-01 -2.132456522291948098e-01 -3.848853192635059983e-01 -6.925077129967008860e-01 -1.254013846694401968e+00 -2.263695419233456185e+00 -4.009987088502464658e+00 -7.028503705484727249e+00 -1.237958748367585748e+01 -2.084661414643250410e+01 -3.383451507886542942e+01 -2.971852685197866961e+01 0.000000000000000000e+00 0.000000000000000000e+00 0.000000000000000000e+00 0.000000000000000000e+00 0.000000000000000000e+00 0.000000000000000000e+00 0.000000000000000000e+00 0.000000000000000000e+00 0.000000000000000000e+00 0.000000000000000000e+00 0.000000000000000000e+00 0.000000000000000000e+00 0.000000000000000000e+00 0.000000000000000000e+00 0.000000000000000000e+00 0.000000000000000000e+00 0.000000000000000000e+00 0.000000000000000000e+00 0.000000000000000000e+00 0.000000000000000000e+00 0.000000000000000000e+00 0.000000000000000000e+00 0.000000000000000000e+00 0.000000000000000000e+00 0.000000000000000000e+00 0.000000000000000000e+00 0.000000000000000000e+00 0.000000000000000000e+00 0.000000000000000000e+00 0.000000000000000000e+00 0.000000000000000000e+00 0.000000000000000000e+00 0.000000000000000000e+00 0.000000000000000000e+00 0.000000000000000000e+00 0.000000000000000000e+00 0.000000000000000000e+00 0.000000000000000000e+00 0.000000000000000000e+00 0.000000000000000000e+00 0.000000000000000000e+00 0.000000000000000000e+00 0.000000000000000000e+00 0.000000000000000000e+00 0.000000000000000000e+00 0.000000000000000000e+00
2.916102646455154002e+01 7.735955403815215686e+04 4.388350088391716708e+05 -2.706611024749274179e+02 9.310424210040138860e+04 3.738990056023903890e+04 2.226036279983601344e+04 -1.295657773542300674e+04 4.783238368372283730e+03 6.741014110950865143e+04 1.100447498489726604e+04 -8.967873960807333788e+03 -2.091367446504114014e+03 3.316954544844778866e+04 -1.444784396248378835e+04 7.215845195943977160e+04 1.239484793381273048e+05 3.566641706845855515e+04 0.000000000000000000e+00 0.000000000000000000e+00 0.000000000000000000e+00 0.000000000000000000e+00 0.000000000000000000e+00 0.000000000000000000e+00 0.000000000000000000e+00 0.000000000000000000e+00 0.000000000000000000e+00 0.000000000000000000e+00 1.774945763802520762e-06 2.270030149767149775e-03 1.971343402167029940e-02 6.036473843494932073e-02 1.336428701446042977e-01 2.576663329578158801e-01 4.533342533738232150e-01 7.564557963289362252e-01 1.222633548377063173e+00 1.928476771104300269e+00 2.975001734591455005e+00 4.527597840375037208e+00 6.853444476701427313e+00 1.023806515664406191e+01 1.517173590804589445e+01 2.237946579013038928e+01 3.294480528494939620e+01 4.813468155975512275e+01 7.009629099420440923e+01 1.021202653846181221e+02 1.483183476038161928e+02 2.144382849452843232e+02 3.092802391854548887e+02 4.456106882037304899e+02 6.358145378613146477e+02 9.044496493024253141e+02 1.292077564475537656e+03 1.836777571118718015e+03 2.565433441048650366e+03 3.548624836539372154e+03 4.927313202094366716e+03 6.592108048839334515e+03 8.607007162342744778e+03 6.483699472291213169e+03 0.000000000000000000e+00 0.000000000000000000e+00 0.000000000000000000e+00 0.000000000000000000e+00 0.000000000000000000e+00 0.000000000000000000e+00 0.000000000000000000e+00 0.000000000000000000e+00 0.000000000000000000e+00 0.000000000000000000e+00 0.000000000000000000e+00 0.000000000000000000e+00 0.000000000000000000e+00 0.000000000000000000e+00 0.000000000000000000e+00 0.000000000000000000e+00 0.000000000000000000e+00 0.000000000000000000e+00 0.000000000000000000e+00 0.000000000000000000e+00 0.000000000000000000e+00 0.000000000000000000e+00 0.000000000000000000e+00 0.000000000000000000e+00 0.000000000000000000e+00 0.000000000000000000e+00 0.000000000000000000e+00 0.000000000000000000e+00 0.000000000000000000e+00 0.000000000000000000e+00 0.000000000000000000e+00 0.000000000000000000e+00 0.000000000000000000e+00 0.000000000000000000e+00 0.000000000000000000e+00 0.000000000000000000e+00 0.000000000000000000e+00 0.000000000000000000e+00 0.000000000000000000e+00 0.000000000000000000e+00 0.000000000000000000e+00 0.000000000000000000e+00 0.000000000000000000e+00 0.000000000000000000e+00 0.000000000000000000e+00 0.000000000000000000e+00
1.783372244524943184e+01 3.113926191977161943e+04 1.762325429291853507e+05 -1.247745684087315539e+02 3.738990056023903890e+04 1.694592960451557155e+04 8.867098497101329485e+03 -4.706418001230632399e+03 -1.400868501653694125e+02 2.549873658891634477e+04 6.077963107135567043e+03 -4.178266615911465124e+03 -9.431293136582472698e+02 9.483679849202526384e+03 -5.815638454972150612e+03 2.904568108267658317e+04 4.989253377499875205e+04 1.420720929072404397e+04 0.000000000000000000e+00 0.000000000000000000e+00 0.000000000000000000e+00 0.000000000000000000e+00 0.000000000000000000e+00 0.000000000000000000e+00 0.000000000000000000e+00 0.000000000000000000e+00 0.000000000000000000e+00 0.000000000000000000e+00 -1.894793138715204064e-06 -2.356643991098555501e-03 -1.965005051117129156e-02 -5.732797466861960095e-02 -1.204406499386004303e-01 -2.192587962320658446e-01 -3.632285848224983127e-01 -5.686270455349677899e-01 -8.578124311848221994e-01 -1.255942345386760861e+00 -1.789218546368207097e+00 -2.498392450845811741e+00 -3.434210122107803187e+00 -4.617787525341952026e+00 -6.087698001837278383e+00 -7.860510200778466405e+00 -9.904750549818691852e+00 -1.206852692542500449e+01 -1.408928522789469007e+01 -1.536646497532345812e+01 -1.486609161441746174e+01 -1.080435138641862736e+01 -1.753001303094532115e-01 2.235484891398989760e+01 6.365070767796218121e+01 1.355790041510046251e+02 2.586888894690833922e+02 4.602406561660336024e+02 7.705809380790794876e+02 1.242361881359880954e+03 1.974967769394811967e+03 2.970534493052048219e+03 4.306871678787113524e+03 3.495499662710370103e+03 0.000000000000000000e+00 0.000000000000000000e+00 0.000000000000000000e+00 0.000000000000000000e+00 0.000000000000000000e+00 0.000000000000000000e+00 0.000000000000000000e+00 0.000000000000000000e+00 0.000000000000000000e+00 0.000000000000000000e+00 0.000000000000000000e+00 0.000000000000000000e+00 0.000000000000000000e+00 0.000000000000000000e+00 0.000000000000000000e+00 0.000000000000000000e+00 0.000000000000000000e+00 0.000000000000000000e+00 0.000000000000000000e+00 0.000000000000000000e+00 0.000000000000000000e+00 0.000000000000000000e+00 0.000000000000000000e+00 0.000000000000000000e+00 0.000000000000000000e+00 0.000000000000000000e+00 0.000000000000000000e+00 0.000000000000000000e+00 0.000000000000000000e+00 0.000000000000000000e+00 0.000000000000000000e+00 0.000000000000000000e+00 0.000000000000000000e+00 0.000000000000000000e+00 0.000000000000000000e+00 0.000000000000000000e+00 0.000000000000000000e+00 0.000000000000000000e+00 0.000000000000000000e+00 0.000000000000000000e+00 0.000000000000000000e+00 0.000000000000000000e+00 0.000000000000000000e+00 0.000000000000000000e+00 0.000000000000000000e+00 0.000000000000000000e+00
6.292299254171436651e+00 1.584233434708663117e+04 1.049213901069615385e+05 -1.027985969665379002e+02 2.226036279983601344e+04 8.867098497101329485e+03 7.982535605465329354e+03 -5.054642294985306762e+03 -5.840432399422174967e+03 1.173210081894553514e+04 5.611865634517764192e+03 -2.820499384306153843e+03 -6.502660280960300270e+02 2.412137121165628287e+03 -2.958749924221673609e+03 1.477720930689247507e+04 2.538320283644794836e+04 1.278992830118851998e+04 0.000000000000000000e+00 0.000000000000000000e+00 0.000000000000000000e+00 0.000000000000000000e+00 0.000000000000000000e+00 0.000000000000000000e+00 0.000000000000000000e+00 0.000000000000000000e+00 0.000000000000000000e+00 0.000000000000000000e+00 9.317440620803968420e-07 1.138185729372338025e-03 9.325226077211395959e-03 2.687659564173022070e-02 5.615756285035079787e-02 1.023550138136678639e-01 1.709209029999957385e-01 2.716711230324274640e-01 4.196292745094227783e-01 6.346661260654968828e-01 9.428250214143844010e-01 1.385773628714429773e+00 2.031735068839136904e+00 2.950967497226325342e+00 4.265003409168854454e+00 6.153598356342664388e+00 8.879064063885515168e+00 1.274928126073226764e+01 1.827802225042080408e+01 2.628542772262841609e+01 3.772530539124508664e+01 5.401315140715693985e+01 7.720814233119176606e+01 1.104443037498730007e+02 1.567681866448725714e+02 2.220735264039383594e+02 3.158494652062589125e+02 4.475695539723280376e+02 6.240003929443731749e+02 8.616864656868408474e+02 1.190515186081013553e+03 1.580713443647487111e+03 2.028983976734282578e+03 1.491022002435295690e+03 0.000000000000000000e+00 0.000000000000000000e+00 0.000000000000000000e+00 0.000000000000000000e+00 0.000000000000000000e+00 0.000000000000000000e+00 0.000000000000000000e+00 0.000000000000000000e+00 0.000000000000000000e+00 0.000000000000000000e+00 0.000000000000000000e+00 0.000000000000000000e+00 0.000000000000000000e+00 0.000000000000000000e+00 0.000000000000000000e+00 0.000000000000000000e+00 0.000000000000000000e+00 0.000000000000000000e+00 0.000000000000000000e+00 0.000000000000000000e+00 0.000000000000000000e+00 0.000000000000000000e+00 0.000000000000000000e+00 0.000000000000000000e+00 0.000000000000000000e+00 0.000000000000000000e+00 0.000000000000000000e+00 0.000000000000000000e+00 0.000000000000000000e+00 0.000000000000000000e+00 0.000000000000000000e+00 0.000000000000000000e+00 0.000000000000000000e+00 0.000000000000000000e+00 0.000000000000000000e+00 0.000000000000000000e+00 0.000000000000000000e+00 0.000000000000000000e+00 0.000000000000000000e+00 0.000000000000000000e+00 0.000000000000000000e+00 0.000000000000000000e+00 0.000000000000000000e+00 0.000000000000000000e+00 0.000000000000000000e+00 0.000000000000000000e+00
-1.128855431800953468e+01 -8.813576137992127769e+03 -6.106918199192621978e+04 6.657432503424503523e+01 -1.295657773542300674e+04 -4.706418001230632399e+03 -5.054642294985306762e+03 4.120300987242523661e+03 5.598805435908490836e+03 -6.204989152892132552e+03 -4.033411744688669842e+03 1.802901174384769774e+03 4.249817617950373005e+02 -8.214902434046410917e+02 1.646043263517013429e+03 -8.221014433854159506e+03 -1.412145369007899353e+04 -8.098744025238642280e+03 -0.000000000000000000e+00 -0.000000000000000000e+00 -0.000000000000000000e+00 -0.000000000000000000e+00 -0.000000000000000000e+00 -0.000000000000000000e+00 -0.000000000000000000e+00 -0.000000000000000000e+00 -0.000000000000000000e+00 -0.000000000000000000e+00 -1.048062730723800327e-06 -1.275212004063571705e-03 -1.054541709973992082e-02 -3.114352045301528593e-02 -6.726650772940252765e-02 -1.273801678737943033e-01 -2.204460667617279546e-01 -3.618678307875495270e-01 -5.731253302338621403e-01 -8.783542974091753663e-01 -1.307025951408399278e+00 -1.898878130298648159e+00 -2.708865549172498888e+00 -3.761824206936102755e+00 -5.143949284534017785e+00 -6.987334302837988176e+00 -9.945318689989479211e+00 -1.582304912435616195e+01 -2.216094316570130118e+01 -3.076776903330246782e+01 -4.240569867802433635e+01 -5.742860366111888482e+01 -7.667252647145880928e+01 -1.021208140092765007e+02 -1.335206143827054461e+02 -1.774295365120579788e+02 -2.462683470771436021e+02 -3.445183443484519898e+02 -4.106904303854699947e+02 -4.851589805450909125e+02 -7.566006313786524515e+02 -8.089604766302838925e+02 -9.473643060943610408e+02 -7.119179786675797459e+02 -0.000000000000000000e+00 -0.000000000000000000e+00 -0.000000000000000000e+00 -0.000000000000000000e+00 -0.000000000000000000e+00 -0.000000000000000000e+00 -0.000000000000000000e+00 -0.000000000000000000e+00 -0.000000000000000000e+00 -0.000000000000000000e+00 -0.000000000000000000e+00 -0.000000000000000000e+00 -0.000000000000000000e+00 -0.000000000000000000e+00 -0.000000000000000000e+00 -0.000000000000000000e+00 -0.000000000000000000e+00 -0.000000000000000000e+00 -0.000000000000000000e+00 -0.000000000000000000e+00 -0.000000000000000000e+00 -0.000000000000000000e+00 -0.000000000000000000e+00 -0.000000000000000000e+00 -0.000000000000000000e+00 -0.000000000000000000e+00 -0.000000000000000000e+00 -0.000000000000000000e+00 -0.000000000000000000e+00 -0.000000000000000000e+00 -0.000000000000000000e+00 -0.000000000000000000e+00 -0.000000000000000000e+00 -0.000000000000000000e+00 -0.000000000000000000e+00 -0.000000000000000000e+00 -0.000000000000000000e+00 -0.000000000000000000e+00 -0.000000000000000000e+00 -0.000000000000000000e+00 -0.000000000000000000e+00 -0.000000000000000000e+00 -0.000000000000000000e+00 -0.000000000000000000e+00 -0.000000000000000000e+00 -0.000000000000000000e+00
-1.238020890906427418e+00 1.094090436963337015e+04 2.254518595834708685e+04 1.300737400457898332e+02 4.783238368372283730e+03 -1.400868501653694125e+02 -5.840432399422174967e+03 5.598805435908490836e+03 2.623302402848507700e+04 1.857852703973917596e+04 -1.182841351958454652e+04 2.761816285083708408e+03 5.792311979672368807e+02 2.432807696743111228e+04 -2.043347859308519446e+03 1.020531635898080822e+04 1.752994153160608039e+04 -9.357767422346949388e+03 0.000000000000000000e+00 0.000000000000000000e+00 0.000000000000000000e+00 0.000000000000000000e+00 0.000000000000000000e+00 0.000000000000000000e+00 0.000000000000000000e+00 0.000000000000000000e+00 0.000000000000000000e+00 0.000000000000000000e+00 1.374422428292758688e-06 1.829840635400542623e-03 1.631696658509209502e-02 5.039166361612261447e-02 1.107069928084488675e-01 2.095216579337987883e-01 3.585829446381801899e-01 5.795616593764999491e-01 9.026752676917209062e-01 1.363030300177192178e+00 2.006521372087602284e+00 2.899766645725593062e+00 4.144103158182830704e+00 5.815861272079017930e+00 8.095388610011715613e+00 1.125116534057632833e+01 1.611066202169053341e+01 2.457967553627234025e+01 3.463523473273123443e+01 4.853104038597716396e+01 6.754387628292012380e+01 9.271774038852447575e+01 1.257420167704840708e+02 1.691333299989391321e+02 2.222189575533244863e+02 2.898146010258902265e+02 3.795233633926976040e+02 4.830722480214754455e+02 5.244787064807418346e+02 4.979463364846042737e+02 4.850774345996317720e+02 4.570989642011910092e+01 -6.682671660739856634e+02 -8.814156837132796909e+02 0.000000000000000000e+00 0.000000000000000000e+00 0.000000000000000000e+00 0.000000000000000000e+00 0.000000000000000000e+00 0.000000000000000000e+00 0.000000000000000000e+00 0.000000000000000000e+00 0.000000000000000000e+00 0.000000000000000000e+00 0.000000000000000000e+00 0.000000000000000000e+00 0.000000000000000000e+00 0.000000000000000000e+00 0.000000000000000000e+00 0.000000000000000000e+00 0.000000000000000000e+00 0.000000000000000000e+00 0.000000000000000000e+00 0.000000000000000000e+00 0.000000000000000000e+00 0.000000000000000000e+00 0.000000000000000000e+00 0.000000000000000000e+00 0.000000000000000000e+00 0.000000000000000000e+00 0.000000000000000000e+00 0.000000000000000000e+00 0.000000000000000000e+00 0.000000000000000000e+00 0.000000000000000000e+00 0.000000000000000000e+00 0.000000000000000000e+00 0.000000000000000000e+00 0.000000000000000000e+00 0.000000000000000000e+00 0.000000000000000000e+00 0.000000000000000000e+00 0.000000000000000000e+00 0.000000000000000000e+00 0.000000000000000000e+00 0.000000000000000000e+00 0.000000000000000000e+00 0.000000000000000000e+00 0.000000000000000000e+00 0.000000000000000000e+00
2.586505692355286712e+01 6.038458190477475000e+04 3.177291302982799825e+05 -1.079177858554792522e+02 6.741014110950865143e+04 2.549873658891634477e+04 1.173210081894553514e+04 -6.204989152892132552e+03 1.857852703973917596e+04 5.820480133265579207e+04 6.066729974294541989e+02 -4.569830617683665878e+03 -1.112951277182491367e+03 3.813630912903883291e+04 -1.127756006284297473e+04 5.632475531487209082e+04 9.675052028963596968e+04 1.879762718426126230e+04 0.000000000000000000e+00 0.000000000000000000e+00 0.000000000000000000e+00 0.000000000000000000e+00 0.000000000000000000e+00 0.000000000000000000e+00 0.000000000000000000e+00 0.000000000000000000e+00 0.000000000000000000e+00 0.000000000000000000e+00 2.343205900711266780e-06 3.023457977019871484e-03 2.646650453188214777e-02 8.152914623699955565e-02 1.809511627661807565e-01 3.487966217864797436e-01 6.111233408174974180e-01 1.013200468368969043e+00 1.621455416630265933e+00 2.519680661841686486e+00 3.816320729665275469e+00 5.677625222764071999e+00 8.360282688279648156e+00 1.209392732437900264e+01 1.733687638901882977e+01 2.477168453153363004e+01 3.604648150649135374e+01 5.449096599321481449e+01 7.814976448482825333e+01 1.117155088345689791e+02 1.589702216554095742e+02 2.241255413342968552e+02 3.139986607836389680e+02 4.390442217260666098e+02 6.057847652088529458e+02 8.366460240670279518e+02 1.169927681574338976e+03 1.626230843557218122e+03 2.125879141212412378e+03 2.739545962019910348e+03 3.753733768069643247e+03 4.508144012641058907e+03 5.391404208557097263e+03 3.862622559930084208e+03 0.000000000000000000e+00 0.000000000000000000e+00 0.000000000000000000e+00 0.000000000000000000e+00 0.000000000000000000e+00 0.000000000000000000e+00 0.000000000000000000e+00 0.000000000000000000e+00 0.000000000000000000e+00 0.000000000000000000e+00 0.000000000000000000e+00 0.000000000000000000e+00 0.000000000000000000e+00 0.000000000000000000e+00 0.000000000000000000e+00 0.000000000000000000e+00 0.000000000000000000e+00 0.000000000000000000e+00 0.000000000000000000e+00 0.000000000000000000e+00 0.000000000000000000e+00 0.000000000000000000e+00 0.000000000000000000e+00 0.000000000000000000e+00 0.000000000000000000e+00 0.000000000000000000e+00 0.000000000000000000e+00 0.000000000000000000e+00 0.000000000000000000e+00 0.000000000000000000e+00 0.000000000000000000e+00 0.000000000000000000e+00 0.000000000000000000e+00 0.000000000000000000e+00 0.000000000000000000e+00 0.000000000000000000e+00 0.000000000000000000e+00 0.000000000000000000e+00 0.000000000000000000e+00 0.000000000000000000e+00 0.000000000000000000e+00 0.000000000000000000e+00 0.000000000000000000e+00 0.000000000000000000e+00 0.000000000000000000e+00 0.000000000000000000e+00
1.776206425103826758e+00 6.170204021414383533e+03 5.186819384728136356e+04 -1.037815512397287421e+02 1.100447498489726604e+04 6.077963107135567043e+03 5.611865634517763283e+03 -4.033411744688669842e+03 -1.182841351958454652e+04 6.066729974294521526e+02 7.553506456706902100e+03 -2.761132480784322979e+03 -6.000235181437726624e+02 -7.867561647280350371e+03 -1.152361153402203172e+03 5.755363716802097770e+03 9.886140311552646381e+03 8.991548882318073083e+03 0.000000000000000000e+00 0.000000000000000000e+00 0.000000000000000000e+00 0.000000000000000000e+00 0.000000000000000000e+00 0.000000000000000000e+00 0.000000000000000000e+00 0.000000000000000000e+00 0.000000000000000000e+00 0.000000000000000000e+00 -1.198237017337679366e-06 -1.533245646748043929e-03 -1.318131924578914982e-02 -3.961287387974677526e-02 -8.536609779499133854e-02 -1.591797478431381252e-01 -2.689722750345309721e-01 -4.295006808838204293e-01 -6.600682473677680351e-01 -9.798727473713031433e-01 -1.412717043346712442e+00 -1.987233968295368802e+00 -2.740981870745815119e+00 -3.674590830869569391e+00 -4.844749143900354049e+00 -6.338861076130594796e+00 -8.805198285109804957e+00 -1.416454438687653550e+01 -1.932050502063452413e+01 -2.598431443899980309e+01 -3.447542191101855025e+01 -4.440109513974977773e+01 -5.534241884449059512e+01 -6.716882123952416350e+01 -7.655018270381671641e+01 -8.458254846853797915e+01 -9.358629925199051058e+01 -9.186571881434022657e+01 8.983595172726463574e+00 2.081240456329464621e+02 3.869184623192066397e+02 1.030218468621558713e+03 1.899417159367620798e+03 1.695886828478958250e+03 0.000000000000000000e+00 0.000000000000000000e+00 0.000000000000000000e+00 0.000000000000000000e+00 0.000000000000000000e+00 0.000000000000000000e+00 0.000000000000000000e+00 0.000000000000000000e+00 0.000000000000000000e+00 0.000000000000000000e+00 0.000000000000000000e+00 0.000000000000000000e+00 0.000000000000000000e+00 0.000000000000000000e+00 0.000000000000000000e+00 0.000000000000000000e+00 0.000000000000000000e+00 0.000000000000000000e+00 0.000000000000000000e+00 0.000000000000000000e+00 0.000000000000000000e+00 0.000000000000000000e+00 0.000000000000000000e+00 0.000000000000000000e+00 0.000000000000000000e+00 0.000000000000000000e+00 0.000000000000000000e+00 0.000000000000000000e+00 0.000000000000000000e+00 0.000000000000000000e+00 0.000000000000000000e+00 0.000000000000000000e+00 0.000000000000000000e+00 0.000000000000000000e+00 0.000000000000000000e+00 0.000000000000000000e+00 0.000000000000000000e+00 0.000000000000000000e+00 0.000000000000000000e+00 0.000000000000000000e+00 0.000000000000000000e+00 0.000000000000000000e+00 0.000000000000000000e+00 0.000000000000000000e+00 0.000000000000000000e+00 0.000000000000000000e+00
-1.945204489951959603e+00 -6.776665213169632807e+03 -4.226893383241983247e+04 4.529386570585473493e+01 -8.967873960807333788e+03 -4.178266615911465124e+03 -2.820499384306154298e+03 1.802901174384769774e+03 2.761816285083708408e+03 -4.569830617683666787e+03 -2.761132480784322979e+03 1.343409305080054537e+03 2.991922929030667433e+02 6.673845852636767972e+01 1.265625206908257269e+03 -6.321050803738424293e+03 -1.085783596608781772e+04 -4.519113560122879790e+03 0.000000000000000000e+00 0.000000000000000000e+00 0.000000000000000000e+00 0.000000000000000000e+00 0.000000000000000000e+00 0.000000000000000000e+00 0.000000000000000000e+00 0.000000000000000000e+00 0.000000000000000000e+00 0.000000000000000000e+00 3.724278092180393568e-07 4.691294002042968809e-04 3.959953915106934237e-03 1.169096479373274433e-02 2.477047590583775563e-02 4.540259049793646945e-02 7.533629676834929789e-02 1.179990746142370872e-01 1.773838725035905284e-01 2.562158289831711344e-01 3.574593155269025768e-01 4.820576092905107801e-01 6.282738037948520926e-01 7.793234141315532604e-01 9.269673569128714652e-01 1.060436121752421856e+00 1.356657727227580601e+00 2.458156856769387666e+00 3.082571284529946443e+00 3.675376433435333823e+00 4.113051696310147776e+00 3.916933733601976275e+00 2.420747902863424450e+00 -1.134602281647664190e+00 -8.649962645825340246e+00 -2.101354094868680633e+01 -3.946289834109183658e+01 -7.004745549096990942e+01 -1.466932206779594594e+02 -2.716542577207997056e+02 -4.056965313494710585e+02 -7.227479168914054526e+02 -1.134362109682188247e+03 -9.447633163220898496e+02 0.000000000000000000e+00 0.000000000000000000e+00 0.000000000000000000e+00 0.000000000000000000e+00 0.000000000000000000e+00 0.000000000000000000e+00 0.000000000000000000e+00 0.000000000000000000e+00 0.000000000000000000e+00 0.000000000000000000e+00 0.000000000000000000e+00 0.000000000000000000e+00 0.000000000000000000e+00 0.000000000000000000e+00 0.000000000000000000e+00 0.000000000000000000e+00 0.000000000000000000e+00 0.000000000000000000e+00 0.000000000000000000e+00 0.000000000000000000e+00 0.000000000000000000e+00 0.000000000000000000e+00 0.000000000000000000e+00 0.000000000000000000e+00 0.000000000000000000e+00 0.000000000000000000e+00 0.000000000000000000e+00 0.000000000000000000e+00 0.000000000000000000e+00 0.000000000000000000e+00 0.000000000000000000e+00 0.000000000000000000e+00 0.000000000000000000e+00 0.000000000000000000e+00 0.000000000000000000e+00 0.000000000000000000e+00 0.000000000000000000e+00 0.000000000000000000e+00 0.000000000000000000e+00 0.000000000000000000e+00 0.000000000000000000e+00 0.000000000000000000e+00 0.000000000000000000e+00 0.000000000000000000e+00 0.000000000000000000e+00 0.000000000000000000e+00
-5.945953507674883731e-01 -1.587837365912386531e+03 -9.857394584479756304e+03 1.006480456335440543e+01 -2.091367446504114014e+03 -9.431293136582472698e+02 -6.502660280960300270e+02 4.249817617950373005e+02 5.792311979672368807e+02 -1.112951277182491140e+03 -6.000235181437726624e+02 2.991922929030667433e+02 6.716499787699231661e+01 -8.233851758695136880e+01 2.965480707035810042e+02 -1.481082559383497255e+03 -2.544094642066257165e+03 -1.041881463122148489e+03 0.000000000000000000e+00 0.000000000000000000e+00 0.000000000000000000e+00 0.000000000000000000e+00 0.000000000000000000e+00 0.000000000000000000e+00 0.000000000000000000e+00 0.000000000000000000e+00 0.000000000000000000e+00 0.000000000000000000e+00 5.376902286128565665e-08 6.818776196523834449e-05 5.764862208008454583e-04 1.694326803717398312e-03 3.554219906705857919e-03 6.420863576733075971e-03 1.045818783899259835e-02 1.602980914335288415e-02 2.348068059492931098e-02 3.283150129725661420e-02 4.402252941960545923e-02 5.632795234800179462e-02 6.808629088284338937e-02 7.514676221615039509e-02 7.369495066944692363e-02 5.829450070099282538e-02 5.117872105744272759e-02 1.467272010037931895e-01 1.305591150084328411e-01 5.521202911742113112e-02 -1.224171875399537174e-01 -5.106855161591601355e-01 -1.267233655637086676e+00 -2.591719549401858114e+00 -4.869201450783856799e+00 -8.413842375602451185e+00 -1.372393163296181662e+01 -2.209697222159375585e+01 -3.919193562470966441e+01 -6.616156881907352272e+01 -9.850112465735489309e+01 -1.632852268183888214e+02 -2.481439729804245928e+02 -2.042266046277704845e+02 0.000000000000000000e+00 0.000000000000000000e+00 0.000000000000000000e+00 0.000000000000000000e+00 0.000000000000000000e+00 0.000000000000000000e+00 0.000000000000000000e+00 0.000000000000000000e+00 0.000000000000000000e+00 0.000000000000000000e+00 0.000000000000000000e+00 0.000000000000000000e+00 0.000000000000000000e+00 0.000000000000000000e+00 0.000000000000000000e+00 0.000000000000000000e+00 0.000000000000000000e+00 0.000000000000000000e+00 0.000000000000000000e+00 0.000000000000000000e+00 0.000000000000000000e+00 0.000000000000000000e+00 0.000000000000000000e+00 0.000000000000000000e+00 0.000000000000000000e+00 0.000000000000000000e+00 0.000000000000000000e+00 0.000000000000000000e+00 0.000000000000000000e+00 0.000000000000000000e+00 0.000000000000000000e+00 0.000000000000000000e+00 0.000000000000000000e+00 0.000000000000000000e+00 0.000000000000000000e+00 0.000000000000000000e+00 0.000000000000000000e+00 0.000000000000000000e+00 0.000000000000000000e+00 0.000000000000000000e+00 0.000000000000000000e+00 0.000000000000000000e+00 0.000000000000000000e+00 0.000000000000000000e+00 0.000000000000000000e+00 0.000000000000000000e+00
2.151476244426863360e+01 3.306486340620345436e+04 1.563404356416338123e+05 4.083930726039176307e+01 3.316954544844778866e+04 9.483679849202526384e+03 2.412137121165628741e+03 -8.214902434046408644e+02 2.432807696743111228e+04 3.813630912903884018e+04 -7.867561647280348552e+03 6.673845852636804921e+01 -8.233851758695161038e+01 3.492397943675862916e+04 -6.175268111008859705e+03 3.084181892342978608e+04 5.297780719755175232e+04 3.864819696040089184e+03 0.000000000000000000e+00 0.000000000000000000e+00 0.000000000000000000e+00 0.000000000000000000e+00 0.000000000000000000e+00 0.000000000000000000e+00 0.000000000000000000e+00 0.000000000000000000e+00 0.000000000000000000e+00 0.000000000000000000e+00 4.032153571244509978e-06 5.121266697247442261e-03 4.396941637977937883e-02 1.328636003344280669e-01 2.895205495053158051e-01 5.480904564021666925e-01 9.430440280058596247e-01 1.535651798820145242e+00 2.411351148767205910e+00 3.667718235415716510e+00 5.428035346679328299e+00 7.865001003326556273e+00 1.123002566824741244e+01 1.567844201488542488e+01 2.163382046458183794e+01 2.973448556676999743e+01 4.245394668794089910e+01 6.610663126106696552e+01 9.287270327956952087e+01 1.295493157404777946e+02 1.794475253920063835e+02 2.447210246962779365e+02 3.293963913617408252e+02 4.409888496262575472e+02 5.780595839250315748e+02 7.606680295174628554e+02 1.024734548392769057e+03 1.368169455180097430e+03 1.560766892618537213e+03 1.677606469478636882e+03 2.218032717727463933e+03 1.725438048492664393e+03 1.034573994335203679e+03 2.593755151638526968e+02 0.000000000000000000e+00 0.000000000000000000e+00 0.000000000000000000e+00 0.000000000000000000e+00 0.000000000000000000e+00 0.000000000000000000e+00 0.000000000000000000e+00 0.000000000000000000e+00 0.000000000000000000e+00 0.000000000000000000e+00 0.000000000000000000e+00 0.000000000000000000e+00 0.000000000000000000e+00 0.000000000000000000e+00 0.000000000000000000e+00 0.000000000000000000e+00 0.000000000000000000e+00 0.000000000000000000e+00 0.000000000000000000e+00 0.000000000000000000e+00 0.000000000000000000e+00 0.000000000000000000e+00 0.000000000000000000e+00 0.000000000000000000e+00 0.000000000000000000e+00 0.000000000000000000e+00 0.000000000000000000e+00 0.000000000000000000e+00 0.000000000000000000e+00 0.000000000000000000e+00 0.000000000000000000e+00 0.000000000000000000e+00 0.000000000000000000e+00 0.000000000000000000e+00 0.000000000000000000e+00 0.000000000000000000e+00 0.000000000000000000e+00 0.000000000000000000e+00 0.000000000000000000e+00 0.000000000000000000e+00 0.000000000000000000e+00 0.000000000000000000e+00 0.000000000000000000e+00 0.000000000000000000e+00 0.000000000000000000e+00 0.000000000000000000e+00
