3.857240352281053664e+00 -8.610525646368573760e+00 -5.533549583672981242e+01 2.826273958987711096e-02 -1.031897834684615312e+01 -4.621898077710656416e+00 -2.811599738674997795e+00 3.519698683869751488e+00 3.015978486823446048e+00 -1.309451483745517031e+01 -4.275759228542791668e+00
-8.610525646368573760e+00 2.760519356714322566e+04 1.698615406577237882e+05 -7.568595337526639355e+01 3.167582640229153913e+04 1.219791119321744009e+04 7.437761591070979193e+03 5.358600910771319832e+03 3.957992672044252686e+03 4.198078393834513554e+04 1.131102600603811152e+04
-5.533549583672981242e+01 1.698615406577237882e+05 1.086035398701941594e+06 -5.688183466856522728e+02 2.025241771787846228e+05 7.754679022066933976e+04 5.429924351619162189e+04 4.161758874252430542e+04 9.867434344929513827e+03 2.583180813582060800e+05 8.257594008621652029e+04
2.826273958987711096e-02 -7.568595337526639355e+01 -5.688183466856522728e+02 5.745713133671261907e-01 -1.060734003370404395e+02 -4.623850742978657991e+01 -4.193660692292340286e+01 -3.675283533858164731e+01 3.980729062327412038e+01 -1.150999230665252497e+02 -6.377537726937042351e+01
-1.031897834684615312e+01 3.167582640229153913e+04 2.025241771787846228e+05 -1.060734003370404395e+02 3.776676376383975730e+04 1.446094657786296375e+04 1.012573773165309467e+04 7.760859292725482192e+03 1.840081846283337654e+03 4.817122622338285873e+04 1.539878381562345021e+04
-4.621898077710656416e+00 1.219791119321744009e+04 7.754679022066933976e+04 -4.623850742978657991e+01 1.446094657786296375e+04 6.218204029278153030e+03 3.806836281337395121e+03 2.718705971428128578e+03 4.179641378148537711e+01 1.855005555588924108e+04 5.789271900114305936e+03
-2.811599738674997795e+00 7.437761591070979193e+03 5.429924351619162189e+04 -4.193660692292340286e+01 1.012573773165309467e+04 3.806836281337395121e+03 3.786981122074991617e+03 3.250174672503740567e+03 -1.960753589164082086e+03 1.131102600603811152e+04 5.759077033013338223e+03
3.519698683869751488e+00 5.358600910771319832e+03 4.161758874252430542e+04 -3.675283533858164731e+01 7.760859292725482192e+03 2.718705971428128578e+03 3.250174672503740567e+03 3.459199793450974084e+03 -2.795732213290151776e+03 8.149128405846948226e+03 4.942725011378409363e+03
3.015978486823446048e+00 3.957992672044252686e+03 9.867434344929513827e+03 3.980729062327412038e+01 1.840081846283337654e+03 4.179641378148537711e+01 -1.960753589164082086e+03 -2.795732213290151776e+03 8.029790509082138669e+03 6.019143998773217390e+03 -2.981829219303333957e+03
-1.309451483745517031e+01 4.198078393834513554e+04 2.583180813582060800e+05 -1.150999230665252497e+02 4.817122622338285873e+04 1.855005555588924108e+04 1.131102600603811152e+04 8.149128405846948226e+03 6.019143998773217390e+03 6.384255976294539869e+04 1.720131893752300675e+04
-4.275759228542791668e+00 1.131102600603811152e+04 8.257594008621652029e+04 -6.377537726937042351e+01 1.539878381562345021e+04 5.789271900114305936e+03 5.759077033013338223e+03 4.942725011378409363e+03 -2.981829219303333957e+03 1.720131893752300675e+04 8.758155164504389177e+03
