0.0599688382689772189748644848350522806867957115173339843750000000 0.0811702420055678414145816645941522438079118728637695312500000000 0.6453174644517418734324110118905082345008850097656250000000000000 0.0001971911139743928742269069021020300169766414910554885864257812 0.0991280460261059204185585258528590202331542968750000000000000000 -0.0140132882346222092939669323641282971948385238647460937500000000 0.0338516475864638136106243848644226090982556343078613281250000000 0.0804944551717300949000843957037432119250297546386718750000000000 0.0836097218664871855153819524275604635477066040039062500000000000 0.1154804972943251073491666147674550302326679229736328125000000000 0.0481605696980542813401271473594533745199441909790039062500000000
0.0811702420055678414145816645941522438079118728637695312500000000 247.8971212036022677693836158141493797302246093750000000000000000000 1850.4514785883657168596982955932617187500000000000000000000000000000 -0.4152262178650047985684068407863378524780273437500000000000000000 284.2502325493791772714757826179265975952148437500000000000000000000 58.2039141903933412436344951856881380081176757812500000000000000000 81.1920578651682944837375544011592864990234375000000000000000000000 79.2385060129109604076802497729659080505371093750000000000000000000 58.6033384192052722028165590018033981323242187500000000000000000000 352.6819943749815706723893526941537857055664062500000000000000000000 115.5115346086574703576843603514134883880615234375000000000000000000
0.6453174644517418734324110118905082345008850097656250000000000000 1850.4514785883657168596982955932617187500000000000000000000000000000 14394.7380080781258584465831518173217773437500000000000000000000000000 -3.7266549093203846787503152881981804966926574707031250000000000000 2211.1942267218983033671975135803222656250000000000000000000000000000 446.8796928699658792538684792816638946533203125000000000000000000000 713.3397123952017864212393760681152343750000000000000000000000000000 696.6545903813964741857489570975303649902343750000000000000000000000 330.3407043939095046880538575351238250732421875000000000000000000000 2632.6280627787900812109000980854034423828125000000000000000000000000 1014.8648407570121889875736087560653686523437500000000000000000000000
0.0001971911139743928742269069021020300169766414910554885864257812 -0.4152262178650047985684068407863378524780273437500000000000000000 -3.7266549093203846787503152881981804966926574707031250000000000000 0.0021143104895104277395068148592827128595672547817230224609375000 -0.5724562556018512049504920469189528375864028930664062500000000000 -0.1854882700166309017486554466813686303794384002685546875000000000 -0.2516201304577236896875547245144844055175781250000000000000000000 -0.2364436744607634199866197377559728920459747314453125000000000000 0.1239726746894606740356792329293966758996248245239257812500000000 -0.5907402632285289056923716088931541889905929565429687500000000000 -0.3579787010186283868762302518007345497608184814453125000000000000
0.0991280460261059204185585258528590202331542968750000000000000000 284.2502325493791772714757826179265975952148437500000000000000000000 2211.1942267218983033671975135803222656250000000000000000000000000000 -0.5724562556018512049504920469189528375864028930664062500000000000 339.6643902476308767290902324020862579345703125000000000000000000000 68.6457646091783288966325926594436168670654296875000000000000000000 109.5770310549974908553849672898650169372558593750000000000000000000 107.0140079941837001342719304375350475311279296875000000000000000000 50.7440606419610418242882587946951389312744140625000000000000000000 404.4013840512908473101560957729816436767578125000000000000000000000 155.8946939864836167544126510620117187500000000000000000000000000000
-0.0140132882346222092939669323641282971948385238647460937500000000 58.2039141903933412436344951856881380081176757812500000000000000000 446.8796928699658792538684792816638946533203125000000000000000000000 -0.1854882700166309017486554466813686303794384002685546875000000000 68.6457646091783288966325926594436168670654296875000000000000000000 27.7061183292380448506264656316488981246948242187500000000000000000 21.3512535585938358906332723563537001609802246093750000000000000000 16.6367261544352622593123669503256678581237792968750000000000000000 0.1096299673987290446142139899166068062186241149902343750000000000 82.8064175873936108018824597820639610290527343750000000000000000000 30.3763216405651981233404512749984860420227050781250000000000000000
0.0338516475864638136106243848644226090982556343078613281250000000 81.1920578651682944837375544011592864990234375000000000000000000000 713.3397123952017864212393760681152343750000000000000000000000000000 -0.2516201304577236896875547245144844055175781250000000000000000000 109.5770310549974908553849672898650169372558593750000000000000000000 21.3512535585938358906332723563537001609802246093750000000000000000 46.3694354739453160618722904473543167114257812500000000000000000000 45.3419548450376979076281713787466287612915039062500000000000000000 -0.5528773220652156705767765743075869977474212646484375000000000000 115.5115346086574703576843603514134883880615234375000000000000000000 65.9695639126099422355764545500278472900390625000000000000000000000
0.0804944551717300949000843957037432119250297546386718750000000000 79.2385060129109604076802497729659080505371093750000000000000000000 696.6545903813964741857489570975303649902343750000000000000000000000 -0.2364436744607634199866197377559728920459747314453125000000000000 107.0140079941837001342719304375350475311279296875000000000000000000 16.6367261544352622593123669503256678581237792968750000000000000000 45.3419548450376979076281713787466287612915039062500000000000000000 50.6321792082275621282860811334103345870971679687500000000000000000 -3.3236234197016414348979651549598202109336853027343750000000000000 112.7322261599596089354236028157174587249755859375000000000000000000 64.5077723612382101237017195671796798706054687500000000000000000000
0.0836097218664871855153819524275604635477066040039062500000000000 58.6033384192052722028165590018033981323242187500000000000000000000 330.3407043939095046880538575351238250732421875000000000000000000000 0.1239726746894606740356792329293966758996248245239257812500000000 50.7440606419610418242882587946951389312744140625000000000000000000 0.1096299673987290446142139899166068062186241149902343750000000000 -0.5528773220652156705767765743075869977474212646484375000000000000 -3.3236234197016414348979651549598202109336853027343750000000000000 53.5515608660853885680808161851018667221069335937500000000000000000 83.3746764398366053683275822550058364868164062500000000000000000000 -0.7865758006544626423917065949353855103254318237304687500000000000
0.1154804972943251073491666147674550302326679229736328125000000000 352.6819943749815706723893526941537857055664062500000000000000000000 2632.6280627787900812109000980854034423828125000000000000000000000000 -0.5907402632285289056923716088931541889905929565429687500000000000 404.4013840512908473101560957729816436767578125000000000000000000000 82.8064175873936108018824597820639610290527343750000000000000000000 115.5115346086574703576843603514134883880615234375000000000000000000 112.7322261599596089354236028157174587249755859375000000000000000000 83.3746764398366053683275822550058364868164062500000000000000000000 501.7589093104284074797760695219039916992187500000000000000000000000 164.3376825083680898842430906370282173156738281250000000000000000000
0.0481605696980542813401271473594533745199441909790039062500000000 115.5115346086574703576843603514134883880615234375000000000000000000 1014.8648407570121889875736087560653686523437500000000000000000000000 -0.3579787010186283868762302518007345497608184814453125000000000000 155.8946939864836167544126510620117187500000000000000000000000000000 30.3763216405651981233404512749984860420227050781250000000000000000 65.9695639126099422355764545500278472900390625000000000000000000000 64.5077723612382101237017195671796798706054687500000000000000000000 -0.7865758006544626423917065949353855103254318237304687500000000000 164.3376825083680898842430906370282173156738281250000000000000000000 93.8545686040383060344538534991443157196044921875000000000000000000
