0.0727933389853288870252612241529277525842189788818359375000000000 0.2745584109902098335354025948618073016405105590820312500000000000 2.7133490133961362111847392952768132090568542480468750000000000000 -0.0008192455265393004627469397682659746351419016718864440917968750 0.2869165995328313290002597568673081696033477783203125000000000000 0.1181497271084031713828110810027283150702714920043945312500000000 0.0806173589563454057183022882782097440212965011596679687500000000 0.1423530786495766919941274863958824425935745239257812500000000000 0.0560051034287355892216098141034308355301618576049804687500000000 0.3549088887029333561073940472851973026990890502929687500000000000 0.1042103105644147098551854924153303727507591247558593750000000000
0.2745584109902098335354025948618073016405105590820312500000000000 509.1643779157028006920882035046815872192382812500000000000000000000 4904.9702061194093403173610568046569824218750000000000000000000000000 -0.8684564743384280971483235589403193444013595581054687500000000000 518.6643389411146927159279584884643554687500000000000000000000000000 163.7188423833016202024737140163779258728027343750000000000000000000 131.1537225191196966989082284271717071533203125000000000000000000000 108.6117917620995569905062438920140266418457031250000000000000000000 100.9232834690213422845772583968937397003173828125000000000000000000 658.1731110748083892758586443960666656494140625000000000000000000000 169.5363173928531068668235093355178833007812500000000000000000000000
2.7133490133961362111847392952768132090568542480468750000000000000 4904.9702061194093403173610568046569824218750000000000000000000000000 48869.2006877963431179523468017578125000000000000000000000000000000000 -10.1774203086838568310668051708489656448364257812500000000000000000 5167.5567035441254120087251067161560058593750000000000000000000000000 1626.3842788336753528710687533020973205566406250000000000000000000000 1497.3992415911425268859602510929107666015625000000000000000000000000 1241.5205690419206803198903799057006835937500000000000000000000000000 699.3300994309064435583422891795635223388671875000000000000000000000 6340.4268647115295607363805174827575683593750000000000000000000000000 1935.6183584435050306638004258275032043457031250000000000000000000000
-0.0008192455265393004627469397682659746351419016718864440917968750 -0.8684564743384280971483235589403193444013595581054687500000000000 -10.1774203086838568310668051708489656448364257812500000000000000000 0.0042845344431325423778522676343527564313262701034545898437500000 -1.0761869603089044833410525825456716120243072509765625000000000000 -0.3995261914807225478440955157566349953413009643554687500000000000 -0.4856249927127782028968283611902734264731407165527343750000000000 -0.4056000043053312187346648443053709343075752258300781250000000000 0.2445827251536995539105134866986190900206565856933593750000000000 -1.1226132941354667327260585807380266487598419189453125000000000000 -0.6277448425945610921417028293944895267486572265625000000000000000
0.2869165995328313290002597568673081696033477783203125000000000000 518.6643389411146927159279584884643554687500000000000000000000000000 5167.5567035441254120087251067161560058593750000000000000000000000000 -1.0761869603089044833410525825456716120243072509765625000000000000 546.4309198536221856556949205696582794189453125000000000000000000000 171.9781143202634723365918034687638282775878906250000000000000000000 158.3389001633192378903913777321577072143554687500000000000000000000 131.2816221433023997633426915854215621948242187500000000000000000000 73.9489881651943505858071148395538330078125000000000000000000000000 670.4532688674260043626418337225914001464843750000000000000000000000 204.6773322031358759431896032765507698059082031250000000000000000000
0.1181497271084031713828110810027283150702714920043945312500000000 163.7188423833016202024737140163779258728027343750000000000000000000 1626.3842788336753528710687533020973205566406250000000000000000000000 -0.3995261914807225478440955157566349953413009643554687500000000000 171.9781143202634723365918034687638282775878906250000000000000000000 64.6465821067659192067367257550358772277832031250000000000000000000 49.2892872355666540329366398509591817855834960937500000000000000000 37.6453254911803085747123986948281526565551757812500000000000000000 15.3129040895776160624563999590463936328887939453125000000000000000 211.6317333001323959251749329268932342529296875000000000000000000000 63.7139692593806330478400923311710357666015625000000000000000000000
0.0806173589563454057183022882782097440212965011596679687500000000 131.1537225191196966989082284271717071533203125000000000000000000000 1497.3992415911425268859602510929107666015625000000000000000000000000 -0.4856249927127782028968283611902734264731407165527343750000000000 158.3389001633192378903913777321577072143554687500000000000000000000 49.2892872355666540329366398509591817855834960937500000000000000000 67.6140053188348986168421106413006782531738281250000000000000000000 56.2077240579493206951156025752425193786621093750000000000000000000 -13.4673777982264706309933899319730699062347412109375000000000000000 169.5363173928531068668235093355178833007812500000000000000000000000 87.4014800781957177377989864908158779144287109375000000000000000000
0.1423530786495766919941274863958824425935745239257812500000000000 108.6117917620995569905062438920140266418457031250000000000000000000 1241.5205690419206803198903799057006835937500000000000000000000000000 -0.4056000043053312187346648443053709343075752258300781250000000000 131.2816221433023997633426915854215621948242187500000000000000000000 37.6453254911803085747123986948281526565551757812500000000000000000 56.2077240579493206951156025752425193786621093750000000000000000000 54.6278374115282545631089305970817804336547851562500000000000000000 -17.4807184763244585212760284775868058204650878906250000000000000000 140.3974118851366768012667307630181312561035156250000000000000000000 72.6571107764723649324878351762890815734863281250000000000000000000
0.0560051034287355892216098141034308355301618576049804687500000000 100.9232834690213422845772583968937397003173828125000000000000000000 699.3300994309064435583422891795635223388671875000000000000000000000 0.2445827251536995539105134866986190900206565856933593750000000000 73.9489881651943505858071148395538330078125000000000000000000000000 15.3129040895776160624563999590463936328887939453125000000000000000 -13.4673777982264706309933899319730699062347412109375000000000000000 -17.4807184763244585212760284775868058204650878906250000000000000000 87.7830025583256770005391445010900497436523437500000000000000000000 130.4588347924211291228857589885592460632324218750000000000000000000 -17.4086529379045060750286211259663105010986328125000000000000000000
0.3549088887029333561073940472851973026990890502929687500000000000 658.1731110748083892758586443960666656494140625000000000000000000000 6340.4268647115295607363805174827575683593750000000000000000000000000 -1.1226132941354667327260585807380266487598419189453125000000000000 670.4532688674260043626418337225914001464843750000000000000000000000 211.6317333001323959251749329268932342529296875000000000000000000000 169.5363173928531068668235093355178833007812500000000000000000000000 140.3974118851366768012667307630181312561035156250000000000000000000 130.4588347924211291228857589885592460632324218750000000000000000000 850.7897703197362488936050795018672943115234375000000000000000000000 219.1517126853956369814113713800907135009765625000000000000000000000
0.1042103105644147098551854924153303727507591247558593750000000000 169.5363173928531068668235093355178833007812500000000000000000000000 1935.6183584435050306638004258275032043457031250000000000000000000000 -0.6277448425945610921417028293944895267486572265625000000000000000 204.6773322031358759431896032765507698059082031250000000000000000000 63.7139692593806330478400923311710357666015625000000000000000000000 87.4014800781957177377989864908158779144287109375000000000000000000 72.6571107764723649324878351762890815734863281250000000000000000000 -17.4086529379045060750286211259663105010986328125000000000000000000 219.1517126853956369814113713800907135009765625000000000000000000000 112.9798284221934494553352124057710170745849609375000000000000000000
