0.1804109331708278474160067617049207910895347595214843750000000000 -0.5179038877706286791990919482486788183450698852539062500000000000 -3.9949115370521659507119238696759566664695739746093750000000000000 0.0029192483454687006769190382726719690253958106040954589843750000 -0.5762405338479535954476773440546821802854537963867187500000000000 -0.3623834611886675993730477784993126988410949707031250000000000000 -0.1575542608215816930972152931644814088940620422363281250000000000 0.1093485780862070433361310506370500661432743072509765625000000000 0.2422490624014026483479256057762540876865386962890625000000000000 -0.7230051295899156960089726453588809818029403686523437500000000000 -0.2199491864274266406109603622098802588880062103271484375000000000
-0.5179038877706286791990919482486788183450698852539062500000000000 1011.5893108261345787468599155545234680175781250000000000000000000000 7652.1450280412973370403051376342773437500000000000000000000000000000 -1.9534435809608170497853052438586018979549407958984375000000000000 1103.7731612185384619806427508592605590820312500000000000000000000000 327.6820572185865785286296159029006958007812500000000000000000000000 281.0294347147612938897509593516588211059570312500000000000000000000 241.3698293719355092434852849692106246948242187500000000000000000000 200.9114279587743681076972279697656631469726562500000000000000000000 1412.2007539158312283689156174659729003906250000000000000000000000000 392.3232237918904843354539480060338973999023437500000000000000000000
-3.9949115370521659507119238696759566664695739746093750000000000000 7652.1450280412973370403051376342773437500000000000000000000000000000 60178.7158540333839482627809047698974609375000000000000000000000000000 -18.0619047974238888798481639241799712181091308593750000000000000000 8680.3963062473394529661163687705993652343750000000000000000000000000 2565.1625324586548231309279799461364746093750000000000000000000000000 2532.0443605918576395197305828332901000976562500000000000000000000000 2198.7458794603744536289013922214508056640625000000000000000000000000 1021.8334874698696239647688344120979309082031250000000000000000000000 10682.5614525799683178775012493133544921875000000000000000000000000000 3534.7891844131281686713919043540954589843750000000000000000000000000
0.0029192483454687006769190382726719690253958106040954589843750000 -1.9534435809608170497853052438586018979549407958984375000000000000 -18.0619047974238888798481639241799712181091308593750000000000000000 0.0112750383142172748429654660640153451822698116302490234375000000 -2.6053146774955848741228692233562469482421875000000000000000000000 -0.9821571843142964386430548984208144247531890869140625000000000000 -1.1243303621206330866755251918220892548561096191406250000000000000 -0.9858216324810548103485530191392172127962112426757812500000000000 0.7139669049152856938889044613461010158061981201171875000000000000 -2.7270498691924656142759886279236525297164916992187500000000000000 -1.5695897218808345652263369629508815705776214599609375000000000000
-0.5762405338479535954476773440546821802854537963867187500000000000 1103.7731612185384619806427508592605590820312500000000000000000000000 8680.3963062473394529661163687705993652343750000000000000000000000000 -2.6053146774955848741228692233562469482421875000000000000000000000 1252.0918561352498272754019126296043395996093750000000000000000000000 370.0083502228104066489322576671838760375976562500000000000000000000 365.2312649583208212789031676948070526123046875000000000000000000000 317.1550828159650450288609135895967483520507812500000000000000000000 147.3929694968524870546389138326048851013183593750000000000000000000 1540.8914207999064274190459400415420532226562500000000000000000000000 509.8708163558505930268438532948493957519531250000000000000000000000
-0.3623834611886675993730477784993126988410949707031250000000000000 327.6820572185865785286296159029006958007812500000000000000000000000 2565.1625324586548231309279799461364746093750000000000000000000000000 -0.9821571843142964386430548984208144247531890869140625000000000000 370.0083502228104066489322576671838760375976562500000000000000000000 144.1602499064624680613633245229721069335937500000000000000000000000 106.3340976072699817223110585473477840423583984375000000000000000000 80.7945540506112109824243816547095775604248046875000000000000000000 15.4106546197115097385221815784461796283721923828125000000000000000 457.4513029115167910276795737445354461669921875000000000000000000000 148.4447207981180838487489381805062294006347656250000000000000000000
-0.1575542608215816930972152931644814088940620422363281250000000000 281.0294347147612938897509593516588211059570312500000000000000000000 2532.0443605918576395197305828332901000976562500000000000000000000000 -1.1243303621206330866755251918220892548561096191406250000000000000 365.2312649583208212789031676948070526123046875000000000000000000000 106.3340976072699817223110585473477840423583984375000000000000000000 149.9927006788303458506561582908034324645996093750000000000000000000 133.0799868779330381585168652236461639404296875000000000000000000000 -32.3500746806056511672977649141103029251098632812500000000000000000 392.3232237918904843354539480060338973999023437500000000000000000000 209.3930834515530818862316664308309555053710937500000000000000000000
0.1093485780862070433361310506370500661432743072509765625000000000 241.3698293719355092434852849692106246948242187500000000000000000000 2198.7458794603744536289013922214508056640625000000000000000000000000 -0.9858216324810548103485530191392172127962112426757812500000000000 317.1550828159650450288609135895967483520507812500000000000000000000 80.7945540506112109824243816547095775604248046875000000000000000000 133.0799868779330381585168652236461639404296875000000000000000000000 140.2977496929857181839906843379139900207519531250000000000000000000 -46.4434596568947029027185635641217231750488281250000000000000000000 336.9575492382483048459107521921396255493164062500000000000000000000 185.7825658978588307945756241679191589355468750000000000000000000000
0.2422490624014026483479256057762540876865386962890625000000000000 200.9114279587743681076972279697656631469726562500000000000000000000 1021.8334874698696239647688344120979309082031250000000000000000000000 0.7139669049152856938889044613461010158061981201171875000000000000 147.3929694968524870546389138326048851013183593750000000000000000000 15.4106546197115097385221815784461796283721923828125000000000000000 -32.3500746806056511672977649141103029251098632812500000000000000000 -46.4434596568947029027185635641217231750488281250000000000000000000 217.7121441781856105990300420671701431274414062500000000000000000000 280.4767379382211061056295875459909439086914062500000000000000000000 -45.1614102326519457619724562391638755798339843750000000000000000000
-0.7230051295899156960089726453588809818029403686523437500000000000 1412.2007539158312283689156174659729003906250000000000000000000000000 10682.5614525799683178775012493133544921875000000000000000000000000000 -2.7270498691924656142759886279236525297164916992187500000000000000 1540.8914207999064274190459400415420532226562500000000000000000000000 457.4513029115167910276795737445354461669921875000000000000000000000 392.3232237918904843354539480060338973999023437500000000000000000000 336.9575492382483048459107521921396255493164062500000000000000000000 280.4767379382211061056295875459909439086914062500000000000000000000 1971.4630710478236323979217559099197387695312500000000000000000000000 547.6917821177152063683024607598781585693359375000000000000000000000
-0.2199491864274266406109603622098802588880062103271484375000000000 392.3232237918904843354539480060338973999023437500000000000000000000 3534.7891844131281686713919043540954589843750000000000000000000000000 -1.5695897218808345652263369629508815705776214599609375000000000000 509.8708163558505930268438532948493957519531250000000000000000000000 148.4447207981180838487489381805062294006347656250000000000000000000 209.3930834515530818862316664308309555053710937500000000000000000000 185.7825658978588307945756241679191589355468750000000000000000000000 -45.1614102326519457619724562391638755798339843750000000000000000000 547.6917821177152063683024607598781585693359375000000000000000000000 292.3173141020542971091344952583312988281250000000000000000000000000
