0.1425747449681997458537097145381267182528972625732421875000000000 -0.3934604123719824819715995545266196131706237792968750000000000000 -3.2513543405570812794280755042564123868942260742187500000000000000 0.0020953962168078692045181110614748831721954047679901123046875000 -0.4305185398506508054339292357326485216617584228515625000000000000 -0.2638536831410768779271336370584322139620780944824218750000000000 -0.1196691783106120093860269548713404219597578048706054687500000000 0.0954947023332610861467983909278700593858957290649414062500000000 0.1799488619206535411354508369186078198254108428955078125000000000 -0.5363666801080614332519758136186283081769943237304687500000000000 -0.1631334636559057527094296347058843821287155151367187500000000000
-0.3934604123719824819715995545266196131706237792968750000000000000 820.5586850867506427675834856927394866943359375000000000000000000000 6638.4166307393388706259429454803466796875000000000000000000000000000 -1.5237489248688886878113635248155333101749420166015625000000000000 879.0064494466946598549839109182357788085937500000000000000000000000 261.8663108618607111566234380006790161132812500000000000000000000000 225.7349193008854513209371361881494522094726562500000000000000000000 191.5585011970143511916830902919173240661621093750000000000000000000 162.6906372044701640788844088092446327209472656250000000000000000000 1118.5886150541648476064438000321388244628906250000000000000000000000 307.7226715642476619905210100114345550537109375000000000000000000000
-3.2513543405570812794280755042564123868942260742187500000000000000 6638.4166307393388706259429454803466796875000000000000000000000000000 55764.0071522104699397459626197814941406250000000000000000000000000000 -15.0436293391184872092480873106978833675384521484375000000000000000 7383.8272980352940066950395703315734863281250000000000000000000000000 2191.0885753771472082007676362991333007812500000000000000000000000000 2171.0967774637783804791979491710662841796875000000000000000000000000 1859.1474095605158254329580813646316528320312500000000000000000000000 901.9191522382598122931085526943206787109375000000000000000000000000 9049.5139471300590230384841561317443847656250000000000000000000000000 2959.6471057947751432948280125856399536132812500000000000000000000000
0.0020953962168078692045181110614748831721954047679901123046875000 -1.5237489248688886878113635248155333101749420166015625000000000000 -15.0436293391184872092480873106978833675384521484375000000000000000 0.0083495022353685457994210139531787717714905738830566406250000000 -1.9919580146475281967610726496786810457706451416015625000000000000 -0.7418599634342989412871816057304386049509048461914062500000000000 -0.8742805583420319992526970054314006119966506958007812500000000000 -0.7557805302168412175944922637427225708961486816406250000000000000 0.5183597884687101142731080472003668546676635742187500000000000000 -2.0771801341413698160920375812565907835960388183593750000000000000 -1.1918224701030422085779036933672614395618438720703125000000000000
-0.4305185398506508054339292357326485216617584228515625000000000000 879.0064494466946598549839109182357788085937500000000000000000000000 7383.8272980352940066950395703315734863281250000000000000000000000000 -1.9919580146475281967610726496786810457706451416015625000000000000 977.7078146194519376876996830105781555175781250000000000000000000000 290.1265612265406161895953118801116943359375000000000000000000000000 287.4794059967055659399193245917558670043945312500000000000000000000 246.1735462502605003010103246197104454040527343750000000000000000000 119.4249767370551609246831503696739673614501953125000000000000000000 1198.2648222245147735520731657743453979492187500000000000000000000000 391.8929827382813755320967175066471099853515625000000000000000000000
-0.2638536831410768779271336370584322139620780944824218750000000000 261.8663108618607111566234380006790161132812500000000000000000000000 2191.0885753771472082007676362991333007812500000000000000000000000000 -0.7418599634342989412871816057304386049509048461914062500000000000 290.1265612265406161895953118801116943359375000000000000000000000000 111.2714321120705420753438374958932399749755859375000000000000000000 84.1959127326009308944776421412825584411621093750000000000000000000 63.7216869422702671954539255239069461822509765625000000000000000000 15.2453347149182594222338593681342899799346923828125000000000000000 356.9771173226253608845581766217947006225585937500000000000000000000 114.7761776561106046301574679091572761535644531250000000000000000000
-0.1196691783106120093860269548713404219597578048706054687500000000 225.7349193008854513209371361881494522094726562500000000000000000000 2171.0967774637783804791979491710662841796875000000000000000000000000 -0.8742805583420319992526970054314006119966506958007812500000000000 287.4794059967055659399193245917558670043945312500000000000000000000 84.1959127326009308944776421412825584411621093750000000000000000000 119.8805595144526421336195198819041252136230468750000000000000000000 104.5379249677856847711154841817915439605712890625000000000000000000 -24.6512659098664208556783705716952681541442871093750000000000000000 307.7226715642476619905210100114345550537109375000000000000000000000 163.4216192898049655468639684841036796569824218750000000000000000000
0.0954947023332610861467983909278700593858957290649414062500000000 191.5585011970143511916830902919173240661621093750000000000000000000 1859.1474095605158254329580813646316528320312500000000000000000000000 -0.7557805302168412175944922637427225708961486816406250000000000000 246.1735462502605003010103246197104454040527343750000000000000000000 63.7216869422702671954539255239069461822509765625000000000000000000 104.5379249677856847711154841817915439605712890625000000000000000000 107.8789291206932858813161146827042102813720703125000000000000000000 -34.7647343352142073058530513662844896316528320312500000000000000000 261.1332528070997227587213274091482162475585937500000000000000000000 142.5064834917797895741387037560343742370605468750000000000000000000
0.1799488619206535411354508369186078198254108428955078125000000000 162.6906372044701640788844088092446327209472656250000000000000000000 901.9191522382598122931085526943206787109375000000000000000000000000 0.5183597884687101142731080472003668546676635742187500000000000000 119.4249767370551609246831503696739673614501953125000000000000000000 15.2453347149182594222338593681342899799346923828125000000000000000 -24.6512659098664208556783705716952681541442871093750000000000000000 -34.7647343352142073058530513662844896316528320312500000000000000000 166.0700494506209849987499183043837547302246093750000000000000000000 221.7804745233892163014388643205165863037109375000000000000000000000 -33.6046962814538829888988402672111988067626953125000000000000000000
-0.5363666801080614332519758136186283081769943237304687500000000000 1118.5886150541648476064438000321388244628906250000000000000000000000 9049.5139471300590230384841561317443847656250000000000000000000000000 -2.0771801341413698160920375812565907835960388183593750000000000000 1198.2648222245147735520731657743453979492187500000000000000000000000 356.9771173226253608845581766217947006225585937500000000000000000000 307.7226715642476619905210100114345550537109375000000000000000000000 261.1332528070997227587213274091482162475585937500000000000000000000 221.7804745233892163014388643205165863037109375000000000000000000000 1524.8641108423723835585406050086021423339843750000000000000000000000 419.4886767537271907713147811591625213623046875000000000000000000000
-0.1631334636559057527094296347058843821287155151367187500000000000 307.7226715642476619905210100114345550537109375000000000000000000000 2959.6471057947751432948280125856399536132812500000000000000000000000 -1.1918224701030422085779036933672614395618438720703125000000000000 391.8929827382813755320967175066471099853515625000000000000000000000 114.7761776561106046301574679091572761535644531250000000000000000000 163.4216192898049655468639684841036796569824218750000000000000000000 142.5064834917797895741387037560343742370605468750000000000000000000 -33.6046962814538829888988402672111988067626953125000000000000000000 419.4886767537271907713147811591625213623046875000000000000000000000 222.7769519884685109900601673871278762817382812500000000000000000000
