0.1207127267908312678867943645855120848864316940307617187500000000 -0.2567547602683633578557476084824884310364723205566406250000000000 -2.3487307855470702655509285250445827841758728027343750000000000000 0.0011919462350033840913887672741111600771546363830566406250000000 -0.2723280379481877733205408276262460276484489440917968750000000000 -0.1544209973262221646805869568197522312402725219726562500000000000 -0.0753962489012668102272840542354970239102840423583984375000000000 0.1123485608205500446699076633194636087864637374877929687500000000 0.1226682744074330255745763906816137023270130157470703125000000000 -0.3386776964771754383498603147018002346158027648925781250000000000 -0.0994529872560538236170302184291358571499586105346679687500000000
-0.2567547602683633578557476084824884310364723205566406250000000000 817.2254012878377125161932781338691711425781250000000000000000000000 7284.6743958135211869375780224800109863281250000000000000000000000000 -1.4819058113421068600956687077996321022510528564453125000000000000 844.6353654112912181517458520829677581787109375000000000000000000000 272.8467990016693534016667399555444717407226562500000000000000000000 210.6104518835581131952494615688920021057128906250000000000000000000 170.9169894269749363502342021092772483825683593750000000000000000000 156.9365462105439519291394390165805816650390625000000000000000000000 1077.9781302652781960205174982547760009765625000000000000000000000000 277.8100885973307185849989764392375946044921875000000000000000000000
-2.3487307855470702655509285250445827841758728027343750000000000000 7284.6743958135211869375780224800109863281250000000000000000000000000 67244.0192248530511278659105300903320312500000000000000000000000000000 -16.1308958539776874374638282461091876029968261718750000000000000000 7796.7351268779466408886946737766265869140625000000000000000000000000 2511.3982954217940459784585982561111450195312500000000000000000000000 2232.2120036851024451607372611761093139648437500000000000000000000000 1826.7702427319820799311855807900428771972656250000000000000000000000 963.5918650602325215004384517669677734375000000000000000000000000000 9609.0009835910259425872936844825744628906250000000000000000000000000 2944.4455817161447157559450715780258178710937500000000000000000000000
0.0011919462350033840913887672741111600771546363830566406250000000 -1.4819058113421068600956687077996321022510528564453125000000000000 -16.1308958539776874374638282461091876029968261718750000000000000000 0.0078598677059517063625548871641512960195541381835937500000000000 -1.8703272615542039236657956280396319925785064697265625000000000000 -0.7131110763744844538436495895439293235540390014648437500000000000 -0.8308432173992696956332792979083023965358734130859375000000000000 -0.6941693682284032496099257514288183301687240600585937500000000000 0.4777376867635781954035678609216120094060897827148437500000000000 -1.9547386231784136256806050369050353765487670898437500000000000000 -1.0959409932978816382131981299608014523983001708984375000000000000
-0.2723280379481877733205408276262460276484489440917968750000000000 844.6353654112912181517458520829677581787109375000000000000000000000 7796.7351268779466408886946737766265869140625000000000000000000000000 -1.8703272615542039236657956280396319925785064697265625000000000000 904.0072163953151402893126942217350006103515625000000000000000000000 291.1888303705018188338726758956909179687500000000000000000000000000 258.8180471719605293401400558650493621826171875000000000000000000000 211.8083345467207720957958372309803962707519531250000000000000000000 111.7254832309641301435476634651422500610351562500000000000000000000 1114.1338124428955325129209086298942565917968750000000000000000000000 341.3993178989220496077905409038066864013671875000000000000000000000
-0.1544209973262221646805869568197522312402725219726562500000000000 272.8467990016693534016667399555444717407226562500000000000000000000 2511.3982954217940459784585982561111450195312500000000000000000000000 -0.7131110763744844538436495895439293235540390014648437500000000000 291.1888303705018188338726758956909179687500000000000000000000000000 112.0443508777463819114927900955080986022949218750000000000000000000 82.4977297559746176602857303805649280548095703125000000000000000000 61.4977882503237509581595077179372310638427734375000000000000000000 21.4720749171453526571440306724980473518371582031250000000000000000 359.9042342212900393860763870179653167724609375000000000000000000000 108.8203429963542561154099530540406703948974609375000000000000000000
-0.0753962489012668102272840542354970239102840423583984375000000000 210.6104518835581131952494615688920021057128906250000000000000000000 2232.2120036851024451607372611761093139648437500000000000000000000000 -0.8308432173992696956332792979083023965358734130859375000000000000 258.8180471719605293401400558650493621826171875000000000000000000000 82.4977297559746176602857303805649280548095703125000000000000000000 108.8089047600836067886120872572064399719238281250000000000000000000 90.6469542609069947047828463837504386901855468750000000000000000000 -26.4542800330839398270654783118516206741333007812500000000000000000 277.8100885973307185849989764392375946044921875000000000000000000000 143.5266445764517868610710138455033302307128906250000000000000000000
0.1123485608205500446699076633194636087864637374877929687500000000 170.9169894269749363502342021092772483825683593750000000000000000000 1826.7702427319820799311855807900428771972656250000000000000000000000 -0.6941693682284032496099257514288183301687240600585937500000000000 211.8083345467207720957958372309803962707519531250000000000000000000 61.4977882503237509581595077179372310638427734375000000000000000000 90.6469542609069947047828463837504386901855468750000000000000000000 89.5967442575650210301319020800292491912841796875000000000000000000 -34.5203916476206060792719654273241758346557617187500000000000000000 225.4516029515427817386807873845100402832031250000000000000000000000 119.5697467484837090978544438257813453674316406250000000000000000000
0.1226682744074330255745763906816137023270130157470703125000000000 156.9365462105439519291394390165805816650390625000000000000000000000 963.5918650602325215004384517669677734375000000000000000000000000000 0.4777376867635781954035678609216120094060897827148437500000000000 111.7254832309641301435476634651422500610351562500000000000000000000 21.4720749171453526571440306724980473518371582031250000000000000000 -26.4542800330839398270654783118516206741333007812500000000000000000 -34.5203916476206060792719654273241758346557617187500000000000000000 152.4309506980504522744013229385018348693847656250000000000000000000 207.0104091083522348526457790285348892211914062500000000000000000000 -34.8950672392692666790026123635470867156982421875000000000000000000
-0.3386776964771754383498603147018002346158027648925781250000000000 1077.9781302652781960205174982547760009765625000000000000000000000000 9609.0009835910259425872936844825744628906250000000000000000000000000 -1.9547386231784136256806050369050353765487670898437500000000000000 1114.1338124428955325129209086298942565917968750000000000000000000000 359.9042342212900393860763870179653167724609375000000000000000000000 277.8100885973307185849989764392375946044921875000000000000000000000 225.4516029515427817386807873845100402832031250000000000000000000000 207.0104091083522348526457790285348892211914062500000000000000000000 1421.9294303615758963132975623011589050292968750000000000000000000000 366.4511643948563914818805642426013946533203125000000000000000000000
-0.0994529872560538236170302184291358571499586105346679687500000000 277.8100885973307185849989764392375946044921875000000000000000000000 2944.4455817161447157559450715780258178710937500000000000000000000000 -1.0959409932978816382131981299608014523983001708984375000000000000 341.3993178989220496077905409038066864013671875000000000000000000000 108.8203429963542561154099530540406703948974609375000000000000000000 143.5266445764517868610710138455033302307128906250000000000000000000 119.5697467484837090978544438257813453674316406250000000000000000000 -34.8950672392692666790026123635470867156982421875000000000000000000 366.4511643948563914818805642426013946533203125000000000000000000000 189.3217999831587690096057485789060592651367187500000000000000000000
