# A b_HI Tb sigma_NL sigma8tot n_s f DA H omegak omegaDE w0 wa h gamma sigma_8 fs8 bs8 pk0 pk1 pk2 pk3 pk4 pk5 pk6 pk7 pk8 pk9 pk10 pk11 pk12 pk13 pk14 pk15 pk16 pk17 pk18 pk19 pk20 pk21 pk22 pk23 pk24 pk25 pk26 pk27 pk28 pk29 pk30 pk31 pk32 pk33 pk34 pk35 pk36 pk37 pk38 pk39 pk40 pk41 pk42 pk43 pk44 pk45 pk46 pk47 pk48 pk49 pk50 pk51 pk52 pk53 pk54 pk55 pk56 pk57 pk58 pk59 pk60 pk61 pk62 pk63 pk64 pk65 pk66 pk67 pk68 pk69 pk70 pk71 pk72 pk73 pk74 pk75 pk76 pk77 pk78 pk79 pk80 pk81 pk82 pk83 pk84 pk85 pk86 pk87 pk88 pk89
1.474510192974576750e+00 -1.337389296406445105e+01 -1.091324742617233312e+02 5.351147354297265679e-02 -1.445045619401662051e+01 -7.126921228142714781e+00 -3.835981920324810890e+00 2.922967543419303649e-01 2.552768085491754491e+00 -1.103576020573179584e+01 -2.534929309890289417e+00 1.853563500324375113e+00 1.909975028308105172e-01 2.539847509464046027e+00 5.619327425966065270e+00 -1.056863576097125446e+01 -1.823134003751835408e+01 -5.229224650977040589e+00 0.000000000000000000e+00 0.000000000000000000e+00 0.000000000000000000e+00 0.000000000000000000e+00 0.000000000000000000e+00 0.000000000000000000e+00 0.000000000000000000e+00 0.000000000000000000e+00 0.000000000000000000e+00 0.000000000000000000e+00 0.000000000000000000e+00 0.000000000000000000e+00 0.000000000000000000e+00 2.626875123004013363e-19 9.501877562291172327e-19 -1.916247548075957461e-18 -3.076100334806891381e-17 -2.494700549533898553e-17 -5.681666922333640030e-17 6.387330600305337920e-17 -3.663564414201280610e-16 -1.147236330237688131e-16 -1.046016834537152887e-16 -4.902371201060415232e-16 -1.062072145868047086e-15 -8.510198020515752802e-16 -3.546415238908950159e-03 -8.011506930683623406e-02 -2.065208106295564061e-01 -2.624393308759820354e-01 -5.912439493039802624e-02 5.193214760007274222e-01 1.205292766197061827e+00 1.010972233090808414e+00 -1.115423390829356487e+00 -3.245708061942494727e+00 1.542254641017147543e-01 5.488213060556365264e+00 -1.269833795014402522e+00 -7.783689418296656726e+00 8.338694836149285194e+00 -4.487481618666036454e+00 -4.229726965053370868e+00 0.000000000000000000e+00 0.000000000000000000e+00 0.000000000000000000e+00 0.000000000000000000e+00 0.000000000000000000e+00 0.000000000000000000e+00 0.000000000000000000e+00 0.000000000000000000e+00 0.000000000000000000e+00 0.000000000000000000e+00 0.000000000000000000e+00 0.000000000000000000e+00 0.000000000000000000e+00 0.000000000000000000e+00 0.000000000000000000e+00 0.000000000000000000e+00 0.000000000000000000e+00 0.000000000000000000e+00 0.000000000000000000e+00 0.000000000000000000e+00 0.000000000000000000e+00 0.000000000000000000e+00 0.000000000000000000e+00 0.000000000000000000e+00 0.000000000000000000e+00 0.000000000000000000e+00 0.000000000000000000e+00 0.000000000000000000e+00 0.000000000000000000e+00 0.000000000000000000e+00 0.000000000000000000e+00 0.000000000000000000e+00 0.000000000000000000e+00 0.000000000000000000e+00 0.000000000000000000e+00 0.000000000000000000e+00 0.000000000000000000e+00 0.000000000000000000e+00 0.000000000000000000e+00 0.000000000000000000e+00 0.000000000000000000e+00 0.000000000000000000e+00 0.000000000000000000e+00 0.000000000000000000e+00 0.000000000000000000e+00 0.000000000000000000e+00 0.000000000000000000e+00
-1.337389296406445105e+01 1.057074635058871718e+04 8.363323554268950829e+04 -2.085238787709350206e+01 1.107404935835296237e+04 3.869121974393426171e+03 2.592126367008355373e+03 -2.454162140003384593e+03 2.573960485874604728e+03 1.181319895530041140e+04 4.529918044223002198e+02 -6.915460578996650156e+02 -7.906030793615076391e+01 5.913655762695886551e+03 -4.441525368896142936e+03 8.353466578592689984e+03 1.441008027249607039e+04 3.533596189540931846e+03 0.000000000000000000e+00 0.000000000000000000e+00 0.000000000000000000e+00 0.000000000000000000e+00 0.000000000000000000e+00 0.000000000000000000e+00 0.000000000000000000e+00 0.000000000000000000e+00 0.000000000000000000e+00 0.000000000000000000e+00 0.000000000000000000e+00 0.000000000000000000e+00 0.000000000000000000e+00 4.380454609100139563e-04 4.738713621301666665e-03 1.575765602052879577e-02 3.586749221373480845e-02 7.011145005750267500e-02 1.266058447297585265e-01 2.164775823144542699e-01 3.550551224658253791e-01 5.677616052953969872e-01 8.934463023094794121e-01 1.380153915968865386e+00 2.101757718759009741e+00 3.176462022094452831e+00 4.769526387963360037e+00 7.097721444038838534e+00 1.049118787459194735e+01 1.549707276646829435e+01 2.276971881040599754e+01 3.328902267988987518e+01 4.851313743707740400e+01 7.072204579366540145e+01 1.022774613881299501e+02 1.474514220643058877e+02 2.130919389637552968e+02 3.072414471429481182e+02 4.388034931923574504e+02 6.236515554779522290e+02 8.904351196624699014e+02 1.249413043911587465e+03 4.242230855579842341e+02 0.000000000000000000e+00 0.000000000000000000e+00 0.000000000000000000e+00 0.000000000000000000e+00 0.000000000000000000e+00 0.000000000000000000e+00 0.000000000000000000e+00 0.000000000000000000e+00 0.000000000000000000e+00 0.000000000000000000e+00 0.000000000000000000e+00 0.000000000000000000e+00 0.000000000000000000e+00 0.000000000000000000e+00 0.000000000000000000e+00 0.000000000000000000e+00 0.000000000000000000e+00 0.000000000000000000e+00 0.000000000000000000e+00 0.000000000000000000e+00 0.000000000000000000e+00 0.000000000000000000e+00 0.000000000000000000e+00 0.000000000000000000e+00 0.000000000000000000e+00 0.000000000000000000e+00 0.000000000000000000e+00 0.000000000000000000e+00 0.000000000000000000e+00 0.000000000000000000e+00 0.000000000000000000e+00 0.000000000000000000e+00 0.000000000000000000e+00 0.000000000000000000e+00 0.000000000000000000e+00 0.000000000000000000e+00 0.000000000000000000e+00 0.000000000000000000e+00 0.000000000000000000e+00 0.000000000000000000e+00 0.000000000000000000e+00 0.000000000000000000e+00 0.000000000000000000e+00 0.000000000000000000e+00 0.000000000000000000e+00 0.000000000000000000e+00 0.000000000000000000e+00
-1.091324742617233312e+02 8.363323554268950829e+04 6.859618493061910849e+05 -2.033776684523390657e+02 9.082962446534026822e+04 3.165941448022964323e+04 2.457546957118246792e+04 -2.374254968141982317e+04 1.311673879783445227e+04 9.212357847329787910e+04 4.910809925441907581e+03 -6.079649001333164051e+03 -6.978566736348175255e+02 4.384014508980680694e+04 -3.514029426361501100e+04 6.609064438733016141e+04 1.140091340429910197e+05 3.350137043400923721e+04 0.000000000000000000e+00 0.000000000000000000e+00 0.000000000000000000e+00 0.000000000000000000e+00 0.000000000000000000e+00 0.000000000000000000e+00 0.000000000000000000e+00 0.000000000000000000e+00 0.000000000000000000e+00 0.000000000000000000e+00 0.000000000000000000e+00 0.000000000000000000e+00 0.000000000000000000e+00 5.178318283887745239e-03 5.366876274230168026e-02 1.705614183374025150e-01 3.734731375007723231e-01 7.059490099502528926e-01 1.237712977358208954e+00 2.063070438198221446e+00 3.311137472202327903e+00 5.194875071591845028e+00 8.042919046347464018e+00 1.224937063127616277e+01 1.843141888315240351e+01 2.756424926488583438e+01 4.102087591043354564e+01 6.056711624860565024e+01 8.893746245147839602e+01 1.306329909993430647e+02 1.910035785739017911e+02 2.780640388990177598e+02 4.037316404546727426e+02 5.866615308044282528e+02 8.461361917588033066e+02 1.217135637536612421e+03 1.755395320969641716e+03 2.526355880541379520e+03 3.602715221650539661e+03 5.113599221786408634e+03 7.289423537136426603e+03 1.020966119629392415e+04 3.462103226493170041e+03 0.000000000000000000e+00 0.000000000000000000e+00 0.000000000000000000e+00 0.000000000000000000e+00 0.000000000000000000e+00 0.000000000000000000e+00 0.000000000000000000e+00 0.000000000000000000e+00 0.000000000000000000e+00 0.000000000000000000e+00 0.000000000000000000e+00 0.000000000000000000e+00 0.000000000000000000e+00 0.000000000000000000e+00 0.000000000000000000e+00 0.000000000000000000e+00 0.000000000000000000e+00 0.000000000000000000e+00 0.000000000000000000e+00 0.000000000000000000e+00 0.000000000000000000e+00 0.000000000000000000e+00 0.000000000000000000e+00 0.000000000000000000e+00 0.000000000000000000e+00 0.000000000000000000e+00 0.000000000000000000e+00 0.000000000000000000e+00 0.000000000000000000e+00 0.000000000000000000e+00 0.000000000000000000e+00 0.000000000000000000e+00 0.000000000000000000e+00 0.000000000000000000e+00 0.000000000000000000e+00 0.000000000000000000e+00 0.000000000000000000e+00 0.000000000000000000e+00 0.000000000000000000e+00 0.000000000000000000e+00 0.000000000000000000e+00 0.000000000000000000e+00 0.000000000000000000e+00 0.000000000000000000e+00 0.000000000000000000e+00 0.000000000000000000e+00 0.000000000000000000e+00
5.351147354297265679e-02 -2.085238787709350206e+01 -2.033776684523390657e+02 1.232283503267246338e-01 -2.692965690270744972e+01 -1.083350970779736677e+01 -1.154673752489664373e+01 1.174674960998160955e+01 1.041653362174629827e+01 -1.938174040306138934e+01 -4.065071772315964616e+00 2.847708208845037614e+00 3.229251799066356066e-01 -2.508592313301407195e+00 8.761577157039157626e+00 -1.647846986749906506e+01 -2.842605178634395102e+01 -1.574055502806918305e+01 0.000000000000000000e+00 0.000000000000000000e+00 0.000000000000000000e+00 0.000000000000000000e+00 0.000000000000000000e+00 0.000000000000000000e+00 0.000000000000000000e+00 0.000000000000000000e+00 0.000000000000000000e+00 0.000000000000000000e+00 0.000000000000000000e+00 0.000000000000000000e+00 0.000000000000000000e+00 -7.269533029482550834e-09 -8.220241105260001063e-08 -2.967266979663098175e-07 -7.513914883196097292e-07 -1.659941000165977007e-06 -3.439773141593505777e-06 -6.844820626430524988e-06 -1.318807385880811075e-05 -2.493974600992382811e-05 -4.709354916326344542e-05 -8.761583193684757123e-05 -1.616486406679123794e-04 -2.977190467267936584e-04 -5.496109823485883974e-04 -1.006205654072911317e-03 -1.836273476637635422e-03 -3.374235451758818023e-03 -6.179589470397827550e-03 -1.126650083786253330e-02 -2.050881950418542710e-02 -3.759909183535750654e-02 -6.828490062349566736e-02 -1.237321453766236506e-01 -2.255037501036694647e-01 -4.106872933616579346e-01 -7.399332154245378268e-01 -1.326130870972208387e+00 -2.396760677349610624e+00 -4.234737164871581250e+00 -1.622886573078534012e+00 0.000000000000000000e+00 0.000000000000000000e+00 0.000000000000000000e+00 0.000000000000000000e+00 0.000000000000000000e+00 0.000000000000000000e+00 0.000000000000000000e+00 0.000000000000000000e+00 0.000000000000000000e+00 0.000000000000000000e+00 0.000000000000000000e+00 0.000000000000000000e+00 0.000000000000000000e+00 0.000000000000000000e+00 0.000000000000000000e+00 0.000000000000000000e+00 0.000000000000000000e+00 0.000000000000000000e+00 0.000000000000000000e+00 0.000000000000000000e+00 0.000000000000000000e+00 0.000000000000000000e+00 0.000000000000000000e+00 0.000000000000000000e+00 0.000000000000000000e+00 0.000000000000000000e+00 0.000000000000000000e+00 0.000000000000000000e+00 0.000000000000000000e+00 0.000000000000000000e+00 0.000000000000000000e+00 0.000000000000000000e+00 0.000000000000000000e+00 0.000000000000000000e+00 0.000000000000000000e+00 0.000000000000000000e+00 0.000000000000000000e+00 0.000000000000000000e+00 0.000000000000000000e+00 0.000000000000000000e+00 0.000000000000000000e+00 0.000000000000000000e+00 0.000000000000000000e+00 0.000000000000000000e+00 0.000000000000000000e+00 0.000000000000000000e+00 0.000000000000000000e+00
-1.445045619401662051e+01 1.107404935835296237e+04 9.082962446534026822e+04 -2.692965690270744972e+01 1.202693807076754638e+04 4.192088424364012099e+03 3.254088655903555264e+03 -3.143800013942821806e+03 1.736814460486803227e+03 1.219827319200947022e+04 6.502504793811838226e+02 -8.050188741993473514e+02 -9.240464270861880891e+01 5.804964108486092300e+03 -4.652998901898107761e+03 8.751198651127913763e+03 1.509618478231316112e+04 4.435985614466808329e+03 0.000000000000000000e+00 0.000000000000000000e+00 0.000000000000000000e+00 0.000000000000000000e+00 0.000000000000000000e+00 0.000000000000000000e+00 0.000000000000000000e+00 0.000000000000000000e+00 0.000000000000000000e+00 0.000000000000000000e+00 0.000000000000000000e+00 0.000000000000000000e+00 0.000000000000000000e+00 6.856718133278904984e-04 7.106391660605010027e-03 2.258438948395063289e-02 4.945234907946853553e-02 9.347616566477397193e-02 1.638881302845505983e-01 2.731754154208735352e-01 4.384345477192986285e-01 6.878641317651864595e-01 1.064979513545491141e+00 1.621964451085604608e+00 2.440542221427305147e+00 3.649839144743842745e+00 5.431658856760818388e+00 8.019816888320654868e+00 1.177639299261125494e+01 1.729738399774794644e+01 2.529117811865317123e+01 3.681903338510576873e+01 5.345893991679567847e+01 7.768106431155564451e+01 1.120386397898347326e+02 1.611634422419404586e+02 2.324355180293975138e+02 3.345199971798290903e+02 4.770429594139389451e+02 6.771022287185440973e+02 9.652076177655997071e+02 1.351882314323576566e+03 4.584242348764381632e+02 0.000000000000000000e+00 0.000000000000000000e+00 0.000000000000000000e+00 0.000000000000000000e+00 0.000000000000000000e+00 0.000000000000000000e+00 0.000000000000000000e+00 0.000000000000000000e+00 0.000000000000000000e+00 0.000000000000000000e+00 0.000000000000000000e+00 0.000000000000000000e+00 0.000000000000000000e+00 0.000000000000000000e+00 0.000000000000000000e+00 0.000000000000000000e+00 0.000000000000000000e+00 0.000000000000000000e+00 0.000000000000000000e+00 0.000000000000000000e+00 0.000000000000000000e+00 0.000000000000000000e+00 0.000000000000000000e+00 0.000000000000000000e+00 0.000000000000000000e+00 0.000000000000000000e+00 0.000000000000000000e+00 0.000000000000000000e+00 0.000000000000000000e+00 0.000000000000000000e+00 0.000000000000000000e+00 0.000000000000000000e+00 0.000000000000000000e+00 0.000000000000000000e+00 0.000000000000000000e+00 0.000000000000000000e+00 0.000000000000000000e+00 0.000000000000000000e+00 0.000000000000000000e+00 0.000000000000000000e+00 0.000000000000000000e+00 0.000000000000000000e+00 0.000000000000000000e+00 0.000000000000000000e+00 0.000000000000000000e+00 0.000000000000000000e+00 0.000000000000000000e+00
-7.126921228142714781e+00 3.869121974393426171e+03 3.165941448022964323e+04 -1.083350970779736677e+01 4.192088424364012099e+03 1.682874359512754154e+03 1.124331901193308340e+03 -9.905206499094223318e+02 3.601279421375149354e+02 4.101090657906551314e+03 3.088434955087514595e+02 -3.219163764376386325e+02 -3.608733865131670626e+01 1.616703244328816481e+03 -1.625694424468415491e+03 3.057549583506372528e+03 5.274401294472703739e+03 1.532693379613765046e+03 0.000000000000000000e+00 0.000000000000000000e+00 0.000000000000000000e+00 0.000000000000000000e+00 0.000000000000000000e+00 0.000000000000000000e+00 0.000000000000000000e+00 0.000000000000000000e+00 0.000000000000000000e+00 0.000000000000000000e+00 0.000000000000000000e+00 0.000000000000000000e+00 0.000000000000000000e+00 -6.410611971097494822e-04 -6.375884150455014832e-03 -1.918210765754763819e-02 -3.957818602938537739e-02 -7.021598763067586624e-02 -1.149287086186876333e-01 -1.778398739393375338e-01 -2.636006788815915547e-01 -3.794789632525644718e-01 -5.335380572130652421e-01 -7.314231920684175492e-01 -9.790772971834250660e-01 -1.281730336450907393e+00 -1.632698449193439538e+00 -2.010313343369018568e+00 -2.366521786900273039e+00 -2.602122499934451216e+00 -2.534089744926484311e+00 -1.853744751868567242e+00 -2.862952940926266621e-02 3.900555120106882434e+00 1.122385724008989172e+01 2.416784234497303885e+01 4.654825499990590032e+01 8.384769735548455571e+01 1.433587368564459723e+02 2.371363386991287143e+02 3.870369138276531089e+02 6.096126321667341017e+02 2.191981490310821812e+02 0.000000000000000000e+00 0.000000000000000000e+00 0.000000000000000000e+00 0.000000000000000000e+00 0.000000000000000000e+00 0.000000000000000000e+00 0.000000000000000000e+00 0.000000000000000000e+00 0.000000000000000000e+00 0.000000000000000000e+00 0.000000000000000000e+00 0.000000000000000000e+00 0.000000000000000000e+00 0.000000000000000000e+00 0.000000000000000000e+00 0.000000000000000000e+00 0.000000000000000000e+00 0.000000000000000000e+00 0.000000000000000000e+00 0.000000000000000000e+00 0.000000000000000000e+00 0.000000000000000000e+00 0.000000000000000000e+00 0.000000000000000000e+00 0.000000000000000000e+00 0.000000000000000000e+00 0.000000000000000000e+00 0.000000000000000000e+00 0.000000000000000000e+00 0.000000000000000000e+00 0.000000000000000000e+00 0.000000000000000000e+00 0.000000000000000000e+00 0.000000000000000000e+00 0.000000000000000000e+00 0.000000000000000000e+00 0.000000000000000000e+00 0.000000000000000000e+00 0.000000000000000000e+00 0.000000000000000000e+00 0.000000000000000000e+00 0.000000000000000000e+00 0.000000000000000000e+00 0.000000000000000000e+00 0.000000000000000000e+00 0.000000000000000000e+00 0.000000000000000000e+00
-3.835981920324810890e+00 2.592126367008355373e+03 2.457546957118246792e+04 -1.154673752489664373e+01 3.254088655903555264e+03 1.124331901193308340e+03 1.317058338622273823e+03 -1.326557018053768843e+03 -5.831387213453493814e+02 2.672349240833186741e+03 3.333841880371674051e+02 -2.714949504720158870e+02 -3.150866398620354403e+01 9.563320292344683367e+02 -1.089137383171719648e+03 2.048411744652944435e+03 3.533596189540931846e+03 1.795418767384412604e+03 0.000000000000000000e+00 0.000000000000000000e+00 0.000000000000000000e+00 0.000000000000000000e+00 0.000000000000000000e+00 0.000000000000000000e+00 0.000000000000000000e+00 0.000000000000000000e+00 0.000000000000000000e+00 0.000000000000000000e+00 0.000000000000000000e+00 0.000000000000000000e+00 0.000000000000000000e+00 3.943502637871648176e-04 3.872376210417925995e-03 1.155265975097843727e-02 2.382353792780671567e-02 4.253226494094737575e-02 7.059218729063847231e-02 1.117826297439670907e-01 1.711760810008098599e-01 2.569869330990575684e-01 3.823052442464737743e-01 5.612551274623460706e-01 8.174337589842751717e-01 1.186525353475886835e+00 1.720031684515159531e+00 2.479616334557127377e+00 3.566758909314947434e+00 5.144476365102777393e+00 7.402188119001215760e+00 1.062409495429924355e+01 1.523154538348760667e+01 2.188691393726900003e+01 3.126938314796464269e+01 4.462434053925519351e+01 6.389166589528637985e+01 9.134688666722341566e+01 1.295511380509051662e+02 1.829897458041483844e+02 2.593159528522369897e+02 3.607618195225652471e+02 1.217444478946169113e+02 0.000000000000000000e+00 0.000000000000000000e+00 0.000000000000000000e+00 0.000000000000000000e+00 0.000000000000000000e+00 0.000000000000000000e+00 0.000000000000000000e+00 0.000000000000000000e+00 0.000000000000000000e+00 0.000000000000000000e+00 0.000000000000000000e+00 0.000000000000000000e+00 0.000000000000000000e+00 0.000000000000000000e+00 0.000000000000000000e+00 0.000000000000000000e+00 0.000000000000000000e+00 0.000000000000000000e+00 0.000000000000000000e+00 0.000000000000000000e+00 0.000000000000000000e+00 0.000000000000000000e+00 0.000000000000000000e+00 0.000000000000000000e+00 0.000000000000000000e+00 0.000000000000000000e+00 0.000000000000000000e+00 0.000000000000000000e+00 0.000000000000000000e+00 0.000000000000000000e+00 0.000000000000000000e+00 0.000000000000000000e+00 0.000000000000000000e+00 0.000000000000000000e+00 0.000000000000000000e+00 0.000000000000000000e+00 0.000000000000000000e+00 0.000000000000000000e+00 0.000000000000000000e+00 0.000000000000000000e+00 0.000000000000000000e+00 0.000000000000000000e+00 0.000000000000000000e+00 0.000000000000000000e+00 0.000000000000000000e+00 0.000000000000000000e+00 0.000000000000000000e+00
2.922967543419303649e-01 -2.454162140003384593e+03 -2.374254968141982317e+04 1.174674960998160955e+01 -3.143800013942821806e+03 -9.905206499094223318e+02 -1.326557018053768843e+03 1.633619448312703753e+03 9.323311892693185428e+02 -2.527913098445685591e+03 -3.636864329730963732e+02 2.771703243139503456e+02 3.283558740720129521e+01 -9.346545205892210788e+02 1.031168759772805743e+03 -1.939386372072397307e+03 -3.345522848270779377e+03 -1.808367402092966131e+03 -0.000000000000000000e+00 -0.000000000000000000e+00 -0.000000000000000000e+00 -0.000000000000000000e+00 -0.000000000000000000e+00 -0.000000000000000000e+00 -0.000000000000000000e+00 -0.000000000000000000e+00 -0.000000000000000000e+00 -0.000000000000000000e+00 -0.000000000000000000e+00 -0.000000000000000000e+00 -0.000000000000000000e+00 -6.556823924277026261e-04 -6.465768963307839956e-03 -1.965124731060648167e-02 -4.159986612114258825e-02 -7.651649604957283524e-02 -1.306805616110777168e-01 -2.111768284796751438e-01 -3.269636239902967145e-01 -4.904724192878963107e-01 -7.175385353792450571e-01 -1.019422760048184884e+00 -1.420465762287951517e+00 -1.962775825576465571e+00 -2.826415864250291676e+00 -4.521144661958524047e+00 -6.392170489998021843e+00 -8.960527149497293564e+00 -1.245077964546738336e+01 -1.700830724381491166e+01 -2.290330235600187692e+01 -3.081169369908377931e+01 -4.076747959870318283e+01 -5.480539300137461112e+01 -7.676429929720204370e+01 -1.085848962378777713e+02 -1.322452152721195375e+02 -1.605234928377778090e+02 -2.564820293724313274e+02 -2.885847560024584482e+02 -8.013657905258101266e+01 -0.000000000000000000e+00 -0.000000000000000000e+00 -0.000000000000000000e+00 -0.000000000000000000e+00 -0.000000000000000000e+00 -0.000000000000000000e+00 -0.000000000000000000e+00 -0.000000000000000000e+00 -0.000000000000000000e+00 -0.000000000000000000e+00 -0.000000000000000000e+00 -0.000000000000000000e+00 -0.000000000000000000e+00 -0.000000000000000000e+00 -0.000000000000000000e+00 -0.000000000000000000e+00 -0.000000000000000000e+00 -0.000000000000000000e+00 -0.000000000000000000e+00 -0.000000000000000000e+00 -0.000000000000000000e+00 -0.000000000000000000e+00 -0.000000000000000000e+00 -0.000000000000000000e+00 -0.000000000000000000e+00 -0.000000000000000000e+00 -0.000000000000000000e+00 -0.000000000000000000e+00 -0.000000000000000000e+00 -0.000000000000000000e+00 -0.000000000000000000e+00 -0.000000000000000000e+00 -0.000000000000000000e+00 -0.000000000000000000e+00 -0.000000000000000000e+00 -0.000000000000000000e+00 -0.000000000000000000e+00 -0.000000000000000000e+00 -0.000000000000000000e+00 -0.000000000000000000e+00 -0.000000000000000000e+00 -0.000000000000000000e+00 -0.000000000000000000e+00 -0.000000000000000000e+00 -0.000000000000000000e+00 -0.000000000000000000e+00 -0.000000000000000000e+00
2.552768085491754491e+00 2.573960485874604728e+03 1.311673879783445227e+04 1.041653362174629827e+01 1.736814460486803227e+03 3.601279421375149354e+02 -5.831387213453493814e+02 9.323311892693185428e+02 3.783429249434233952e+03 3.619894230866202633e+03 -5.182391061442127693e+02 1.242360802293126767e+02 1.411974944449484148e+01 3.155518211670350865e+03 -1.081504599333385613e+03 2.034056270035675198e+03 3.508832393619995855e+03 -7.949368479661993661e+02 0.000000000000000000e+00 0.000000000000000000e+00 0.000000000000000000e+00 0.000000000000000000e+00 0.000000000000000000e+00 0.000000000000000000e+00 0.000000000000000000e+00 0.000000000000000000e+00 0.000000000000000000e+00 0.000000000000000000e+00 0.000000000000000000e+00 0.000000000000000000e+00 0.000000000000000000e+00 6.198046859649709731e-04 6.597071828830488108e-03 2.118137679130286180e-02 4.589510082563371535e-02 8.491613097888191242e-02 1.442926974696567277e-01 2.307110379746594719e-01 3.532890525499058354e-01 5.254681472061120129e-01 7.660256851558236990e-01 1.092280258096239409e+00 1.538623623235121585e+00 2.161794953416975140e+00 3.128342000476633800e+00 4.842061848370476262e+00 6.872170154895090199e+00 9.695141465991659047e+00 1.356528449568496519e+01 1.872110640744572407e+01 2.551832403805785532e+01 3.457562111394211257e+01 4.588426994591567620e+01 6.050001580488832786e+01 7.996781397126545698e+01 1.030753654172054041e+02 1.142466818452401185e+02 1.114593361959803275e+02 1.109232286432277590e+02 5.572993601964477683e+00 -3.114171727948913926e+01 0.000000000000000000e+00 0.000000000000000000e+00 0.000000000000000000e+00 0.000000000000000000e+00 0.000000000000000000e+00 0.000000000000000000e+00 0.000000000000000000e+00 0.000000000000000000e+00 0.000000000000000000e+00 0.000000000000000000e+00 0.000000000000000000e+00 0.000000000000000000e+00 0.000000000000000000e+00 0.000000000000000000e+00 0.000000000000000000e+00 0.000000000000000000e+00 0.000000000000000000e+00 0.000000000000000000e+00 0.000000000000000000e+00 0.000000000000000000e+00 0.000000000000000000e+00 0.000000000000000000e+00 0.000000000000000000e+00 0.000000000000000000e+00 0.000000000000000000e+00 0.000000000000000000e+00 0.000000000000000000e+00 0.000000000000000000e+00 0.000000000000000000e+00 0.000000000000000000e+00 0.000000000000000000e+00 0.000000000000000000e+00 0.000000000000000000e+00 0.000000000000000000e+00 0.000000000000000000e+00 0.000000000000000000e+00 0.000000000000000000e+00 0.000000000000000000e+00 0.000000000000000000e+00 0.000000000000000000e+00 0.000000000000000000e+00 0.000000000000000000e+00 0.000000000000000000e+00 0.000000000000000000e+00 0.000000000000000000e+00 0.000000000000000000e+00 0.000000000000000000e+00
-1.103576020573179584e+01 1.181319895530041140e+04 9.212357847329787910e+04 -1.938174040306138934e+01 1.219827319200947022e+04 4.101090657906551314e+03 2.672349240833186741e+03 -2.527913098445685591e+03 3.619894230866202633e+03 1.344251296860823822e+04 3.373865537828451693e+02 -6.925296577056872138e+02 -7.972932014428194236e+01 7.190316113876125200e+03 -4.963568428151910666e+03 9.335307024358995477e+03 1.610379622923834904e+04 3.642956305957097356e+03 0.000000000000000000e+00 0.000000000000000000e+00 0.000000000000000000e+00 0.000000000000000000e+00 0.000000000000000000e+00 0.000000000000000000e+00 0.000000000000000000e+00 0.000000000000000000e+00 0.000000000000000000e+00 0.000000000000000000e+00 0.000000000000000000e+00 0.000000000000000000e+00 0.000000000000000000e+00 9.729077708604443389e-04 1.019243064192425045e-02 3.271416906058386559e-02 7.199684865606623130e-02 1.363871800426578740e-01 2.387907532738500482e-01 3.954824558079955699e-01 6.284782540874449541e-01 9.724330956954365668e-01 1.478074751847282320e+00 2.201696647145674923e+00 3.236555979935720195e+00 4.734077403218419633e+00 7.000334774850804465e+00 1.064457886100790773e+01 1.547312496245628921e+01 2.243135163094286000e+01 3.232648029196403172e+01 4.621644902163262003e+01 6.570023116932074458e+01 9.342086060585482699e+01 1.315200743454472274e+02 1.852501108229148485e+02 2.632239555312310131e+02 3.730218124045046011e+02 5.074577054130702436e+02 6.857023528344171837e+02 9.694463279961940998e+02 1.259885182314670601e+03 4.047068131301907101e+02 0.000000000000000000e+00 0.000000000000000000e+00 0.000000000000000000e+00 0.000000000000000000e+00 0.000000000000000000e+00 0.000000000000000000e+00 0.000000000000000000e+00 0.000000000000000000e+00 0.000000000000000000e+00 0.000000000000000000e+00 0.000000000000000000e+00 0.000000000000000000e+00 0.000000000000000000e+00 0.000000000000000000e+00 0.000000000000000000e+00 0.000000000000000000e+00 0.000000000000000000e+00 0.000000000000000000e+00 0.000000000000000000e+00 0.000000000000000000e+00 0.000000000000000000e+00 0.000000000000000000e+00 0.000000000000000000e+00 0.000000000000000000e+00 0.000000000000000000e+00 0.000000000000000000e+00 0.000000000000000000e+00 0.000000000000000000e+00 0.000000000000000000e+00 0.000000000000000000e+00 0.000000000000000000e+00 0.000000000000000000e+00 0.000000000000000000e+00 0.000000000000000000e+00 0.000000000000000000e+00 0.000000000000000000e+00 0.000000000000000000e+00 0.000000000000000000e+00 0.000000000000000000e+00 0.000000000000000000e+00 0.000000000000000000e+00 0.000000000000000000e+00 0.000000000000000000e+00 0.000000000000000000e+00 0.000000000000000000e+00 0.000000000000000000e+00 0.000000000000000000e+00
-2.534929309890289417e+00 4.529918044223002198e+02 4.910809925441907581e+03 -4.065071772315964616e+00 6.502504793811838226e+02 3.088434955087514595e+02 3.333841880371674051e+02 -3.636864329730963732e+02 -5.182391061442127693e+02 3.373865537828451124e+02 1.511606982253208571e+02 -9.150728593588983983e+01 -1.027481562529115600e+01 -1.444141987686763287e+02 -1.903342038976871322e+02 3.579739569105576038e+02 6.175200925282479147e+02 4.544705503153946893e+02 0.000000000000000000e+00 0.000000000000000000e+00 0.000000000000000000e+00 0.000000000000000000e+00 0.000000000000000000e+00 0.000000000000000000e+00 0.000000000000000000e+00 0.000000000000000000e+00 0.000000000000000000e+00 0.000000000000000000e+00 0.000000000000000000e+00 0.000000000000000000e+00 0.000000000000000000e+00 -1.982237224110219831e-04 -2.025659677796852465e-03 -6.268469450886255886e-03 -1.319828195291787055e-02 -2.382485872043554540e-02 -3.952217697016106868e-02 -6.152489805344201618e-02 -9.139423212406537489e-02 -1.309211450864325166e-01 -1.819170672273104361e-01 -2.438469509723225348e-01 -3.189770533138922004e-01 -4.118445459608039982e-01 -5.695430542769045479e-01 -9.427311929692659964e-01 -1.275409796269866947e+00 -1.692635162087688050e+00 -2.202254875439767723e+00 -2.750504431716433551e+00 -3.265298086050441029e+00 -3.686950261740708612e+00 -3.683965058250459723e+00 -3.226620492425039011e+00 -2.310276550305084164e+00 2.503299702857727516e-01 1.247369573889235816e+01 3.531982527112452175e+01 5.946829074013467675e+01 1.339269057956449558e+02 5.689426753515528645e+01 0.000000000000000000e+00 0.000000000000000000e+00 0.000000000000000000e+00 0.000000000000000000e+00 0.000000000000000000e+00 0.000000000000000000e+00 0.000000000000000000e+00 0.000000000000000000e+00 0.000000000000000000e+00 0.000000000000000000e+00 0.000000000000000000e+00 0.000000000000000000e+00 0.000000000000000000e+00 0.000000000000000000e+00 0.000000000000000000e+00 0.000000000000000000e+00 0.000000000000000000e+00 0.000000000000000000e+00 0.000000000000000000e+00 0.000000000000000000e+00 0.000000000000000000e+00 0.000000000000000000e+00 0.000000000000000000e+00 0.000000000000000000e+00 0.000000000000000000e+00 0.000000000000000000e+00 0.000000000000000000e+00 0.000000000000000000e+00 0.000000000000000000e+00 0.000000000000000000e+00 0.000000000000000000e+00 0.000000000000000000e+00 0.000000000000000000e+00 0.000000000000000000e+00 0.000000000000000000e+00 0.000000000000000000e+00 0.000000000000000000e+00 0.000000000000000000e+00 0.000000000000000000e+00 0.000000000000000000e+00 0.000000000000000000e+00 0.000000000000000000e+00 0.000000000000000000e+00 0.000000000000000000e+00 0.000000000000000000e+00 0.000000000000000000e+00 0.000000000000000000e+00
1.853563500324375113e+00 -6.915460578996650156e+02 -6.079649001333164051e+03 2.847708208845037614e+00 -8.050188741993473514e+02 -3.219163764376386325e+02 -2.714949504720158870e+02 2.771703243139503456e+02 1.242360802293126767e+02 -6.925296577056872138e+02 -9.150728593588983983e+01 7.433932722845145236e+01 8.398075981172498317e+00 -1.970979700267611179e+02 2.905678802661290092e+02 -5.464899724796299552e+02 -9.427181275527808566e+02 -3.701029142243306751e+02 0.000000000000000000e+00 0.000000000000000000e+00 0.000000000000000000e+00 0.000000000000000000e+00 0.000000000000000000e+00 0.000000000000000000e+00 0.000000000000000000e+00 0.000000000000000000e+00 0.000000000000000000e+00 0.000000000000000000e+00 0.000000000000000000e+00 0.000000000000000000e+00 0.000000000000000000e+00 8.167867003470874617e-05 8.204445186658759076e-04 2.484891566244277518e-03 5.108616294244924284e-03 8.984189235565173334e-03 1.445610986542583687e-02 2.166782590965279920e-02 3.074210711782119840e-02 4.147327538248216094e-02 5.306964195786727928e-02 6.313035467747600549e-02 6.952711713936278459e-02 6.932482619841837113e-02 7.928792363482196903e-02 1.670036052830513873e-01 1.869184688007970441e-01 1.788754621018514845e-01 1.181519604022548964e-01 -6.579160168569653244e-02 -4.736066388350015366e-01 -1.234693418401234588e+00 -2.620018781893032500e+00 -4.825484380181885413e+00 -8.139229664703545808e+00 -1.349572990651566684e+01 -2.536572544634208626e+01 -4.484554878100971109e+01 -6.819238492388704742e+01 -1.208582888448605672e+02 -4.674592651826382195e+01 0.000000000000000000e+00 0.000000000000000000e+00 0.000000000000000000e+00 0.000000000000000000e+00 0.000000000000000000e+00 0.000000000000000000e+00 0.000000000000000000e+00 0.000000000000000000e+00 0.000000000000000000e+00 0.000000000000000000e+00 0.000000000000000000e+00 0.000000000000000000e+00 0.000000000000000000e+00 0.000000000000000000e+00 0.000000000000000000e+00 0.000000000000000000e+00 0.000000000000000000e+00 0.000000000000000000e+00 0.000000000000000000e+00 0.000000000000000000e+00 0.000000000000000000e+00 0.000000000000000000e+00 0.000000000000000000e+00 0.000000000000000000e+00 0.000000000000000000e+00 0.000000000000000000e+00 0.000000000000000000e+00 0.000000000000000000e+00 0.000000000000000000e+00 0.000000000000000000e+00 0.000000000000000000e+00 0.000000000000000000e+00 0.000000000000000000e+00 0.000000000000000000e+00 0.000000000000000000e+00 0.000000000000000000e+00 0.000000000000000000e+00 0.000000000000000000e+00 0.000000000000000000e+00 0.000000000000000000e+00 0.000000000000000000e+00 0.000000000000000000e+00 0.000000000000000000e+00 0.000000000000000000e+00 0.000000000000000000e+00 0.000000000000000000e+00 0.000000000000000000e+00
1.909975028308105172e-01 -7.906030793615076391e+01 -6.978566736348175255e+02 3.229251799066356066e-01 -9.240464270861880891e+01 -3.608733865131670626e+01 -3.150866398620354403e+01 3.283558740720129521e+01 1.411974944449484148e+01 -7.972932014428194236e+01 -1.027481562529115777e+01 8.398075981172500093e+00 9.529762565925528062e-01 -2.402829662630401231e+01 3.321888083631843358e+01 -6.247691677902199814e+01 -1.077753023243000428e+02 -4.295272653997718493e+01 0.000000000000000000e+00 0.000000000000000000e+00 0.000000000000000000e+00 0.000000000000000000e+00 0.000000000000000000e+00 0.000000000000000000e+00 0.000000000000000000e+00 0.000000000000000000e+00 0.000000000000000000e+00 0.000000000000000000e+00 0.000000000000000000e+00 0.000000000000000000e+00 0.000000000000000000e+00 6.364121941051046918e-06 6.413641257580764859e-05 1.936451990050389222e-04 3.939316186885370133e-04 6.819042547399181741e-04 1.073353822765731611e-03 1.560866095954138244e-03 2.128795949758691131e-03 2.716399844842141975e-03 3.191133084252098431e-03 3.267935051938511241e-03 2.647222994670577097e-03 8.886543419211467842e-04 -8.428319823431312590e-04 2.848641861103220260e-03 -1.052606013863656735e-03 -1.006715744784609026e-02 -2.746158564976611954e-02 -6.099724136973076749e-02 -1.219301643701433957e-01 -2.257097229531870031e-01 -4.003583664203033132e-01 -6.721465638679473553e-01 -1.082087222016351769e+00 -1.731533658353745508e+00 -3.025330446117383332e+00 -5.111669186652134655e+00 -7.787437465165277573e+00 -1.326982856082716644e+01 -5.032655422912965193e+00 0.000000000000000000e+00 0.000000000000000000e+00 0.000000000000000000e+00 0.000000000000000000e+00 0.000000000000000000e+00 0.000000000000000000e+00 0.000000000000000000e+00 0.000000000000000000e+00 0.000000000000000000e+00 0.000000000000000000e+00 0.000000000000000000e+00 0.000000000000000000e+00 0.000000000000000000e+00 0.000000000000000000e+00 0.000000000000000000e+00 0.000000000000000000e+00 0.000000000000000000e+00 0.000000000000000000e+00 0.000000000000000000e+00 0.000000000000000000e+00 0.000000000000000000e+00 0.000000000000000000e+00 0.000000000000000000e+00 0.000000000000000000e+00 0.000000000000000000e+00 0.000000000000000000e+00 0.000000000000000000e+00 0.000000000000000000e+00 0.000000000000000000e+00 0.000000000000000000e+00 0.000000000000000000e+00 0.000000000000000000e+00 0.000000000000000000e+00 0.000000000000000000e+00 0.000000000000000000e+00 0.000000000000000000e+00 0.000000000000000000e+00 0.000000000000000000e+00 0.000000000000000000e+00 0.000000000000000000e+00 0.000000000000000000e+00 0.000000000000000000e+00 0.000000000000000000e+00 0.000000000000000000e+00 0.000000000000000000e+00 0.000000000000000000e+00 0.000000000000000000e+00
2.539847509464046027e+00 5.913655762695887461e+03 4.384014508980680694e+04 -2.508592313301408083e+00 5.804964108486092300e+03 1.616703244328816481e+03 9.563320292344683367e+02 -9.346545205892210788e+02 3.155518211670350865e+03 7.190316113876124291e+03 -1.444141987686762718e+02 -1.970979700267611179e+02 -2.402829662630401231e+01 4.720194590680992405e+03 -2.484749063292946630e+03 4.673229697563497211e+03 8.061517268325215809e+03 1.303675336761840754e+03 0.000000000000000000e+00 0.000000000000000000e+00 0.000000000000000000e+00 0.000000000000000000e+00 0.000000000000000000e+00 0.000000000000000000e+00 0.000000000000000000e+00 0.000000000000000000e+00 0.000000000000000000e+00 0.000000000000000000e+00 0.000000000000000000e+00 0.000000000000000000e+00 0.000000000000000000e+00 1.502939624196304681e-03 1.537107038545633929e-02 4.800020060771320596e-02 1.028102033249875952e-01 1.896698179364262049e-01 3.231001250908544509e-01 5.193283315558258062e-01 7.996257105987054636e-01 1.194405030421235914e+00 1.744284758453189532e+00 2.482648846351951821e+00 3.478205425722197486e+00 4.846688404350492085e+00 6.996678323659452303e+00 1.100805604402082061e+01 1.559342935540831476e+01 2.192889019526707983e+01 3.057686975454085143e+01 4.198529071848491867e+01 5.688729140607091495e+01 7.680923336995627437e+01 1.017826808516673509e+02 1.354871700428662677e+02 1.843577308817526728e+02 2.493859014990873959e+02 2.909184906220352786e+02 3.222460523464823154e+02 4.386751871783176853e+02 3.583001954816980401e+02 6.240672433179685896e+01 0.000000000000000000e+00 0.000000000000000000e+00 0.000000000000000000e+00 0.000000000000000000e+00 0.000000000000000000e+00 0.000000000000000000e+00 0.000000000000000000e+00 0.000000000000000000e+00 0.000000000000000000e+00 0.000000000000000000e+00 0.000000000000000000e+00 0.000000000000000000e+00 0.000000000000000000e+00 0.000000000000000000e+00 0.000000000000000000e+00 0.000000000000000000e+00 0.000000000000000000e+00 0.000000000000000000e+00 0.000000000000000000e+00 0.000000000000000000e+00 0.000000000000000000e+00 0.000000000000000000e+00 0.000000000000000000e+00 0.000000000000000000e+00 0.000000000000000000e+00 0.000000000000000000e+00 0.000000000000000000e+00 0.000000000000000000e+00 0.000000000000000000e+00 0.000000000000000000e+00 0.000000000000000000e+00 0.000000000000000000e+00 0.000000000000000000e+00 0.000000000000000000e+00 0.000000000000000000e+00 0.000000000000000000e+00 0.000000000000000000e+00 0.000000000000000000e+00 0.000000000000000000e+00 0.000000000000000000e+00 0.000000000000000000e+00 0.000000000000000000e+00 0.000000000000000000e+00 0.000000000000000000e+00 0.000000000000000000e+00 0.000000000000000000e+00 0.000000000000000000e+00
