0.0691087612880857821151536768411460798233747482299804687500000000 0.2678511833798604691025957436067983508110046386718750000000000000 2.7006358956810450067109741212334483861923217773437500000000000000 -0.0008040470251442878102735023482239284930983558297157287597656250 0.2789238918520803300893362575152423232793807983398437500000000000 0.1169817534121925794998730907536810263991355895996093750000000000 0.0786865211041357648369398702925536781549453735351562500000000000 0.1384751338629411909764144184009637683629989624023437500000000000 0.0528406452238444901414737842060276307165622711181640625000000000 0.3445558848273663210548534152621868997812271118164062500000000000 0.1012200265868276466418862469254236202687025070190429687500000000
0.2678511833798604691025957436067983508110046386718750000000000000 502.3514063527339885695255361497402191162109375000000000000000000000 4924.2685854648698295932263135910034179687500000000000000000000000000 -0.8578581899283532763433868240099400281906127929687500000000000000 508.5825010988501730935240630060434341430664062500000000000000000000 163.6613073336130810275790281593799591064453125000000000000000000000 127.5395414414646921841267612762749195098876953125000000000000000000 104.5889626909396952214592602103948593139648437500000000000000000000 98.6386907229245224471014807932078838348388671875000000000000000000 646.2100750350933822119259275496006011962890625000000000000000000000 164.0631151870603048337216023355722427368164062500000000000000000000
2.7006358956810450067109741212334483861923217773437500000000000000 4924.2685854648698295932263135910034179687500000000000000000000000000 49896.6152211811495362780988216400146484375000000000000000000000000000 -10.2298552867734784399544878397136926651000976562500000000000000000 5153.3633726763164304429665207862854003906250000000000000000000000000 1653.5984133742044832615647464990615844726562500000000000000000000000 1481.7912853892803468625061213970184326171875000000000000000000000000 1216.9275078963767100503901019692420959472656250000000000000000000000 694.3237807958422536103171296417713165283203125000000000000000000000 6334.4342861694649400305934250354766845703125000000000000000000000000 1906.1327302135521222226088866591453552246093750000000000000000000000
-0.0008040470251442878102735023482239284930983558297157287597656250 -0.8578581899283532763433868240099400281906127929687500000000000000 -10.2298552867734784399544878397136926651000976562500000000000000000 0.0042404933046790889428212523171168868429958820343017578125000000 -1.0565478501687768364547537203179672360420227050781250000000000000 -0.3958125204032580946034158841939643025398254394531250000000000000 -0.4770053005295693537846091203391551971435546875000000000000000000 -0.3955024403459925785853101842803880572319030761718750000000000000 0.2424524369291497505329857631295453757047653198242187500000000000 -1.1035235460131673779216043840278871357440948486328125000000000000 -0.6136055899302307325982042129908222705125808715820312500000000000
0.2789238918520803300893362575152423232793807983398437500000000000 508.5825010988501730935240630060434341430664062500000000000000000000 5153.3633726763164304429665207862854003906250000000000000000000000000 -1.0565478501687768364547537203179672360420227050781250000000000000 532.2435987515298165817512199282646179199218750000000000000000000000 170.7850013237144537470157956704497337341308593750000000000000000000 153.0406201347801413703564321622252464294433593750000000000000000000 125.6852718084431472789219697006046772003173828125000000000000000000 71.7103299466398453887450159527361392974853515625000000000000000000 654.2255720607178091086097992956638336181640625000000000000000000000 196.8669528343508829948405036702752113342285156250000000000000000000
0.1169817534121925794998730907536810263991355895996093750000000000 163.6613073336130810275790281593799591064453125000000000000000000000 1653.5984133742044832615647464990615844726562500000000000000000000000 -0.3958125204032580946034158841939643025398254394531250000000000000 170.7850013237144537470157956704497337341308593750000000000000000000 64.5677172061274688985577085986733436584472656250000000000000000000 48.5723075731012130518138292245566844940185546875000000000000000000 36.9041440201803183640549832489341497421264648437500000000000000000 15.6339612427227852009536945843137800693511962890625000000000000000 210.5290924937410181883024051785469055175781250000000000000000000000 62.4819879560601094681260292418301105499267578125000000000000000000
0.0786865211041357648369398702925536781549453735351562500000000000 127.5395414414646921841267612762749195098876953125000000000000000000 1481.7912853892803468625061213970184326171875000000000000000000000000 -0.4770053005295693537846091203391551971435546875000000000000000000 153.0406201347801413703564321622252464294433593750000000000000000000 48.5723075731012130518138292245566844940185546875000000000000000000 65.3506336019560478689527371898293495178222656250000000000000000000 53.8446583369212490310928842518478631973266601562500000000000000000 -13.7618194152399588858770584920421242713928222656250000000000000000 164.0631151870603048337216023355722427368164062500000000000000000000 84.0651331109408488373446743935346603393554687500000000000000000000
0.1384751338629411909764144184009637683629989624023437500000000000 104.5889626909396952214592602103948593139648437500000000000000000000 1216.9275078963767100503901019692420959472656250000000000000000000000 -0.3955024403459925785853101842803880572319030761718750000000000000 125.6852718084431472789219697006046772003173828125000000000000000000 36.9041440201803183640549832489341497421264648437500000000000000000 53.8446583369212490310928842518478631973266601562500000000000000000 51.9230234226077129733312176540493965148925781250000000000000000000 -17.5139746745962661123030557064339518547058105468750000000000000000 134.5401656562654011395352426916360855102539062500000000000000000000 69.2641849194088479180209105834364891052246093750000000000000000000
0.0528406452238444901414737842060276307165622711181640625000000000 98.6386907229245224471014807932078838348388671875000000000000000000 694.3237807958422536103171296417713165283203125000000000000000000000 0.2424524369291497505329857631295453757047653198242187500000000000 71.7103299466398453887450159527361392974853515625000000000000000000 15.6339612427227852009536945843137800693511962890625000000000000000 -13.7618194152399588858770584920421242713928222656250000000000000000 -17.5139746745962661123030557064339518547058105468750000000000000000 85.7685032237258866416595992632210254669189453125000000000000000000 126.8859107934246708282444160431623458862304687500000000000000000000 -17.7027997622390280696436093421652913093566894531250000000000000000
0.3445558848273663210548534152621868997812271118164062500000000000 646.2100750350933822119259275496006011962890625000000000000000000000 6334.4342861694649400305934250354766845703125000000000000000000000000 -1.1035235460131673779216043840278871357440948486328125000000000000 654.2255720607178091086097992956638336181640625000000000000000000000 210.5290924937410181883024051785469055175781250000000000000000000000 164.0631151870603048337216023355722427368164062500000000000000000000 134.5401656562654011395352426916360855102539062500000000000000000000 126.8859107934246708282444160431623458862304687500000000000000000000 831.2656355611862863952410407364368438720703125000000000000000000000 211.0459662992927576397050870582461357116699218750000000000000000000
0.1012200265868276466418862469254236202687025070190429687500000000 164.0631151870603048337216023355722427368164062500000000000000000000 1906.1327302135521222226088866591453552246093750000000000000000000000 -0.6136055899302307325982042129908222705125808715820312500000000000 196.8669528343508829948405036702752113342285156250000000000000000000 62.4819879560601094681260292418301105499267578125000000000000000000 84.0651331109408488373446743935346603393554687500000000000000000000 69.2641849194088479180209105834364891052246093750000000000000000000 -17.7027997622390280696436093421652913093566894531250000000000000000 211.0459662992927576397050870582461357116699218750000000000000000000 108.1389148880215032022533705458045005798339843750000000000000000000
