# A b_HI Tb sigma_NL sigma8tot n_s f DA H omegak omegaDE w0 wa h gamma sigma_8 fs8 bs8 pk0 pk1 pk2 pk3 pk4 pk5 pk6 pk7 pk8 pk9 pk10 pk11 pk12 pk13 pk14 pk15 pk16 pk17 pk18 pk19 pk20 pk21 pk22 pk23 pk24 pk25 pk26 pk27 pk28 pk29 pk30 pk31 pk32 pk33 pk34 pk35 pk36 pk37 pk38 pk39 pk40 pk41 pk42 pk43 pk44 pk45 pk46 pk47 pk48 pk49 pk50 pk51 pk52 pk53 pk54 pk55 pk56 pk57 pk58 pk59 pk60 pk61 pk62 pk63 pk64 pk65 pk66 pk67 pk68 pk69 pk70 pk71 pk72 pk73 pk74 pk75 pk76 pk77 pk78 pk79 pk80 pk81 pk82 pk83 pk84 pk85 pk86 pk87 pk88 pk89
1.626375178094904561e-01 4.044411915665223067e-01 2.270396222083603366e+00 -7.095414029337297323e-04 6.035357683984382549e-01 2.251156033245031440e-01 1.985197144626404120e-01 -1.535847154948016546e-01 6.650976075870244919e-02 3.965588470951868505e-01 -6.050265641732000682e-02 -1.269096663371170434e-03 -6.152841914043236972e-03 4.685243332573747477e-01 -2.304810249405748676e-02 4.051522395394561715e-01 7.223394444310707874e-01 3.545598797643053079e-01 0.000000000000000000e+00 7.598522486000471854e-25 2.550728181547237472e-22 4.088478342750693310e-20 5.867444843097482166e-20 1.913930194362578326e-19 -5.502111626073935984e-20 7.786107530317788809e-19 8.804560581922684773e-19 -1.879278605085165160e-18 1.421649448419094530e-18 -8.255013649401919967e-18 -4.172624003737019729e-17 3.887436631585233967e-17 3.412516590189275469e-17 -2.425893154918964866e-17 -2.638224270157844286e-16 -1.875251377516506964e-16 -3.513818103921019540e-16 3.417370048978837843e-16 -1.819960397627117068e-15 -5.730911948221937020e-16 -4.063677117668781842e-16 -1.613500101952061426e-15 -3.102105415363137396e-15 -2.237160979812640083e-15 -5.918528011631637650e-03 -1.197883104516229424e-01 -2.517101292409344993e-01 -2.635831745970637630e-01 -5.560888270065215272e-02 3.468047222118010864e-01 6.436500710705300721e-01 3.998420944975447644e-01 -2.307136949739426179e-01 -5.020028650532023518e-01 -5.262276020197016561e-03 4.236434472304130838e-01 -1.384131246313775182e-02 -2.033543339171993425e-01 1.209551507787693103e-01 -1.957527338593561400e-02 -1.481356199573466773e-02 1.028630945760985668e-02 -7.291216195707348434e-03 0.000000000000000000e+00 0.000000000000000000e+00 0.000000000000000000e+00 0.000000000000000000e+00 0.000000000000000000e+00 0.000000000000000000e+00 0.000000000000000000e+00 0.000000000000000000e+00 0.000000000000000000e+00 0.000000000000000000e+00 0.000000000000000000e+00 0.000000000000000000e+00 0.000000000000000000e+00 0.000000000000000000e+00 0.000000000000000000e+00 0.000000000000000000e+00 0.000000000000000000e+00 0.000000000000000000e+00 0.000000000000000000e+00 0.000000000000000000e+00 0.000000000000000000e+00 0.000000000000000000e+00 0.000000000000000000e+00 0.000000000000000000e+00 0.000000000000000000e+00 0.000000000000000000e+00 0.000000000000000000e+00 0.000000000000000000e+00 0.000000000000000000e+00 0.000000000000000000e+00 0.000000000000000000e+00 0.000000000000000000e+00 0.000000000000000000e+00 0.000000000000000000e+00 0.000000000000000000e+00 0.000000000000000000e+00 0.000000000000000000e+00 0.000000000000000000e+00 0.000000000000000000e+00 0.000000000000000000e+00 0.000000000000000000e+00 0.000000000000000000e+00 0.000000000000000000e+00 0.000000000000000000e+00 0.000000000000000000e+00
4.044411915665223067e-01 4.376935270331851484e+02 2.305808029223594986e+03 -6.618548982473748676e-01 6.129492320153739229e+02 3.478634148239498103e+01 1.747042041681873741e+02 -1.426510096180107894e+02 1.430178213504042048e+02 4.544151741960500885e+02 -1.172341338579396108e+02 9.816134175864165812e+00 -3.418893470610178120e+00 5.624285620405304371e+02 -2.494307079101535507e+01 4.384630359300354030e+02 7.817287302602170485e+02 3.120249381370546189e+02 0.000000000000000000e+00 9.212866870012938518e-10 2.640635854308995510e-06 3.322621086659845744e-05 1.424910116985570146e-04 3.995597492830658915e-04 9.290075206635428021e-04 1.953901018596305127e-03 3.877283033563124967e-03 7.282133553271764870e-03 1.318606068865760261e-02 2.335464391306846937e-02 4.024301900865178555e-02 6.759898207849959761e-02 1.112298691310311255e-01 1.806861964930227826e-01 2.861066780548941479e-01 4.437221393804011149e-01 6.758792500141710402e-01 1.006854890437578254e+00 1.458867009960407080e+00 2.056159907190084457e+00 2.821745289273128510e+00 3.729405501630501885e+00 4.755938751336528547e+00 5.856654189206460970e+00 6.992145043567645324e+00 8.185929879603797588e+00 9.566797227444714835e+00 1.140117966733959953e+01 1.386477278311110872e+01 1.674902289858417603e+01 1.903682646748332274e+01 1.929305672912322578e+01 1.775162503583432994e+01 1.661072514960084234e+01 1.737291177249482743e+01 1.758966344511760838e+01 1.460566023099241306e+01 1.178575923013680082e+01 1.066015842211871245e+01 8.176428434746155105e+00 6.195363873294317258e+00 4.695046260522024895e+00 1.569008877121523815e+00 0.000000000000000000e+00 0.000000000000000000e+00 0.000000000000000000e+00 0.000000000000000000e+00 0.000000000000000000e+00 0.000000000000000000e+00 0.000000000000000000e+00 0.000000000000000000e+00 0.000000000000000000e+00 0.000000000000000000e+00 0.000000000000000000e+00 0.000000000000000000e+00 0.000000000000000000e+00 0.000000000000000000e+00 0.000000000000000000e+00 0.000000000000000000e+00 0.000000000000000000e+00 0.000000000000000000e+00 0.000000000000000000e+00 0.000000000000000000e+00 0.000000000000000000e+00 0.000000000000000000e+00 0.000000000000000000e+00 0.000000000000000000e+00 0.000000000000000000e+00 0.000000000000000000e+00 0.000000000000000000e+00 0.000000000000000000e+00 0.000000000000000000e+00 0.000000000000000000e+00 0.000000000000000000e+00 0.000000000000000000e+00 0.000000000000000000e+00 0.000000000000000000e+00 0.000000000000000000e+00 0.000000000000000000e+00 0.000000000000000000e+00 0.000000000000000000e+00 0.000000000000000000e+00 0.000000000000000000e+00 0.000000000000000000e+00 0.000000000000000000e+00 0.000000000000000000e+00 0.000000000000000000e+00 0.000000000000000000e+00
2.270396222083603366e+00 2.305808029223594986e+03 1.273241142274687263e+04 -4.077523101138183392e+00 3.384636407005799356e+03 1.632895473548947791e+02 1.075649770755199597e+03 -8.696301928263968648e+02 6.422403179481301549e+02 2.432518963832227200e+03 -5.991130548527768269e+02 5.735136367398350643e+01 -1.948473626191232455e+01 3.068996174969836375e+03 -1.314022925887481108e+02 2.309861869829699572e+03 4.118215764182664316e+03 1.921130374480961564e+03 0.000000000000000000e+00 6.858530465981372245e-09 1.850779712476009371e-05 2.220162164240331918e-04 9.124169974127952464e-04 2.480951396294043057e-03 5.643678125831736586e-03 1.168809438704840331e-02 2.292964563011346685e-02 4.271574146540722816e-02 7.686382560648313822e-02 1.354496874952198227e-01 2.324198856859208406e-01 3.890288890203529859e-01 6.381335427825748363e-01 1.033550000693912230e+00 1.632182838237569156e+00 2.525330209181082086e+00 3.838685130828817904e+00 5.708307777618586876e+00 8.260031245689704704e+00 1.163164303548679790e+01 1.595454600128261724e+01 2.108964633590927562e+01 2.690668990237717040e+01 3.315930532442826717e+01 3.962602134275451959e+01 4.642618992186340421e+01 5.427970730944131361e+01 6.467144635471278491e+01 7.857885535124400178e+01 9.478672779917620517e+01 1.075409426966031248e+02 1.087371569771134716e+02 9.972387135974349803e+01 9.282444289043819197e+01 9.632277076712517783e+01 9.653780533359399385e+01 7.913270098284755250e+01 6.274201322624929134e+01 5.546791024839943418e+01 4.139080041502558771e+01 3.029882131171058290e+01 2.208862978396093979e+01 7.163890670651023029e+00 0.000000000000000000e+00 0.000000000000000000e+00 0.000000000000000000e+00 0.000000000000000000e+00 0.000000000000000000e+00 0.000000000000000000e+00 0.000000000000000000e+00 0.000000000000000000e+00 0.000000000000000000e+00 0.000000000000000000e+00 0.000000000000000000e+00 0.000000000000000000e+00 0.000000000000000000e+00 0.000000000000000000e+00 0.000000000000000000e+00 0.000000000000000000e+00 0.000000000000000000e+00 0.000000000000000000e+00 0.000000000000000000e+00 0.000000000000000000e+00 0.000000000000000000e+00 0.000000000000000000e+00 0.000000000000000000e+00 0.000000000000000000e+00 0.000000000000000000e+00 0.000000000000000000e+00 0.000000000000000000e+00 0.000000000000000000e+00 0.000000000000000000e+00 0.000000000000000000e+00 0.000000000000000000e+00 0.000000000000000000e+00 0.000000000000000000e+00 0.000000000000000000e+00 0.000000000000000000e+00 0.000000000000000000e+00 0.000000000000000000e+00 0.000000000000000000e+00 0.000000000000000000e+00 0.000000000000000000e+00 0.000000000000000000e+00 0.000000000000000000e+00 0.000000000000000000e+00 0.000000000000000000e+00 0.000000000000000000e+00
-7.095414029337297323e-04 -6.618548982473748676e-01 -4.077523101138183392e+00 3.729439543121529279e-03 -1.083921394015250117e+00 -2.942779074916287985e-01 -4.209566803704556381e-01 3.025640696424297116e-01 1.954677059296746344e-01 -4.929879257915670276e-01 -1.609401979799703342e-01 6.417045706466141530e-02 2.614740663927653946e-02 -4.115826042374458038e-01 3.771747252527422878e-02 -6.630185052033137350e-01 -1.182085082981356949e+00 -7.518364127317845869e-01 0.000000000000000000e+00 -1.233591741966894383e-15 -3.534812404867191443e-12 -4.625280334025588316e-11 -2.175222016246241780e-10 -6.994771083473251862e-10 -1.922156343900274193e-09 -4.891687615067538795e-09 -1.196568760752378248e-08 -2.792524609112915723e-08 -6.309788028711711873e-08 -1.405559184409830061e-07 -3.052499396430425857e-07 -6.457764977448274121e-07 -1.338344562336122404e-06 -2.753856645117313822e-06 -5.506069069439394981e-06 -1.077293239032702988e-05 -2.076585884294697445e-05 -3.922067491495880048e-05 -7.194450121421292962e-05 -1.283723871473480579e-04 -2.244718070993059940e-04 -3.775227383572282583e-04 -6.123939078086063125e-04 -9.613876739500652052e-04 -1.467928490876794145e-03 -2.189922878424741329e-03 -3.256394697779470184e-03 -4.946563819299564131e-03 -7.636510103545176772e-03 -1.165237490784133689e-02 -1.668584262315695246e-02 -2.133455955701198808e-02 -2.461423581450324430e-02 -2.878575155813180991e-02 -3.734512580469705884e-02 -4.618226430104246938e-02 -4.616160474961739091e-02 -4.435074996330494457e-02 -4.656765429100819670e-02 -3.997667076121704660e-02 -3.269059635002767583e-02 -2.539547558828238530e-02 -8.376042034684047510e-03 0.000000000000000000e+00 0.000000000000000000e+00 0.000000000000000000e+00 0.000000000000000000e+00 0.000000000000000000e+00 0.000000000000000000e+00 0.000000000000000000e+00 0.000000000000000000e+00 0.000000000000000000e+00 0.000000000000000000e+00 0.000000000000000000e+00 0.000000000000000000e+00 0.000000000000000000e+00 0.000000000000000000e+00 0.000000000000000000e+00 0.000000000000000000e+00 0.000000000000000000e+00 0.000000000000000000e+00 0.000000000000000000e+00 0.000000000000000000e+00 0.000000000000000000e+00 0.000000000000000000e+00 0.000000000000000000e+00 0.000000000000000000e+00 0.000000000000000000e+00 0.000000000000000000e+00 0.000000000000000000e+00 0.000000000000000000e+00 0.000000000000000000e+00 0.000000000000000000e+00 0.000000000000000000e+00 0.000000000000000000e+00 0.000000000000000000e+00 0.000000000000000000e+00 0.000000000000000000e+00 0.000000000000000000e+00 0.000000000000000000e+00 0.000000000000000000e+00 0.000000000000000000e+00 0.000000000000000000e+00 0.000000000000000000e+00 0.000000000000000000e+00 0.000000000000000000e+00 0.000000000000000000e+00 0.000000000000000000e+00
6.035357683984382549e-01 6.129492320153739229e+02 3.384636407005799356e+03 -1.083921394015250117e+00 8.997324408762839312e+02 4.340699719092495457e+01 2.859382448780510799e+02 -2.311723925299214955e+02 1.707257085873572180e+02 6.466325955356508075e+02 -1.592612577492174637e+02 1.524562056921946862e+01 -5.179596035920965846e+00 8.158263067282722432e+02 -3.493045965082045257e+01 6.140268579299047360e+02 1.094738659045840450e+03 5.106909910605246523e+02 0.000000000000000000e+00 1.823192099514399729e-09 4.919897879676425833e-06 5.901821297668574922e-05 2.425463398313607835e-04 6.595073109958542179e-04 1.500249859974391769e-03 3.107027292587246151e-03 6.095350740926678765e-03 1.135505670652241748e-02 2.043258687546571639e-02 3.600637211540669985e-02 6.178380360842766067e-02 1.034149225497802554e-01 1.696340111642050952e-01 2.747469308570920643e-01 4.338805332130177828e-01 6.713044592979289238e-01 1.020431481315738687e+00 1.517430256141852007e+00 2.195750792911102423e+00 3.092020920787262650e+00 4.241171248732704235e+00 5.606226694172861791e+00 7.152562009809290799e+00 8.814684689781124405e+00 1.053372138618349041e+01 1.234139923937553895e+01 1.442908710858471721e+01 1.719150635007211037e+01 2.088849046831106193e+01 2.519700307805695161e+01 2.858743546759514231e+01 2.890542318178114556e+01 2.650943599330634370e+01 2.467537204348586499e+01 2.560532690450489213e+01 2.566248919672662865e+01 2.103571835989789207e+01 1.667860825130222224e+01 1.474494518075828076e+01 1.100284976257722036e+01 8.054286835074153217e+00 5.871784854053823111e+00 1.904365510556553787e+00 0.000000000000000000e+00 0.000000000000000000e+00 0.000000000000000000e+00 0.000000000000000000e+00 0.000000000000000000e+00 0.000000000000000000e+00 0.000000000000000000e+00 0.000000000000000000e+00 0.000000000000000000e+00 0.000000000000000000e+00 0.000000000000000000e+00 0.000000000000000000e+00 0.000000000000000000e+00 0.000000000000000000e+00 0.000000000000000000e+00 0.000000000000000000e+00 0.000000000000000000e+00 0.000000000000000000e+00 0.000000000000000000e+00 0.000000000000000000e+00 0.000000000000000000e+00 0.000000000000000000e+00 0.000000000000000000e+00 0.000000000000000000e+00 0.000000000000000000e+00 0.000000000000000000e+00 0.000000000000000000e+00 0.000000000000000000e+00 0.000000000000000000e+00 0.000000000000000000e+00 0.000000000000000000e+00 0.000000000000000000e+00 0.000000000000000000e+00 0.000000000000000000e+00 0.000000000000000000e+00 0.000000000000000000e+00 0.000000000000000000e+00 0.000000000000000000e+00 0.000000000000000000e+00 0.000000000000000000e+00 0.000000000000000000e+00 0.000000000000000000e+00 0.000000000000000000e+00 0.000000000000000000e+00 0.000000000000000000e+00
2.251156033245031440e-01 3.478634148239498103e+01 1.632895473548947791e+02 -2.942779074916287985e-01 4.340699719092495457e+01 6.704583922714503785e+01 8.586147979725458512e+00 4.563030126231658379e+00 -2.919923101640495133e+01 -6.535060316716162276e+00 4.282470266092075661e+01 -1.397374393112534463e+01 -3.421302995048024709e+00 -5.656226422403185694e+01 -1.982387503048511412e+00 3.484749934196173626e+01 6.212904893009574891e+01 1.533501901093505282e+01 0.000000000000000000e+00 -2.781247373147892644e-09 -7.315609351060205018e-06 -8.542098328074110931e-05 -3.394920148356271876e-04 -8.907702229040848768e-04 -1.952629709352267026e-03 -3.890161422771913017e-03 -7.324321974139177266e-03 -1.307880360316388338e-02 -2.252282341947334579e-02 -3.787699459876450736e-02 -6.189115336929441186e-02 -9.844842660915094357e-02 -1.530672233157987505e-01 -2.339844569740566205e-01 -3.478515562296618513e-01 -5.048599962103363925e-01 -7.162470859358563979e-01 -9.887351731341903482e-01 -1.321439947019913408e+00 -1.707576274805201466e+00 -2.127600438206473488e+00 -2.532894769126682988e+00 -2.876489025289486801e+00 -3.104797821254428491e+00 -3.179187796470999583e+00 -3.109878712843989756e+00 -2.916532604215959168e+00 -2.603390581812766946e+00 -2.113639697605666168e+00 -1.297637691786837300e+00 -5.836627940814086840e-02 1.388184632535249374e+00 2.584724054655208825e+00 3.649153406305468916e+00 5.088602292442527819e+00 6.368730341940628037e+00 6.246445656345742670e+00 5.798514441425999699e+00 5.873228863055632409e+00 4.917969061998769043e+00 4.007758936702986219e+00 3.212151841620649595e+00 1.110891391917070425e+00 0.000000000000000000e+00 0.000000000000000000e+00 0.000000000000000000e+00 0.000000000000000000e+00 0.000000000000000000e+00 0.000000000000000000e+00 0.000000000000000000e+00 0.000000000000000000e+00 0.000000000000000000e+00 0.000000000000000000e+00 0.000000000000000000e+00 0.000000000000000000e+00 0.000000000000000000e+00 0.000000000000000000e+00 0.000000000000000000e+00 0.000000000000000000e+00 0.000000000000000000e+00 0.000000000000000000e+00 0.000000000000000000e+00 0.000000000000000000e+00 0.000000000000000000e+00 0.000000000000000000e+00 0.000000000000000000e+00 0.000000000000000000e+00 0.000000000000000000e+00 0.000000000000000000e+00 0.000000000000000000e+00 0.000000000000000000e+00 0.000000000000000000e+00 0.000000000000000000e+00 0.000000000000000000e+00 0.000000000000000000e+00 0.000000000000000000e+00 0.000000000000000000e+00 0.000000000000000000e+00 0.000000000000000000e+00 0.000000000000000000e+00 0.000000000000000000e+00 0.000000000000000000e+00 0.000000000000000000e+00 0.000000000000000000e+00 0.000000000000000000e+00 0.000000000000000000e+00 0.000000000000000000e+00 0.000000000000000000e+00
1.985197144626404120e-01 1.747042041681873741e+02 1.075649770755199597e+03 -4.209566803704556381e-01 2.859382448780510799e+02 8.586147979725458512e+00 1.109414000301184586e+02 -8.828648108639040970e+01 2.757960038442980633e+01 1.916268182770784279e+02 -4.188803897911064666e+01 5.414484847843963777e+00 -1.755706590091904440e+00 2.526395472093734043e+02 -9.955960193408817105e+00 1.750113515924040541e+02 3.120249381370546189e+02 1.981433912598390066e+02 0.000000000000000000e+00 8.998083325958805560e-10 2.273788453089650901e-06 2.572820135725993509e-05 9.980025595164514576e-05 2.592685282961826776e-04 5.697217723800634742e-04 1.150013068527618336e-03 2.212013183390502524e-03 4.061715091795249817e-03 7.226456969323430575e-03 1.261650388705848336e-02 2.148054488201461484e-02 3.571539735140819016e-02 5.823963338147953445e-02 9.379492850665117898e-02 1.473550145268444911e-01 2.269355510506178009e-01 3.435707627182704726e-01 5.091180230594612999e-01 7.347772940341295023e-01 1.032896857704155735e+00 1.415361869695361152e+00 1.871448392814831330e+00 2.389765954444681650e+00 2.949574315446024553e+00 3.531463030410384452e+00 4.143613163361306029e+00 4.848423424371059554e+00 5.773808926991917723e+00 7.003661993751053139e+00 8.423817106513684649e+00 9.523235537599983758e+00 9.584741869869965569e+00 8.732545518134266160e+00 8.041234137720106645e+00 8.208283381938837664e+00 8.048853655638033899e+00 6.410632752091186326e+00 4.877693594028235324e+00 4.071677316898559162e+00 2.816904899662048933e+00 1.852208804732412561e+00 1.172057921128638602e+00 3.338941129223907400e-01 0.000000000000000000e+00 0.000000000000000000e+00 0.000000000000000000e+00 0.000000000000000000e+00 0.000000000000000000e+00 0.000000000000000000e+00 0.000000000000000000e+00 0.000000000000000000e+00 0.000000000000000000e+00 0.000000000000000000e+00 0.000000000000000000e+00 0.000000000000000000e+00 0.000000000000000000e+00 0.000000000000000000e+00 0.000000000000000000e+00 0.000000000000000000e+00 0.000000000000000000e+00 0.000000000000000000e+00 0.000000000000000000e+00 0.000000000000000000e+00 0.000000000000000000e+00 0.000000000000000000e+00 0.000000000000000000e+00 0.000000000000000000e+00 0.000000000000000000e+00 0.000000000000000000e+00 0.000000000000000000e+00 0.000000000000000000e+00 0.000000000000000000e+00 0.000000000000000000e+00 0.000000000000000000e+00 0.000000000000000000e+00 0.000000000000000000e+00 0.000000000000000000e+00 0.000000000000000000e+00 0.000000000000000000e+00 0.000000000000000000e+00 0.000000000000000000e+00 0.000000000000000000e+00 0.000000000000000000e+00 0.000000000000000000e+00 0.000000000000000000e+00 0.000000000000000000e+00 0.000000000000000000e+00 0.000000000000000000e+00
-1.535847154948016546e-01 -1.426510096180107894e+02 -8.696301928263968648e+02 3.025640696424297116e-01 -2.311723925299214955e+02 4.563030126231658379e+00 -8.828648108639040970e+01 7.816858185971723572e+01 -2.263496287085545333e+01 -1.623940143593926280e+02 3.899478295853649712e+01 -6.182652824325901797e+00 1.157453998123187944e+00 -2.208919445691296630e+02 8.129327969344364746e+00 -1.429018043277013987e+02 -2.547773401514589580e+02 -1.576812872390821383e+02 -0.000000000000000000e+00 -9.444392022606445487e-10 -2.410095044568670640e-06 -2.801486382199749989e-05 -1.132661658447206701e-04 -3.066560176904298903e-04 -6.985000090541687752e-04 -1.450489850706385879e-03 -2.852998412066755102e-03 -5.318146181558503632e-03 -9.565941766719415068e-03 -1.682137413552433486e-02 -2.872413499862245048e-02 -4.776661706651567224e-02 -7.766082624567918757e-02 -1.243795666175037534e-01 -1.934754141522266602e-01 -2.942073886838775798e-01 -4.377369629364650239e-01 -6.330939953270592335e-01 -8.870579973130483520e-01 -1.202214481631418197e+00 -1.576119541407664082e+00 -1.978472534421127138e+00 -2.393560181913024998e+00 -2.803443686355240771e+00 -3.278685425749940041e+00 -4.059411417033134128e+00 -4.638228152853327124e+00 -5.372279509650198293e+00 -6.330362060753286890e+00 -7.352792473084558189e+00 -7.988565560462004278e+00 -7.727733822215104631e+00 -6.744019495789570051e+00 -5.986295000375472242e+00 -5.997368505368961600e+00 -5.815634257070234625e+00 -4.241989764863573598e+00 -2.885996625038863783e+00 -2.509871118441596494e+00 -1.464933464969434329e+00 -8.013526401303979751e-01 -4.397309501274525578e-01 -6.535100756186715265e-02 -0.000000000000000000e+00 -0.000000000000000000e+00 -0.000000000000000000e+00 -0.000000000000000000e+00 -0.000000000000000000e+00 -0.000000000000000000e+00 -0.000000000000000000e+00 -0.000000000000000000e+00 -0.000000000000000000e+00 -0.000000000000000000e+00 -0.000000000000000000e+00 -0.000000000000000000e+00 -0.000000000000000000e+00 -0.000000000000000000e+00 -0.000000000000000000e+00 -0.000000000000000000e+00 -0.000000000000000000e+00 -0.000000000000000000e+00 -0.000000000000000000e+00 -0.000000000000000000e+00 -0.000000000000000000e+00 -0.000000000000000000e+00 -0.000000000000000000e+00 -0.000000000000000000e+00 -0.000000000000000000e+00 -0.000000000000000000e+00 -0.000000000000000000e+00 -0.000000000000000000e+00 -0.000000000000000000e+00 -0.000000000000000000e+00 -0.000000000000000000e+00 -0.000000000000000000e+00 -0.000000000000000000e+00 -0.000000000000000000e+00 -0.000000000000000000e+00 -0.000000000000000000e+00 -0.000000000000000000e+00 -0.000000000000000000e+00 -0.000000000000000000e+00 -0.000000000000000000e+00 -0.000000000000000000e+00 -0.000000000000000000e+00 -0.000000000000000000e+00 -0.000000000000000000e+00 -0.000000000000000000e+00
6.650976075870244919e-02 1.430178213504042048e+02 6.422403179481301549e+02 1.954677059296746344e-01 1.707257085873572180e+02 -2.919923101640495133e+01 2.757960038442980633e+01 -2.263496287085545333e+01 1.246098097788978123e+02 1.779461180510650138e+02 -9.647140791186514264e+01 1.600201273237269461e+01 2.516572613335027242e+00 2.488843923921285750e+02 -8.150231662095043461e+00 1.432692609517235383e+02 2.554324726862078307e+02 4.925767610899551840e+01 0.000000000000000000e+00 1.379680575366413211e-09 3.908146592806536657e-06 4.795311032185045716e-05 1.983808902717152430e-04 5.360456364820511679e-04 1.204941958361311922e-03 2.458510583293722039e-03 4.744333784854884960e-03 8.681884592998291919e-03 1.534766292116410656e-02 2.654253447314672970e-02 4.460569282662741469e-02 7.307521839730549140e-02 1.171059867283324174e-01 1.848569842990955281e-01 2.833329370601019859e-01 4.245683782943915352e-01 6.219185004114123894e-01 8.835656805793005164e-01 1.213877343236714701e+00 1.607466922645609309e+00 2.047998060196945858e+00 2.481492118190463447e+00 2.879030998616852077e+00 3.214545758815583465e+00 3.637186568635403905e+00 4.616474240865624523e+00 5.088892154230338249e+00 5.639604527647696486e+00 6.312811885990632810e+00 6.860062309272365155e+00 6.828078266905552418e+00 5.904333234476414560e+00 4.435309483740129011e+00 3.279857004898357964e+00 2.709028057848183568e+00 2.066799983770261306e+00 6.019847329972140004e-01 -3.790050498219874053e-01 -4.620207664615870735e-01 -7.751891018497992780e-01 -7.135332141691380636e-01 -4.494959605746518538e-01 -1.333687631413738583e-01 0.000000000000000000e+00 0.000000000000000000e+00 0.000000000000000000e+00 0.000000000000000000e+00 0.000000000000000000e+00 0.000000000000000000e+00 0.000000000000000000e+00 0.000000000000000000e+00 0.000000000000000000e+00 0.000000000000000000e+00 0.000000000000000000e+00 0.000000000000000000e+00 0.000000000000000000e+00 0.000000000000000000e+00 0.000000000000000000e+00 0.000000000000000000e+00 0.000000000000000000e+00 0.000000000000000000e+00 0.000000000000000000e+00 0.000000000000000000e+00 0.000000000000000000e+00 0.000000000000000000e+00 0.000000000000000000e+00 0.000000000000000000e+00 0.000000000000000000e+00 0.000000000000000000e+00 0.000000000000000000e+00 0.000000000000000000e+00 0.000000000000000000e+00 0.000000000000000000e+00 0.000000000000000000e+00 0.000000000000000000e+00 0.000000000000000000e+00 0.000000000000000000e+00 0.000000000000000000e+00 0.000000000000000000e+00 0.000000000000000000e+00 0.000000000000000000e+00 0.000000000000000000e+00 0.000000000000000000e+00 0.000000000000000000e+00 0.000000000000000000e+00 0.000000000000000000e+00 0.000000000000000000e+00 0.000000000000000000e+00
3.965588470951868505e-01 4.544151741960500885e+02 2.432518963832227200e+03 -4.929879257915670276e-01 6.466325955356508075e+02 -6.535060316716162276e+00 1.916268182770784279e+02 -1.623940143593926280e+02 1.779461180510650138e+02 5.053932506877665674e+02 -1.616971485304543990e+02 2.168935942533610728e+01 -1.140367497170459599e+00 6.639757411395389681e+02 -2.589599607586677621e+01 4.552140814172233831e+02 8.115939012009212092e+02 3.422490397583336517e+02 0.000000000000000000e+00 2.303468857057631704e-09 6.285511044922379111e-06 7.604236162937813689e-05 3.145951142630037684e-04 8.579757128761935931e-04 1.952991039828491041e-03 4.038583638765681078e-03 7.899164157056288299e-03 1.464291708342084671e-02 2.620158342561764234e-02 4.585835682840117694e-02 7.800612881595317405e-02 1.293184202783421721e-01 2.097709055830685732e-01 3.354275999334151992e-01 5.214665970730176792e-01 7.930956058809682796e-01 1.181327442272898987e+00 1.712609813729181862e+00 2.407614810193590138e+00 3.277424806363964827e+00 4.320278749578532640e+00 5.457407305374032624e+00 6.642492741502458387e+00 7.818159592906676281e+00 9.132983239641683681e+00 1.114641710065190949e+01 1.271818810617518380e+01 1.472080523805810337e+01 1.733886121740778208e+01 2.014602986644043625e+01 2.188984789188215530e+01 2.114524392746574932e+01 1.843095023611603267e+01 1.634750176195696980e+01 1.635761140316916951e+01 1.585902675855847477e+01 1.185260083861113678e+01 8.464571190032287973e+00 7.479110209403340370e+00 5.010187613188957556e+00 3.414355470470724629e+00 2.487899979848837706e+00 7.643012140750001793e-01 0.000000000000000000e+00 0.000000000000000000e+00 0.000000000000000000e+00 0.000000000000000000e+00 0.000000000000000000e+00 0.000000000000000000e+00 0.000000000000000000e+00 0.000000000000000000e+00 0.000000000000000000e+00 0.000000000000000000e+00 0.000000000000000000e+00 0.000000000000000000e+00 0.000000000000000000e+00 0.000000000000000000e+00 0.000000000000000000e+00 0.000000000000000000e+00 0.000000000000000000e+00 0.000000000000000000e+00 0.000000000000000000e+00 0.000000000000000000e+00 0.000000000000000000e+00 0.000000000000000000e+00 0.000000000000000000e+00 0.000000000000000000e+00 0.000000000000000000e+00 0.000000000000000000e+00 0.000000000000000000e+00 0.000000000000000000e+00 0.000000000000000000e+00 0.000000000000000000e+00 0.000000000000000000e+00 0.000000000000000000e+00 0.000000000000000000e+00 0.000000000000000000e+00 0.000000000000000000e+00 0.000000000000000000e+00 0.000000000000000000e+00 0.000000000000000000e+00 0.000000000000000000e+00 0.000000000000000000e+00 0.000000000000000000e+00 0.000000000000000000e+00 0.000000000000000000e+00 0.000000000000000000e+00 0.000000000000000000e+00
-6.050265641732000682e-02 -1.172341338579396108e+02 -5.991130548527768269e+02 -1.609401979799703342e-01 -1.592612577492174921e+02 4.282470266092075661e+01 -4.188803897911064666e+01 3.899478295853649712e+01 -9.647140791186514264e+01 -1.616971485304543990e+02 8.922623104795228244e+01 -1.751169719073849862e+01 -2.625755370885217932e+00 -2.436183646443808755e+02 6.680883127888368023e+00 -1.174402431637584954e+02 -2.093823302005905020e+02 -7.481281193758199777e+01 0.000000000000000000e+00 -1.803570538366359788e-09 -4.895417632073581935e-06 -5.861756398277692757e-05 -2.389427205089168695e-04 -6.416848967142950531e-04 -1.440077095650908528e-03 -2.939963837106937018e-03 -5.682413270916159172e-03 -1.041650433229063255e-02 -1.844553868883824083e-02 -3.194631854408404303e-02 -5.373444402440046008e-02 -8.806759765727006917e-02 -1.411055685128558279e-01 -2.225637283329967853e-01 -3.405195380911095193e-01 -5.089962490683904717e-01 -7.429186380473620233e-01 -1.049894915267442608e+00 -1.432675413272110454e+00 -1.880570899109354155e+00 -2.368625326292197464e+00 -2.828401305246113218e+00 -3.226421632665718242e+00 -3.536840471026615695e+00 -3.972676720581609811e+00 -5.173438787043600051e+00 -5.663252695752883703e+00 -6.211494893843505061e+00 -6.861105978088622770e+00 -7.308277096735151801e+00 -7.069646613981730887e+00 -5.882204459839583954e+00 -4.149282401499622353e+00 -2.776816859666224602e+00 -1.991778061257611920e+00 -1.154162102678886415e+00 5.894545470237687601e-01 1.739575185642354249e+00 1.768043726609223709e+00 2.124163143738874382e+00 1.971105937352475079e+00 1.532937614515093028e+00 5.584992647479400940e-01 0.000000000000000000e+00 0.000000000000000000e+00 0.000000000000000000e+00 0.000000000000000000e+00 0.000000000000000000e+00 0.000000000000000000e+00 0.000000000000000000e+00 0.000000000000000000e+00 0.000000000000000000e+00 0.000000000000000000e+00 0.000000000000000000e+00 0.000000000000000000e+00 0.000000000000000000e+00 0.000000000000000000e+00 0.000000000000000000e+00 0.000000000000000000e+00 0.000000000000000000e+00 0.000000000000000000e+00 0.000000000000000000e+00 0.000000000000000000e+00 0.000000000000000000e+00 0.000000000000000000e+00 0.000000000000000000e+00 0.000000000000000000e+00 0.000000000000000000e+00 0.000000000000000000e+00 0.000000000000000000e+00 0.000000000000000000e+00 0.000000000000000000e+00 0.000000000000000000e+00 0.000000000000000000e+00 0.000000000000000000e+00 0.000000000000000000e+00 0.000000000000000000e+00 0.000000000000000000e+00 0.000000000000000000e+00 0.000000000000000000e+00 0.000000000000000000e+00 0.000000000000000000e+00 0.000000000000000000e+00 0.000000000000000000e+00 0.000000000000000000e+00 0.000000000000000000e+00 0.000000000000000000e+00 0.000000000000000000e+00
-1.269096663371170434e-03 9.816134175864165812e+00 5.735136367398350643e+01 6.417045706466141530e-02 1.524562056921946684e+01 -1.397374393112534463e+01 5.414484847843963777e+00 -6.182652824325901797e+00 1.600201273237269461e+01 2.168935942533609662e+01 -1.751169719073849862e+01 4.294673543975257246e+00 8.267699627072099267e-01 3.973237587240947732e+01 -5.593971912317574624e-01 9.833391919272445492e+00 1.753179709413527121e+01 9.670370027650267986e+00 0.000000000000000000e+00 4.760503354475863628e-10 1.268195229631664807e-06 1.499099705783734198e-05 6.049854154522904580e-05 1.614233719588857325e-04 3.607555903789453678e-04 7.343572201450902434e-04 1.416185593913588808e-03 2.590716101718210963e-03 4.578926655771917327e-03 7.913956292590352756e-03 1.327742195329534129e-02 2.169854712924801712e-02 3.464686069557591092e-02 5.442126081182969977e-02 8.282014498506114208e-02 1.230348256854737893e-01 1.781971099298681194e-01 2.492328795701335420e-01 3.357799496319151533e-01 4.335133356762743140e-01 5.341037698347556040e-01 6.193196018582594053e-01 6.809405855138301877e-01 7.141136052369030374e-01 7.825537844337345783e-01 1.069416150742225291e+00 1.142423473849413451e+00 1.210103913205719195e+00 1.276355730449746373e+00 1.264929032776783036e+00 1.088480706765056594e+00 7.422123452083025930e-01 3.272049526381543560e-01 -5.579700758826080034e-03 -2.627340882392372179e-01 -5.094858728624905853e-01 -8.711224766800461650e-01 -1.073882335753230999e+00 -1.030000492452306959e+00 -1.027188894304512878e+00 -8.980520260434412538e-01 -7.053229927795271470e-01 -2.547134742339282609e-01 0.000000000000000000e+00 0.000000000000000000e+00 0.000000000000000000e+00 0.000000000000000000e+00 0.000000000000000000e+00 0.000000000000000000e+00 0.000000000000000000e+00 0.000000000000000000e+00 0.000000000000000000e+00 0.000000000000000000e+00 0.000000000000000000e+00 0.000000000000000000e+00 0.000000000000000000e+00 0.000000000000000000e+00 0.000000000000000000e+00 0.000000000000000000e+00 0.000000000000000000e+00 0.000000000000000000e+00 0.000000000000000000e+00 0.000000000000000000e+00 0.000000000000000000e+00 0.000000000000000000e+00 0.000000000000000000e+00 0.000000000000000000e+00 0.000000000000000000e+00 0.000000000000000000e+00 0.000000000000000000e+00 0.000000000000000000e+00 0.000000000000000000e+00 0.000000000000000000e+00 0.000000000000000000e+00 0.000000000000000000e+00 0.000000000000000000e+00 0.000000000000000000e+00 0.000000000000000000e+00 0.000000000000000000e+00 0.000000000000000000e+00 0.000000000000000000e+00 0.000000000000000000e+00 0.000000000000000000e+00 0.000000000000000000e+00 0.000000000000000000e+00 0.000000000000000000e+00 0.000000000000000000e+00 0.000000000000000000e+00
-6.152841914043236972e-03 -3.418893470610178120e+00 -1.948473626191232455e+01 2.614740663927653946e-02 -5.179596035920964070e+00 -3.421302995048024709e+00 -1.755706590091904440e+00 1.157453998123187944e+00 2.516572613335027242e+00 -1.140367497170458488e+00 -2.625755370885218820e+00 8.267699627072102597e-01 2.438650766392049252e-01 1.196159731991500053e+00 1.948342769480899683e-01 -3.424904226494209336e+00 -6.106206938427959585e+00 -3.135724424999276394e+00 0.000000000000000000e+00 8.635212791111778072e-11 2.315675563634351596e-07 2.737787963252655451e-06 1.099854060665313773e-05 2.913615815909201083e-05 6.460564434487833861e-05 1.304895804812188553e-04 2.497238431986596383e-04 4.534508123140661541e-04 7.957688972426919024e-04 1.365434103584805669e-03 2.273097276091155979e-03 3.685225137985386444e-03 5.833376592862939657e-03 9.073325672869766989e-03 1.364798522141161090e-02 2.001209728946078820e-02 2.852775414537660204e-02 3.906986620065935889e-02 5.127007078473969776e-02 6.390129512277543944e-02 7.490535563768578597e-02 8.078606690512013522e-02 8.007742107288134958e-02 7.228789052639535140e-02 7.118607985677916083e-02 1.147229875869373028e-01 1.109166230320878382e-01 9.968282257363722532e-02 7.936352179903501114e-02 3.665715599577232253e-02 -3.307360946785132400e-02 -1.110582805113331795e-01 -1.785271411095935290e-01 -2.338844479600973858e-01 -2.997742298168493691e-01 -3.556292115681072286e-01 -3.884607148631450957e-01 -3.893697484688954380e-01 -3.638192226700138199e-01 -3.247942696231069237e-01 -2.673700885788928283e-01 -2.045387832707085130e-01 -7.095046855975971345e-02 0.000000000000000000e+00 0.000000000000000000e+00 0.000000000000000000e+00 0.000000000000000000e+00 0.000000000000000000e+00 0.000000000000000000e+00 0.000000000000000000e+00 0.000000000000000000e+00 0.000000000000000000e+00 0.000000000000000000e+00 0.000000000000000000e+00 0.000000000000000000e+00 0.000000000000000000e+00 0.000000000000000000e+00 0.000000000000000000e+00 0.000000000000000000e+00 0.000000000000000000e+00 0.000000000000000000e+00 0.000000000000000000e+00 0.000000000000000000e+00 0.000000000000000000e+00 0.000000000000000000e+00 0.000000000000000000e+00 0.000000000000000000e+00 0.000000000000000000e+00 0.000000000000000000e+00 0.000000000000000000e+00 0.000000000000000000e+00 0.000000000000000000e+00 0.000000000000000000e+00 0.000000000000000000e+00 0.000000000000000000e+00 0.000000000000000000e+00 0.000000000000000000e+00 0.000000000000000000e+00 0.000000000000000000e+00 0.000000000000000000e+00 0.000000000000000000e+00 0.000000000000000000e+00 0.000000000000000000e+00 0.000000000000000000e+00 0.000000000000000000e+00 0.000000000000000000e+00 0.000000000000000000e+00 0.000000000000000000e+00
4.685243332573747477e-01 5.624285620405304371e+02 3.068996174969836375e+03 -4.115826042374458038e-01 8.158263067282722432e+02 -5.656226422403185694e+01 2.526395472093734043e+02 -2.208919445691296630e+02 2.488843923921285750e+02 6.639757411395388544e+02 -2.436183646443809039e+02 3.973237587240947732e+01 1.196159731991497832e+00 9.138657656213109703e+02 -3.205141171028168401e+01 5.634173675759161597e+02 1.004507808571473106e+03 4.512189014815516543e+02 0.000000000000000000e+00 4.401586133238667928e-09 1.183908895880621257e-05 1.415722358141547352e-04 5.794403703060775450e-04 1.567129015191319995e-03 3.544443251025147269e-03 7.291947186213988685e-03 1.419957326750983205e-02 2.621532054470663425e-02 4.673346533386964208e-02 8.148087483375604512e-02 1.380114356768968320e-01 2.277797987440741412e-01 3.676664020293082258e-01 5.846205232494114945e-01 9.027865188935541019e-01 1.362980082517279978e+00 2.012598705820690892e+00 2.885880450520832863e+00 4.005749232717329633e+00 5.369901082965906625e+00 6.946949206027170476e+00 8.580460533455301686e+00 1.018786181491041987e+01 1.168576318254431712e+01 1.347518549851033853e+01 1.686122675795416015e+01 1.897432711013705386e+01 2.157832530983753827e+01 2.490566060763466538e+01 2.818834774605753068e+01 2.964647072912675441e+01 2.758075847971055339e+01 2.294605456954667488e+01 1.933863520412959502e+01 1.847076059341051035e+01 1.703365550353055013e+01 1.100607271236826534e+01 6.252678789861917608e+00 5.230373731193377118e+00 2.260958572247198539e+00 7.833460949494788217e-01 3.390701600819696626e-01 -5.387828411336512829e-02 0.000000000000000000e+00 0.000000000000000000e+00 0.000000000000000000e+00 0.000000000000000000e+00 0.000000000000000000e+00 0.000000000000000000e+00 0.000000000000000000e+00 0.000000000000000000e+00 0.000000000000000000e+00 0.000000000000000000e+00 0.000000000000000000e+00 0.000000000000000000e+00 0.000000000000000000e+00 0.000000000000000000e+00 0.000000000000000000e+00 0.000000000000000000e+00 0.000000000000000000e+00 0.000000000000000000e+00 0.000000000000000000e+00 0.000000000000000000e+00 0.000000000000000000e+00 0.000000000000000000e+00 0.000000000000000000e+00 0.000000000000000000e+00 0.000000000000000000e+00 0.000000000000000000e+00 0.000000000000000000e+00 0.000000000000000000e+00 0.000000000000000000e+00 0.000000000000000000e+00 0.000000000000000000e+00 0.000000000000000000e+00 0.000000000000000000e+00 0.000000000000000000e+00 0.000000000000000000e+00 0.000000000000000000e+00 0.000000000000000000e+00 0.000000000000000000e+00 0.000000000000000000e+00 0.000000000000000000e+00 0.000000000000000000e+00 0.000000000000000000e+00 0.000000000000000000e+00 0.000000000000000000e+00 0.000000000000000000e+00
