2.086659086260346241e-01 1.939463552587544104e+00 2.505950805731188424e+01 -5.796778694544116491e-03 1.936565965666342981e+00 8.540380187852905092e-01 5.606940222342405855e-01 6.338683547534017526e-01 1.560066509642059063e-01 2.371499371942072720e+00 6.855944881285191972e-01
1.939463552587544104e+00 1.429248599776270339e+03 1.800565047840678744e+04 -2.066024354781702321e+00 1.391453089438933148e+03 4.169369732515053784e+02 3.593521700920049398e+02 3.065632973584062029e+02 2.958985828778442055e+02 1.747628694644168490e+03 4.394016296631301088e+02
2.505950805731188424e+01 1.800565047840678744e+04 2.336894015203009476e+05 -3.136147618724693942e+01 1.805921091851218807e+04 5.397547813069804761e+03 5.326868922013353767e+03 4.480714612755226881e+03 2.900351223687909624e+03 2.201659770506192581e+04 6.513484765474703636e+03
-5.796778694544116491e-03 -2.066024354781702321e+00 -3.136147618724693942e+01 8.567135895727615372e-03 -2.423573809923892597e+00 -8.496472100407661543e-01 -1.141773260595429162e+00 -9.298683957618577578e-01 4.250728669034092855e-01 -2.526252918362421607e+00 -1.396115212781288362e+00
1.936565965666342981e+00 1.391453089438933148e+03 1.805921091851218807e+04 -2.423573809923892597e+00 1.395592170109512381e+03 4.171154265655217159e+02 4.116534544231347468e+02 3.462637574959805988e+02 2.241353443741637932e+02 1.701413838527052121e+03 5.033535728577106170e+02
8.540380187852905092e-01 4.169369732515053784e+02 5.397547813069804761e+03 -8.496472100407661543e-01 4.171154265655217159e+02 1.493119090840107219e+02 1.217453311470403463e+02 9.504609475239159622e+01 5.034442253177362403e+01 5.098140508421554387e+02 1.488653787625398195e+02
5.606940222342405855e-01 3.593521700920049398e+02 5.326868922013353767e+03 -1.141773260595429162e+00 4.116534544231347468e+02 1.217453311470403463e+02 1.836632154117274069e+02 1.492582025083959536e+02 -2.213763179896294631e+01 4.394016296631301088e+02 2.245761202455557850e+02
6.338683547534017526e-01 3.065632973584062029e+02 4.480714612755226881e+03 -9.298683957618577578e-01 3.462637574959805988e+02 9.504609475239159622e+01 1.492582025083959536e+02 1.394447790932404700e+02 -2.489632242312065458e+01 3.748534826426621862e+02 1.825070303763216657e+02
1.560066509642059063e-01 2.958985828778442055e+02 2.900351223687909624e+03 4.250728669034092855e-01 2.241353443741637932e+02 5.034442253177362403e+01 -2.213763179896294631e+01 -2.489632242312065458e+01 2.047972672559955924e+02 3.618130913144253213e+02 -2.706902114117237090e+01
2.371499371942072720e+00 1.747628694644168490e+03 2.201659770506192581e+04 -2.526252918362421607e+00 1.701413838527052121e+03 5.098140508421554387e+02 4.394016296631301088e+02 3.748534826426621862e+02 3.618130913144253213e+02 2.136931290205060577e+03 5.372829447535598320e+02
6.855944881285191972e-01 4.394016296631301088e+02 6.513484765474703636e+03 -1.396115212781288362e+00 5.033535728577106170e+02 1.488653787625398195e+02 2.245761202455557850e+02 1.825070303763216657e+02 -2.706902114117237090e+01 5.372829447535598320e+02 2.746028031333592594e+02
