9.983867323303089236e+00 -8.165950290950573276e+01 -6.716154447507884697e+02 3.599557937797555063e-01 -8.990971853044429452e+01 -4.504222385438121989e+01 -2.530839107902673035e+01 -1.621739390029278471e+00 1.702971900694953078e+01 -1.116435030179149948e+02 -3.460120788319155594e+01
-8.165950290950573276e+01 6.651402400185225997e+04 5.382620139533033362e+05 -1.520398014989312969e+02 7.205758376823684375e+04 2.536020607484769062e+04 1.913151162479639606e+04 1.369124605347072975e+04 1.038510352511723977e+04 9.093685823208757211e+04 2.615628187434873325e+04
-6.716154447507884697e+02 5.382620139533033362e+05 4.508945357840134762e+06 -1.473925838710512835e+03 6.036162675546988612e+05 2.110076420561053965e+05 1.806518455252058629e+05 1.357935096188249590e+05 4.710592446573059715e+04 7.359027992837480269e+05 2.469841738252544892e+05
3.599557937797555063e-01 -1.520398014989312969e+02 -1.473925838710512835e+03 8.943376142252819072e-01 -1.973156786803563989e+02 -7.864949065035450815e+01 -8.482770860321737416e+01 -7.098565105038176171e+01 5.732647601799752834e+01 -2.078662670320175891e+02 -1.159750207142601681e+02
-8.990971853044429452e+01 7.205758376823684375e+04 6.036162675546988612e+05 -1.973156786803563989e+02 8.080661208793117839e+04 2.824776864992562332e+04 2.418401290518787573e+04 1.817879014473840289e+04 6.306109311410733426e+03 9.851592018393673061e+04 3.306397689877856465e+04
-4.504222385438121989e+01 2.536020607484769062e+04 2.110076420561053965e+05 -7.864949065035450815e+01 2.824776864992562332e+04 1.120569512837190268e+04 8.269902244872417214e+03 5.814115059336249942e+03 1.020323078685173982e+03 3.467204847658486688e+04 1.130647167000816626e+04
-2.530839107902673035e+01 1.913151162479639606e+04 1.806518455252058629e+05 -8.482770860321737416e+01 2.418401290518787573e+04 8.269902244872417214e+03 9.861488743060217530e+03 8.156103642105451399e+03 -3.245301281639585341e+03 2.615628187434873325e+04 1.348246204078738992e+04
-1.621739390029278471e+00 1.369124605347072975e+04 1.357935096188249590e+05 -7.098565105038176171e+01 1.817879014473840289e+04 5.814115059336249942e+03 8.156103642105451399e+03 8.016453183839971643e+03 -4.752794359533804709e+03 1.871844201382891333e+04 1.115088812861032238e+04
1.702971900694953078e+01 1.038510352511723977e+04 4.710592446573059715e+04 5.732647601799752834e+01 6.306109311410733426e+03 1.020323078685173982e+03 -3.245301281639585341e+03 -4.752794359533804709e+03 1.451423550822383368e+04 1.419833939024408392e+04 -4.436921491333207086e+03
-1.116435030179149948e+02 9.093685823208757211e+04 7.359027992837480269e+05 -2.078662670320175891e+02 9.851592018393673061e+04 3.467204847658486688e+04 2.615628187434873325e+04 1.871844201382891333e+04 1.419833939024408392e+04 1.243273476416418125e+05 3.576042996015298559e+04
-3.460120788319155594e+01 2.615628187434873325e+04 2.469841738252544892e+05 -1.159750207142601681e+02 3.306397689877856465e+04 1.130647167000816626e+04 1.348246204078738992e+04 1.115088812861032238e+04 -4.436921491333207086e+03 3.576042996015298559e+04 1.843299601281742071e+04
