1.512416840934907825e+01 -1.474009353227649513e+02 -1.130924568341840995e+03 6.062475886245055623e-01 -1.614338844947342011e+02 -8.027174021611158139e+01 -4.209734441142060035e+01 -5.202043777962046534e+00 2.084675901162691858e+01 -2.051563729708009589e+02 -5.859215528204194356e+01
-1.474009353227649513e+02 1.110801102202932525e+05 8.251859703343802830e+05 -2.287530000688485075e+02 1.177912129161293269e+05 4.168892891793856688e+04 2.696369904759166820e+04 2.110721186446182764e+04 2.020774002696782918e+04 1.546041242688953644e+05 3.752876253035420086e+04
-1.130924568341840995e+03 8.251859703343802830e+05 6.362937924331025220e+06 -2.106209116695835291e+03 9.082778946341990959e+05 3.208810445038844482e+05 2.412546742169403587e+05 1.926710288119575416e+05 9.270342610249407880e+04 1.148514833569353214e+06 3.357843952361648553e+05
6.062475886245055623e-01 -2.287530000688485075e+02 -2.106209116695835291e+03 1.445909557113245869e+00 -3.006509264936728414e+02 -1.236303325609046624e+02 -1.270797991366385702e+02 -1.067565551652222098e+02 9.570487477088713035e+01 -3.183842470032572010e+02 -1.768728984768130204e+02
-1.614338844947342011e+02 1.177912129161293269e+05 9.082778946341990959e+05 -3.006509264936728414e+02 1.296521738372715336e+05 4.580418086675784434e+04 3.443791062781118671e+04 2.750283571636897614e+04 1.323295523028427488e+04 1.639448077910008433e+05 4.793156041801031824e+04
-8.027174021611158139e+01 4.168892891793856688e+04 3.208810445038844482e+05 -1.236303325609046624e+02 4.580418086675784434e+04 1.876889745058336121e+04 1.208657082751091366e+04 8.727987290527929872e+03 2.457289169799142201e+03 5.802371220449716202e+04 1.682239686740895922e+04
-4.209734441142060035e+01 2.696369904759166820e+04 2.412546742169403587e+05 -1.270797991366385702e+02 3.443791062781118671e+04 1.208657082751091366e+04 1.374649289568324639e+04 1.143197312805160436e+04 -5.191918302874621077e+03 3.752876253035420814e+04 1.913271864504717450e+04
-5.202043777962046534e+00 2.110721186446182764e+04 1.926710288119575416e+05 -1.067565551652222098e+02 2.750283571636897614e+04 8.727987290527929872e+03 1.143197312805160436e+04 1.175123647176112172e+04 -6.677045568111981993e+03 2.937755462784005067e+04 1.591131113052379806e+04
2.084675901162691858e+01 2.020774002696782918e+04 9.270342610249407880e+04 9.570487477088713035e+01 1.323295523028427488e+04 2.457289169799142201e+03 -5.191918302874621077e+03 -6.677045568111981993e+03 2.453936567646706681e+04 2.812564683386588877e+04 -7.226244022441886955e+03
-2.051563729708009589e+02 1.546041242688953644e+05 1.148514833569353214e+06 -3.183842470032572010e+02 1.639448077910008433e+05 5.802371220449716202e+04 3.752876253035420814e+04 2.937755462784005067e+04 2.812564683386588877e+04 2.151819546591095859e+05 5.223348675468598231e+04
-5.859215528204194356e+01 3.752876253035420086e+04 3.357843952361648553e+05 -1.768728984768130204e+02 4.793156041801031824e+04 1.682239686740895922e+04 1.913271864504717450e+04 1.591131113052379806e+04 -7.226244022441886955e+03 5.223348675468598231e+04 2.662940471641957993e+04
