1.636416313237865072e+00 -1.511809997374532699e+01 -1.122481265110704811e+02 6.901501944154338208e-02 -1.706633559990937599e+01 -8.577857558159891482e+00 -4.673697247149150691e+00 -6.723948875620908705e-01 2.994390446190528188e+00 -2.144003402009522929e+01 -6.628096662445793541e+00
-1.511809997374532699e+01 1.106361906447107322e+04 8.055247075513040181e+04 -2.671803100475085913e+01 1.224729126479769911e+04 4.402286017765739416e+03 3.128666624734150901e+03 2.253505030198591157e+03 1.714893874226655953e+03 1.569009131700228681e+04 4.436980770621190459e+03
-1.122481265110704811e+02 8.055247075513040181e+04 6.081185157377559226e+05 -2.346847826854097434e+02 9.245904583606345113e+04 3.301577387394193647e+04 2.674066306328163409e+04 2.031626945787435398e+04 6.537433774522610292e+03 1.142370877552059974e+05 3.792280291784768633e+04
6.901501944154338208e-02 -2.671803100475085913e+01 -2.346847826854097434e+02 1.706140319228827140e-01 -3.568174709005935341e+01 -1.459090066500649741e+01 -1.491003409608871522e+01 -1.269785833787824458e+01 1.123836133675975901e+01 -3.789070681412518127e+01 -2.114496125942255134e+01
-1.706633559990937599e+01 1.224729126479769911e+04 9.245904583606345113e+04 -3.568174709005935341e+01 1.405758077690532991e+04 5.019756627900974308e+03 4.065681487851433303e+03 3.088909218204874378e+03 9.939590283244638158e+02 1.736873957886827702e+04 5.765827026265606946e+03
-8.577857558159891482e+00 4.402286017765739416e+03 3.301577387394193647e+04 -1.459090066500649741e+01 5.019756627900974308e+03 2.038031324034864610e+03 1.421369589271378345e+03 1.005742163947547283e+03 1.301253157666342588e+02 6.243189431939194947e+03 2.015743539335619516e+03
-4.673697247149150691e+00 3.128666624734150901e+03 2.674066306328163409e+04 -1.491003409608871522e+01 4.065681487851433303e+03 1.421369589271378345e+03 1.610278511040817193e+03 1.353180925289350398e+03 -6.045170026423751324e+02 4.436980770621190459e+03 2.283648482183599299e+03
-6.723948875620908705e-01 2.253505030198591157e+03 2.031626945787435398e+04 -1.269785833787824458e+01 3.088909218204874378e+03 1.005742163947547283e+03 1.353180925289350398e+03 1.370421050767721681e+03 -8.861099074721905708e+02 3.195852957436425186e+03 1.919040429943670233e+03
2.994390446190528188e+00 1.714893874226655953e+03 6.537433774522610292e+03 1.123836133675975901e+01 9.939590283244638158e+02 1.301253157666342588e+02 -6.045170026423751324e+02 -8.861099074721905708e+02 2.656664183879760913e+03 2.432010839200963346e+03 -8.573078048754053953e+02
-2.144003402009522929e+01 1.569009131700228681e+04 1.142370877552059974e+05 -3.789070681412518127e+01 1.736873957886827702e+04 6.243189431939194947e+03 4.436980770621190459e+03 3.195852957436425186e+03 2.432010839200963346e+03 2.225121491451493785e+04 6.292392485420218691e+03
-6.628096662445793541e+00 4.436980770621190459e+03 3.792280291784768633e+04 -2.114496125942255134e+01 5.765827026265606946e+03 2.015743539335619516e+03 2.283648482183599299e+03 1.919040429943670233e+03 -8.573078048754053953e+02 6.292392485420218691e+03 3.238601493109824332e+03
