0.0155985693832424270055536652535010944120585918426513671875000000 0.1431210702184628480448935761160100810229778289794921875000000000 1.7105067786530367968111931986641138792037963867187500000000000000 -0.0004406714517285862959400377647511959366966038942337036132812500 0.1449882174327915551614864853036124259233474731445312500000000000 0.0638169314321093555930630714101425837725400924682617187500000000 0.0420492462118620471955843242994887987151741981506347656250000000 0.0472824309376992032993847203670156886801123619079589843750000000 0.0111704024635435085477386252250653342343866825103759765625000000 0.1775541139128777867739472640096209943294525146484375000000000000 0.0521657407987190027687240956311143236234784126281738281250000000
0.1431210702184628480448935761160100810229778289794921875000000000 114.0580632450789124732182244770228862762451171875000000000000000000 1328.8788224122654355596750974655151367187500000000000000000000000000 -0.1810436472945196051398397685261443257331848144531250000000000000 112.6401684286007878199598053470253944396972656250000000000000000000 35.2363478166522128276483272202312946319580078125000000000000000000 29.2432895195967077484056062530726194381713867187500000000000000000 24.1796874675625019790459191426634788513183593750000000000000000000 22.4437642962319401362947246525436639785766601562500000000000000000 141.4989304033759935919078998267650604248046875000000000000000000000 36.2788396608840386647898412775248289108276367187500000000000000000
1.7105067786530367968111931986641138792037963867187500000000000000 1328.8788224122654355596750974655151367187500000000000000000000000000 15965.0751082744682207703590393066406250000000000000000000000000000000 -2.5422969370410331002574366721091791987419128417968750000000000000 1353.2526208122524167265510186553001403808593750000000000000000000000 422.0098302895189590344671159982681274414062500000000000000000000000 400.7612330834955969294242095202207565307617187500000000000000000000 329.7589917689010121648607309907674789428710937500000000000000000000 195.1042723324879091251204954460263252258300781250000000000000000000 1648.5895574344347096484852954745292663574218750000000000000000000000 497.1791052299789157586928922683000564575195312500000000000000000000
-0.0004406714517285862959400377647511959366966038942337036132812500 -0.1810436472945196051398397685261443257331848144531250000000000000 -2.5422969370410331002574366721091791987419128417968750000000000000 0.0008131409832888643503256975719750698772259056568145751953125000 -0.2154935050164997756283469243498984724283218383789062500000000000 -0.0782943958844181248091231850594340357929468154907226562500000000 -0.1003109773843648411251194829674204811453819274902343750000000000 -0.0819517363803527881804811272559163626283407211303710937500000000 0.0436732492856328688435318952087982324883341789245605468750000000 -0.2246003633557740186699192008745740167796611785888671875000000000 -0.1244444768197242312535166774978279136121273040771484375000000000
0.1449882174327915551614864853036124259233474731445312500000000000 112.6401684286007878199598053470253944396972656250000000000000000000 1353.2526208122524167265510186553001403808593750000000000000000000000 -0.2154935050164997756283469243498984724283218383789062500000000000 114.7061722738840927604542230255901813507080078125000000000000000000 35.7709503384572187201229098718613386154174804687500000000000000000 33.9698488927939976633751939516514539718627929687500000000000000000 27.9514638560258248389800428412854671478271484375000000000000000000 16.5376840431377694073944439878687262535095214843750000000000000000 139.7399087766011405165045289322733879089355468750000000000000000000 42.1425469409068185200339939910918474197387695312500000000000000000
0.0638169314321093555930630714101425837725400924682617187500000000 35.2363478166522128276483272202312946319580078125000000000000000000 422.0098302895189590344671159982681274414062500000000000000000000000 -0.0782943958844181248091231850594340357929468154907226562500000000 35.7709503384572187201229098718613386154174804687500000000000000000 13.1676078493202535213413284509442746639251708984375000000000000000 10.4625118822871332469048866187222301959991455078125000000000000000 8.0270803279494788995407361653633415699005126953125000000000000000 3.7138647763490242326156476337928324937820434570312500000000000000 43.7137488181287281463482941035181283950805664062500000000000000000 12.9796543844094660613563974038697779178619384765625000000000000000
0.0420492462118620471955843242994887987151741981506347656250000000 29.2432895195967077484056062530726194381713867187500000000000000000 400.7612330834955969294242095202207565307617187500000000000000000000 -0.1003109773843648411251194829674204811453819274902343750000000000 33.9698488927939976633751939516514539718627929687500000000000000000 10.4625118822871332469048866187222301959991455078125000000000000000 14.9722851990768983654334078892134130001068115234375000000000000000 12.1795314278347639458388584898784756660461425781250000000000000000 -2.5088048086556242743938582862028852105140686035156250000000000000 36.2788396608840386647898412775248289108276367187500000000000000000 18.5744197392820851177930308040231466293334960937500000000000000000
0.0472824309376992032993847203670156886801123619079589843750000000 24.1796874675625019790459191426634788513183593750000000000000000000 329.7589917689010121648607309907674789428710937500000000000000000000 -0.0819517363803527881804811272559163626283407211303710937500000000 27.9514638560258248389800428412854671478271484375000000000000000000 8.0270803279494788995407361653633415699005126953125000000000000000 12.1795314278347639458388584898784756660461425781250000000000000000 11.3946303780773607883247677818872034549713134765625000000000000000 -3.0193335281418351989657367084873840212821960449218750000000000000 29.9970016744574685674251668388023972511291503906250000000000000000 15.1097662087233306493772033718414604663848876953125000000000000000
0.0111704024635435085477386252250653342343866825103759765625000000 22.4437642962319401362947246525436639785766601562500000000000000000 195.1042723324879091251204954460263252258300781250000000000000000000 0.0436732492856328688435318952087982324883341789245605468750000000 16.5376840431377694073944439878687262535095214843750000000000000000 3.7138647763490242326156476337928324937820434570312500000000000000 -2.5088048086556242743938582862028852105140686035156250000000000000 -3.0193335281418351989657367084873840212821960449218750000000000000 17.4974089995461810076449182815849781036376953125000000000000000000 27.8434382610763542231779865687713027000427246093750000000000000000 -3.1123901889587228808409236080478876829147338867187500000000000000
0.1775541139128777867739472640096209943294525146484375000000000000 141.4989304033759935919078998267650604248046875000000000000000000000 1648.5895574344347096484852954745292663574218750000000000000000000000 -0.2246003633557740186699192008745740167796611785888671875000000000 139.7399087766011405165045289322733879089355468750000000000000000000 43.7137488181287281463482941035181283950805664062500000000000000000 36.2788396608840386647898412775248289108276367187500000000000000000 29.9970016744574685674251668388023972511291503906250000000000000000 27.8434382610763542231779865687713027000427246093750000000000000000 175.5417086320137514121597632765769958496093750000000000000000000000 45.0070504639412263259146129712462425231933593750000000000000000000
0.0521657407987190027687240956311143236234784126281738281250000000 36.2788396608840386647898412775248289108276367187500000000000000000 497.1791052299789157586928922683000564575195312500000000000000000000 -0.1244444768197242312535166774978279136121273040771484375000000000 42.1425469409068185200339939910918474197387695312500000000000000000 12.9796543844094660613563974038697779178619384765625000000000000000 18.5744197392820851177930308040231466293334960937500000000000000000 15.1097662087233306493772033718414604663848876953125000000000000000 -3.1123901889587228808409236080478876829147338867187500000000000000 45.0070504639412263259146129712462425231933593750000000000000000000 23.0431803872065685823145031463354825973510742187500000000000000000
