0.0198202706235949578650323843476144247688353061676025390625000000 0.1806922025157738642686666707959375344216823577880859375000000000 2.1107046811040994782615598523989319801330566406250000000000000000 -0.0005571751459587853455221462262159093370428308844566345214843750 0.1835671525825037231349767807841999456286430358886718750000000000 0.0807472734594887608938762468824279494583606719970703125000000000 0.0529554091925817510544405308792192954570055007934570312500000000 0.0598080267136225432467178109163796762004494667053222656250000000 0.0143656297639991707704165690984154934994876384735107421875000000 0.2251265208295555320106018371006939560174942016601562500000000000 0.0659777614343412394104504414826806169003248214721679687500000000
0.1806922025157738642686666707959375344216823577880859375000000000 143.8278313274768436258455039933323860168457031250000000000000000000 1637.9924866551439208706142380833625793457031250000000000000000000000 -0.2285579824426994532959867001409293152391910552978515625000000000 142.4555597088713341236143605783581733703613281250000000000000000000 44.5105630480962801698296971153467893600463867187500000000000000000 36.8184236574937528985174139961600303649902343750000000000000000000 30.5168330761995356681381963426247239112854003906250000000000000000 28.5147558242178185139437118778005242347717285156250000000000000000 179.1967711633178623742423951625823974609375000000000000000000000000 45.8725031021556191035415395162999629974365234375000000000000000000
2.1107046811040994782615598523989319801330566406250000000000000000 1637.9924866551439208706142380833625793457031250000000000000000000000 19241.6896884739653614815324544906616210937500000000000000000000000000 -3.1411933558791553799949269887292757630348205566406250000000000000 1673.4421535189085261663421988487243652343750000000000000000000000000 521.2345721770319642018876038491725921630859375000000000000000000000 493.7230521188905640883604064583778381347656250000000000000000000000 407.2783430586015924745879601687192916870117187500000000000000000000 242.3492584472903956793743418529629707336425781250000000000000000000 2040.7939276374338533059926703572273254394531250000000000000000000000 615.1353042872566447840654291212558746337890625000000000000000000000
-0.0005571751459587853455221462262159093370428308844566345214843750 -0.2285579824426994532959867001409293152391910552978515625000000000 -3.1411933558791553799949269887292757630348205566406250000000000000 0.0010309564343704441004290206507221228093840181827545166015625000 -0.2731883456799784060109459460363723337650299072265625000000000000 -0.0992052581369752689566254844066861551254987716674804687500000000 -0.1267063077803200488169466098042903468012809753417968750000000000 -0.1038441617615244588757050792082736734300851821899414062500000000 0.0553085340943705941474384246703266398981213569641113281250000000 -0.2847630538492980090126138748019002377986907958984375000000000000 -0.1578648654484808566689224562651361338794231414794921875000000000
0.1835671525825037231349767807841999456286430358886718750000000000 142.4555597088713341236143605783581733703613281250000000000000000000 1673.4421535189085261663421988487243652343750000000000000000000000000 -0.2731883456799784060109459460363723337650299072265625000000000000 145.5386032366733957132964860647916793823242187500000000000000000000 45.3315649027918965430217212997376918792724609375000000000000000000 42.9388988678411038790727616287767887115478515625000000000000000000 35.4208366585321741126790584530681371688842773437500000000000000000 21.0770193016197815438772522611543536186218261718750000000000000000 177.4870419617888899210811359807848930358886718750000000000000000000 53.4980744923142879088118206709623336791992187500000000000000000000
0.0807472734594887608938762468824279494583606719970703125000000000 44.5105630480962801698296971153467893600463867187500000000000000000 521.2345721770319642018876038491725921630859375000000000000000000000 -0.0992052581369752689566254844066861551254987716674804687500000000 45.3315649027918965430217212997376918792724609375000000000000000000 16.6839333897901660463958251057192683219909667968750000000000000000 13.2090400725264665027225419180467724800109863281250000000000000000 10.1541107573373015071638292283751070499420166015625000000000000000 4.7266822489671582729897636454552412033081054687500000000000000000 55.4562292100442562059470219537615776062011718750000000000000000000 16.4572969592667845972755458205938339233398437500000000000000000000
0.0529554091925817510544405308792192954570055007934570312500000000 36.8184236574937528985174139961600303649902343750000000000000000000 493.7230521188905640883604064583778381347656250000000000000000000000 -0.1267063077803200488169466098042903468012809753417968750000000000 42.9388988678411038790727616287767887115478515625000000000000000000 13.2090400725264665027225419180467724800109863281250000000000000000 18.8536809763311765664184349589049816131591796875000000000000000000 15.3806994257627440703117827069945633411407470703125000000000000000 -3.1400130946871382953133888804586604237556457519531250000000000000 45.8725031021556191035415395162999629974365234375000000000000000000 23.4900208417199820587484282441437244415283203125000000000000000000
0.0598080267136225432467178109163796762004494667053222656250000000 30.5168330761995356681381963426247239112854003906250000000000000000 407.2783430586015924745879601687192916870117187500000000000000000000 -0.1038441617615244588757050792082736734300851821899414062500000000 35.4208366585321741126790584530681371688842773437500000000000000000 10.1541107573373015071638292283751070499420166015625000000000000000 15.3806994257627440703117827069945633411407470703125000000000000000 14.4529940718717870851151019451208412647247314453125000000000000000 -3.8293150996070384195490987622179090976715087890625000000000000000 38.0212779606876623006428417284041643142700195312500000000000000000 19.1629926551193356942803802667185664176940917968750000000000000000
0.0143656297639991707704165690984154934994876384735107421875000000 28.5147558242178185139437118778005242347717285156250000000000000000 242.3492584472903956793743418529629707336425781250000000000000000000 0.0553085340943705941474384246703266398981213569641113281250000000 21.0770193016197815438772522611543536186218261718750000000000000000 4.7266822489671582729897636454552412033081054687500000000000000000 -3.1400130946871382953133888804586604237556457519531250000000000000 -3.8293150996070384195490987622179090976715087890625000000000000000 22.2513421657947532139587565325200557708740234375000000000000000000 35.5268665810306174535071477293968200683593750000000000000000000000 -3.9121789071360226763829359697410836815834045410156250000000000000
0.2251265208295555320106018371006939560174942016601562500000000000 179.1967711633178623742423951625823974609375000000000000000000000000 2040.7939276374338533059926703572273254394531250000000000000000000000 -0.2847630538492980090126138748019002377986907958984375000000000000 177.4870419617888899210811359807848930358886718750000000000000000000 55.4562292100442562059470219537615776062011718750000000000000000000 45.8725031021556191035415395162999629974365234375000000000000000000 38.0212779606876623006428417284041643142700195312500000000000000000 35.5268665810306174535071477293968200683593750000000000000000000000 223.2633454803676045230531599372625350952148437500000000000000000000 57.1530861949051853798664524219930171966552734375000000000000000000
0.0659777614343412394104504414826806169003248214721679687500000000 45.8725031021556191035415395162999629974365234375000000000000000000 615.1353042872566447840654291212558746337890625000000000000000000000 -0.1578648654484808566689224562651361338794231414794921875000000000 53.4980744923142879088118206709623336791992187500000000000000000000 16.4572969592667845972755458205938339233398437500000000000000000000 23.4900208417199820587484282441437244415283203125000000000000000000 19.1629926551193356942803802667185664176940917968750000000000000000 -3.9121789071360226763829359697410836815834045410156250000000000000 57.1530861949051853798664524219930171966552734375000000000000000000 29.2664907100710216525385476415976881980895996093750000000000000000
