0.0498866092001474317751963383216207148507237434387207031250000000 0.0548673621428653751630477586331835482269525527954101562500000000 0.4729705609857521309002947873523226007819175720214843750000000000 0.0001736493237003577548224764193207647622330114245414733886718750 0.0639941072337497501854031156653945799916982650756835937500000000 -0.0150521638829791554181625201636052224785089492797851562500000000 0.0213500892265279899884244940722055616788566112518310546875000000 0.0640495318696680526748821193905314430594444274902343750000000000 0.0675902883607374105334741898332140408456325531005859375000000000 0.0752295331634606351256522316361952107399702072143554687500000000 0.0292734547968201697099033253834932111203670501708984375000000000
0.0548673621428653751630477586331835482269525527954101562500000000 223.6715524409937358996103284880518913269042968750000000000000000000 1834.9755305838721142208669334650039672851562500000000000000000000000 -0.3691911175680512857688597705418942496180534362792968750000000000 248.2768073994968744955258443951606750488281250000000000000000000000 54.7553358255539279753065784461796283721923828125000000000000000000 71.2124116365489499003160744905471801757812500000000000000000000000 67.0348204548015615955591783858835697174072265625000000000000000000 50.2999137375027984830921923276036977767944335937500000000000000000 306.6797056557695100309501867741346359252929687500000000000000000000 97.6404965289259507699171081185340881347656250000000000000000000000
0.4729705609857521309002947873523226007819175720214843750000000000 1834.9755305838721142208669334650039672851562500000000000000000000000 15658.3626770888877217657864093780517578125000000000000000000000000000 -3.6420304565568621946169969305628910660743713378906250000000000000 2118.6158778553672163980081677436828613281250000000000000000000000000 462.6672302297042165264429058879613876342773437500000000000000000000 686.9139931415880937493056990206241607666015625000000000000000000000 646.7275064853997719183098524808883666992187500000000000000000000000 309.0023328791000380988407414406538009643554687500000000000000000000 2515.9648129748607061628717929124832153320312500000000000000000000000 941.8389550591863326189923100173473358154296875000000000000000000000
0.0001736493237003577548224764193207647622330114245414733886718750 -0.3691911175680512857688597705418942496180534362792968750000000000 -3.6420304565568621946169969305628910660743713378906250000000000000 0.0018111754983809592693677625874215664225630462169647216796875000 -0.4927758867269209086536818631429923698306083679199218750000000000 -0.1616536118065833582679857727271155454218387603759765625000000000 -0.2217324898511951192237035002108314074575901031494140625000000000 -0.2021127462331490931557453905043075792491436004638671875000000000 0.1058084681048682557102935675175103824585676193237304687500000000 -0.5062039496344256095383684623811859637498855590820312500000000000 -0.3040210253819585761725363681762246415019035339355468750000000000
0.0639941072337497501854031156653945799916982650756835937500000000 248.2768073994968744955258443951606750488281250000000000000000000000 2118.6158778553672163980081677436828613281250000000000000000000000000 -0.4927758867269209086536818631429923698306083679199218750000000000 286.6540602274100706381432246416807174682617187500000000000000000000 62.6000406519036900476748996879905462265014648437500000000000000000 92.9411920392026473791702301241457462310791015625000000000000000000 87.5038592566634463310037972405552864074707031250000000000000000000 41.8087933095263508675998309627175331115722656250000000000000000000 340.4163711633315188009873963892459869384765625000000000000000000000 127.4331809602760046118419268168509006500244140625000000000000000000
-0.0150521638829791554181625201636052224785089492797851562500000000 54.7553358255539279753065784461796283721923828125000000000000000000 462.6672302297042165264429058879613876342773437500000000000000000000 -0.1616536118065833582679857727271155454218387603759765625000000000 62.6000406519036900476748996879905462265014648437500000000000000000 24.1930019071558106702468649018555879592895507812500000000000000000 19.7200026409564230789328576065599918365478515625000000000000000000 15.3234632015556986317506016348488628864288330078125000000000000000 1.3296955201314410999202664243057370185852050781250000000000000000 75.0759320566420456088962964713573455810546875000000000000000000000 27.0384165507813065687514608725905418395996093750000000000000000000
0.0213500892265279899884244940722055616788566112518310546875000000 71.2124116365489499003160744905471801757812500000000000000000000000 686.9139931415880937493056990206241607666015625000000000000000000000 -0.2217324898511951192237035002108314074575901031494140625000000000 92.9411920392026473791702301241457462310791015625000000000000000000 19.7200026409564230789328576065599918365478515625000000000000000000 40.1208825789115053339628502726554870605468750000000000000000000000 37.7860137412733791961727547459304332733154296875000000000000000000 -1.5964142934805127804764879329013638198375701904296875000000000000 97.6404965289259507699171081185340881347656250000000000000000000000 55.0103950442970628387229226063936948776245117187500000000000000000
0.0640495318696680526748821193905314430594444274902343750000000000 67.0348204548015615955591783858835697174072265625000000000000000000 646.7275064853997719183098524808883666992187500000000000000000000000 -0.2021127462331490931557453905043075792491436004638671875000000000 87.5038592566634463310037972405552864074707031250000000000000000000 15.3234632015556986317506016348488628864288330078125000000000000000 37.7860137412733791961727547459304332733154296875000000000000000000 40.6663849777598471746387076564133167266845703125000000000000000000 -3.8879406921819197329170947341481223702430725097656250000000000000 91.9125332721483232489845249801874160766601562500000000000000000000 51.8090183825931092087557772174477577209472656250000000000000000000
0.0675902883607374105334741898332140408456325531005859375000000000 50.2999137375027984830921923276036977767944335937500000000000000000 309.0023328791000380988407414406538009643554687500000000000000000000 0.1058084681048682557102935675175103824585676193237304687500000000 41.8087933095263508675998309627175331115722656250000000000000000000 1.3296955201314410999202664243057370185852050781250000000000000000 -1.5964142934805127804764879329013638198375701904296875000000000000 -3.8879406921819197329170947341481223702430725097656250000000000000 44.8620764719646061280400317627936601638793945312500000000000000000 68.9670303227203902451947215013206005096435546875000000000000000000 -2.1888696183589271271330289891920983791351318359375000000000000000
0.0752295331634606351256522316361952107399702072143554687500000000 306.6797056557695100309501867741346359252929687500000000000000000000 2515.9648129748607061628717929124832153320312500000000000000000000000 -0.5062039496344256095383684623811859637498855590820312500000000000 340.4163711633315188009873963892459869384765625000000000000000000000 75.0759320566420456088962964713573455810546875000000000000000000000 97.6404965289259507699171081185340881347656250000000000000000000000 91.9125332721483232489845249801874160766601562500000000000000000000 68.9670303227203902451947215013206005096435546875000000000000000000 420.4935354303547683230135589838027954101562500000000000000000000000 133.8764738241522991302190348505973815917968750000000000000000000000
0.0292734547968201697099033253834932111203670501708984375000000000 97.6404965289259507699171081185340881347656250000000000000000000000 941.8389550591863326189923100173473358154296875000000000000000000000 -0.3040210253819585761725363681762246415019035339355468750000000000 127.4331809602760046118419268168509006500244140625000000000000000000 27.0384165507813065687514608725905418395996093750000000000000000000 55.0103950442970628387229226063936948776245117187500000000000000000 51.8090183825931092087557772174477577209472656250000000000000000000 -2.1888696183589271271330289891920983791351318359375000000000000000 133.8764738241522991302190348505973815917968750000000000000000000000 75.4256479023778183545800857245922088623046875000000000000000000000
