2.495966787786007224e+00 -2.041487486467743651e+01 -1.679038541226935592e+02 8.998894493355931445e-02 -2.247742868681316963e+01 -1.126055551523915987e+01 -6.327097507502957185e+00 -4.054347657451167763e-01 4.257429653755985477e+00 -2.791087457501115310e+01 -8.650301612248993521e+00
-2.041487486467743651e+01 1.662850561898298838e+04 1.345655004834246647e+05 -3.800994946215018189e+01 1.801439553979059201e+04 6.340051357233532144e+03 4.782877810345637954e+03 3.422811452742930214e+03 2.596275825825715401e+03 2.273421403646873296e+04 6.539070337537938030e+03
-1.679038541226935592e+02 1.345655004834246647e+05 1.127236315000549890e+06 -3.684814509419566662e+02 1.509040636142632575e+05 5.275190919931467943e+04 4.516296049296210549e+04 3.394837680592473771e+04 1.177648089876512677e+04 1.839756957126865163e+05 6.174604224179095036e+04
8.998894493355931445e-02 -3.800994946215018189e+01 -3.684814509419566662e+02 2.235843978017720002e-01 -4.932891850063748507e+01 -1.966237216211697003e+01 -2.120692666041282948e+01 -1.774641236939538302e+01 1.433161862448207380e+01 -5.196656551033672145e+01 -2.899375450810998700e+01
-2.247742868681316963e+01 1.801439553979059201e+04 1.509040636142632575e+05 -4.932891850063748507e+01 2.020165258363460816e+04 7.061941986479861043e+03 6.046003107374240244e+03 4.544697456025221982e+03 1.576527298713351229e+03 2.462897949600926586e+04 8.265994062105481134e+03
-1.126055551523915987e+01 6.340051357233532144e+03 5.275190919931467943e+04 -1.966237216211697003e+01 7.061941986479861043e+03 2.801423708183624058e+03 2.067475513429656075e+03 1.453528733630103034e+03 2.550807620111218625e+02 8.668011898375667442e+03 2.826617852166476041e+03
-6.327097507502957185e+00 4.782877810345637954e+03 4.516296049296210549e+04 -2.120692666041282948e+01 6.046003107374240244e+03 2.067475513429656075e+03 2.465372139186330514e+03 2.039025874834943352e+03 -8.113252973665184982e+02 6.539070337537938940e+03 3.370615446515197618e+03
-4.054347657451167763e-01 3.422811452742930214e+03 3.394837680592473771e+04 -1.774641236939538302e+01 4.544697456025221982e+03 1.453528733630103034e+03 2.039025874834943352e+03 2.004113261748716923e+03 -1.188198558954586815e+03 4.679610420572082148e+03 2.787721983355870634e+03
4.257429653755985477e+00 2.596275825825715401e+03 1.177648089876512677e+04 1.433161862448207380e+01 1.576527298713351229e+03 2.550807620111218625e+02 -8.113252973665184982e+02 -1.188198558954586815e+03 3.628558791239232960e+03 3.549584771745795479e+03 -1.109230341328782060e+03
-2.791087457501115310e+01 2.273421403646873296e+04 1.839756957126865163e+05 -5.196656551033672145e+01 2.462897949600926586e+04 8.668011898375667442e+03 6.539070337537938940e+03 4.679610420572082148e+03 3.549584771745795479e+03 3.108183619735171305e+04 8.940107310869918365e+03
-8.650301612248993521e+00 6.539070337537938030e+03 6.174604224179095036e+04 -2.899375450810998700e+01 8.265994062105481134e+03 2.826617852166476041e+03 3.370615446515197618e+03 2.787721983355870634e+03 -1.109230341328782060e+03 8.940107310869918365e+03 4.608248916139870744e+03
