3.001753138155138334e+00 -3.104951237688846888e+01 -2.477585744307806124e+02 1.382170955259430234e-01 -3.443175744542964622e+01 -1.719008212059859986e+01 -9.619188486655550818e+00 -1.743880525368038725e+00 5.777682194288849438e+00 -4.288805133586669172e+01 -1.328678674941571991e+01
-3.104951237688846888e+01 2.153604862696371129e+04 1.685569974119816907e+05 -5.201185343872740674e+01 2.342487505812123345e+04 8.541445411814333056e+03 6.103330006242858872e+03 4.299252275194257891e+03 3.130822174425136836e+03 2.974729998569788950e+04 8.430403912633382788e+03
-2.477585744307806124e+02 1.685569974119816907e+05 1.366302430323628476e+06 -4.892911391385110846e+02 1.898791756696499069e+05 6.879438004868091957e+04 5.590241993384070520e+04 4.154545657628391200e+04 1.230453842413423445e+04 2.328243055889516545e+05 7.721686018187963055e+04
1.382170955259430234e-01 -5.201185343872740674e+01 -4.892911391385110846e+02 3.278945985682870656e-01 -6.799826751393413815e+01 -2.800395543188938774e+01 -2.895068872440818808e+01 -2.418576197578676457e+01 2.179760545409727968e+01 -7.184290088929431306e+01 -3.998898949361027633e+01
-3.443175744542964622e+01 2.342487505812123345e+04 1.898791756696499069e+05 -6.799826751393413815e+01 2.638808257440179659e+04 9.560562789348236038e+03 7.768928151918774347e+03 5.773697588794811054e+03 1.709998870760068257e+03 3.235629699540048750e+04 1.073106029362843037e+04
-1.719008212059859986e+01 8.541445411814333056e+03 6.879438004868091957e+04 -2.800395543188938774e+01 9.560562789348236038e+03 3.904304328460340002e+03 2.756471791583018785e+03 1.915430091289349548e+03 2.131815597645561979e+02 1.179812245866601006e+04 3.807457658860920219e+03
-9.619188486655550818e+00 6.103330006242858872e+03 5.590241993384070520e+04 -2.895068872440818808e+01 7.768928151918774347e+03 2.756471791583018785e+03 3.135604485437422682e+03 2.583373536327037073e+03 -1.221545808358125441e+03 8.430403912633382788e+03 4.331145832760757003e+03
-1.743880525368038725e+00 4.299252275194257891e+03 4.154545657628391200e+04 -2.418576197578676457e+01 5.773697588794811054e+03 1.915430091289349548e+03 2.583373536327037073e+03 2.555209209217072384e+03 -1.714720247191108456e+03 5.938468535229562804e+03 3.568360607433683526e+03
5.777682194288849438e+00 3.130822174425136836e+03 1.230453842413423445e+04 2.179760545409727968e+01 1.709998870760068257e+03 2.131815597645561979e+02 -1.221545808358125441e+03 -1.714720247191108456e+03 5.009411965063845855e+03 4.324540125150621861e+03 -1.687296041949181927e+03
-4.288805133586669172e+01 2.974729998569788950e+04 2.328243055889516545e+05 -7.184290088929431306e+01 3.235629699540048750e+04 1.179812245866601006e+04 8.430403912633382788e+03 5.938468535229562804e+03 4.324540125150621861e+03 4.108933220605662063e+04 1.164474312505596208e+04
-1.328678674941571991e+01 8.430403912633382788e+03 7.721686018187963055e+04 -3.998898949361027633e+01 1.073106029362843037e+04 3.807457658860920219e+03 4.331145832760757003e+03 3.568360607433683526e+03 -1.687296041949181927e+03 1.164474312505596208e+04 5.982522448785174674e+03
