3.627054082571592630e+01 -7.125603641539458977e+01 -4.619321064468109626e+02 2.446962930424796956e-01 -8.442912013848111030e+01 -3.893624961136924156e+01 -2.265555787059328452e+01 3.447216102765835899e+01 2.657717555892054406e+01 -1.075503065964428941e+02 -3.419516882599635466e+01
-7.125603641539458977e+01 2.579783383179237135e+05 1.577480806892420398e+06 -6.120554938866281418e+02 2.883222765911025926e+05 1.065110883645593567e+05 6.244676913618349499e+04 4.952248989302195696e+04 4.527932570957470307e+04 3.893796340226868051e+05 9.425403803547547432e+04
-4.619321064468109626e+02 1.577480806892420398e+06 1.003843637763350271e+07 -4.671988159485426877e+03 1.834763895172777120e+06 6.763502847882559290e+05 4.627973675451746676e+05 3.779868344720537425e+05 1.498858117187498137e+05 2.380970833716342226e+06 6.985232588765879627e+05
2.446962930424796956e-01 -6.120554938866281418e+02 -4.671988159485426877e+03 4.546111974658824550e+00 -8.539173703185205113e+02 -3.681216573821029669e+02 -3.398411443087041448e+02 -2.978057265818196697e+02 3.126548381067169657e+02 -9.238060286962941063e+02 -5.129392694734656288e+02
-8.442912013848111030e+01 2.883222765911025926e+05 1.834763895172777120e+06 -8.539173703185205113e+02 3.353469030824478832e+05 1.236191610263372713e+05 8.458726726054797473e+04 6.908611766322370386e+04 2.739521030914354196e+04 4.351792606760557392e+05 1.276718013754374551e+05
-3.893624961136924156e+01 1.065110883645593567e+05 6.763502847882559290e+05 -3.681216573821029669e+02 1.236191610263372713e+05 5.283592475017487595e+04 3.095048894304452915e+04 2.280310523142465536e+04 3.559974474385799567e+03 1.607625232303030207e+05 4.671512397530852468e+04
-2.265555787059328452e+01 6.244676913618349499e+04 4.627973675451746676e+05 -3.398411443087041448e+02 8.458726726054797473e+04 3.095048894304452915e+04 3.181142265916614633e+04 2.749055278762199669e+04 -1.523021610138597680e+04 9.425403803547547432e+04 4.801457437679186114e+04
3.447216102765835899e+01 4.952248989302195696e+04 3.779868344720537425e+05 -2.978057265818196697e+02 6.908611766322370386e+04 2.280310523142465536e+04 2.749055278762199669e+04 2.994869105548608059e+04 -2.037338507304473023e+04 7.474677570282401575e+04 4.149286894907446549e+04
2.657717555892054406e+01 4.527932570957470307e+04 1.498858117187498137e+05 3.126548381067169657e+02 2.739521030914354196e+04 3.559974474385799567e+03 -1.523021610138597680e+04 -2.037338507304473023e+04 6.932503653786740324e+04 6.834235536419565324e+04 -2.298772838956640771e+04
-1.075503065964428941e+02 3.893796340226868051e+05 2.380970833716342226e+06 -9.238060286962941063e+02 4.351792606760557392e+05 1.607625232303030207e+05 9.425403803547547432e+04 7.474677570282401575e+04 6.834235536419565324e+04 5.877101945078603458e+05 1.422623429343329917e+05
-3.419516882599635466e+01 9.425403803547547432e+04 6.985232588765879627e+05 -5.129392694734656288e+02 1.276718013754374551e+05 4.671512397530852468e+04 4.801457437679186114e+04 4.149286894907446549e+04 -2.298772838956640771e+04 1.422623429343329917e+05 7.247080324841113179e+04
