# A b_HI Tb sigma_NL sigma8tot n_s f DA H omegak omegaDE w0 wa h gamma sigma_8 fs8 bs8 pk0 pk1 pk2 pk3 pk4 pk5 pk6 pk7 pk8 pk9 pk10 pk11 pk12 pk13 pk14 pk15 pk16 pk17 pk18 pk19 pk20 pk21 pk22 pk23 pk24 pk25 pk26 pk27 pk28 pk29 pk30 pk31 pk32 pk33 pk34 pk35 pk36 pk37 pk38 pk39 pk40 pk41 pk42 pk43 pk44 pk45 pk46 pk47 pk48 pk49 pk50 pk51 pk52 pk53 pk54 pk55 pk56 pk57 pk58 pk59 pk60 pk61 pk62 pk63 pk64 pk65 pk66 pk67 pk68 pk69 pk70 pk71 pk72 pk73 pk74 pk75 pk76 pk77 pk78 pk79 pk80 pk81 pk82 pk83 pk84 pk85 pk86 pk87 pk88 pk89
1.620476360292542051e-01 3.907112986086544448e-01 2.080386164052149933e+00 -7.248364355875488562e-04 5.979701675448620968e-01 2.303715815327740113e-01 1.909879492013353275e-01 -1.451241509602862467e-01 5.751231504187115373e-02 3.509481093437972210e-01 -6.999690659033164231e-02 4.129570444461687882e-03 -5.613596689967053320e-03 4.524997991751499304e-01 -4.809850070914902485e-03 4.002294675177892613e-01 7.287390462117872003e-01 3.562230640233740586e-01 0.000000000000000000e+00 6.754331618773442457e-23 -5.445017334137773871e-22 5.895395564321074989e-20 7.043986560555781809e-20 2.121984975671429784e-19 -5.616839166715025576e-20 8.218531099916875651e-19 9.232768011170416131e-19 -1.945781539103117720e-18 1.464567759175610621e-18 -8.540540230399227902e-18 -4.312831715044509430e-17 4.016072039921382961e-17 3.527776820666867250e-17 -2.505425536929355051e-17 -2.728500253538845617e-16 -1.939525080633896853e-16 -3.636399693930249628e-16 3.535386188723658594e-16 -1.881898216248757738e-15 -5.926526595012732517e-16 -4.185540181465641376e-16 -1.658953141646356746e-15 -3.182776494259989957e-15 -2.290456338525253347e-15 -6.014799160796838011e-03 -1.215013323675287193e-01 -2.545476424597076237e-01 -2.658551388677173333e-01 -5.603344165132291554e-02 3.480046320741199684e-01 6.443468445731657113e-01 3.990306005839585057e-01 -2.290329019565978674e-01 -4.974258041779883732e-01 -5.362578777898344487e-03 4.179554454508397909e-01 -1.345168156789064602e-02 -1.996876965786208435e-01 1.184222330527189004e-01 -1.903974742172207316e-02 -1.446634437444802024e-02 1.000649785440267149e-02 -5.950167643822820707e-03 0.000000000000000000e+00 0.000000000000000000e+00 0.000000000000000000e+00 0.000000000000000000e+00 0.000000000000000000e+00 0.000000000000000000e+00 0.000000000000000000e+00 0.000000000000000000e+00 0.000000000000000000e+00 0.000000000000000000e+00 0.000000000000000000e+00 0.000000000000000000e+00 0.000000000000000000e+00 0.000000000000000000e+00 0.000000000000000000e+00 0.000000000000000000e+00 0.000000000000000000e+00 0.000000000000000000e+00 0.000000000000000000e+00 0.000000000000000000e+00 0.000000000000000000e+00 0.000000000000000000e+00 0.000000000000000000e+00 0.000000000000000000e+00 0.000000000000000000e+00 0.000000000000000000e+00 0.000000000000000000e+00 0.000000000000000000e+00 0.000000000000000000e+00 0.000000000000000000e+00 0.000000000000000000e+00 0.000000000000000000e+00 0.000000000000000000e+00 0.000000000000000000e+00 0.000000000000000000e+00 0.000000000000000000e+00 0.000000000000000000e+00 0.000000000000000000e+00 0.000000000000000000e+00 0.000000000000000000e+00 0.000000000000000000e+00 0.000000000000000000e+00 0.000000000000000000e+00 0.000000000000000000e+00 0.000000000000000000e+00
3.907112986086544448e-01 4.145814849423368287e+02 2.076324347437996948e+03 -6.424207162831252482e-01 5.968026702776382990e+02 3.253699248300507918e+01 1.658532140465788984e+02 -1.346222726501756313e+02 1.315369052879518676e+02 4.027631334891099186e+02 -1.363210784980945505e+02 1.679200039054386906e+01 -2.235792950232153409e+00 5.493668465393330962e+02 -5.103703916039595612e+00 4.246811585743339492e+02 7.732607605406294624e+02 3.093427639432646288e+02 0.000000000000000000e+00 7.829072023284935669e-08 6.644092565711365029e-06 4.773734768308521043e-05 1.695057883508867659e-04 4.400385649410307144e-04 9.848661830009184954e-04 2.028419577136795875e-03 3.972434973591764014e-03 7.404228465605528636e-03 1.333654000549742459e-02 2.355512019849682545e-02 4.051096755091779245e-02 6.799757264881420293e-02 1.118971457022389510e-01 1.817732532767924736e-01 2.878789868779235150e-01 4.463946039057482551e-01 6.800171587087402436e-01 1.012634661374544276e+00 1.466368033783109537e+00 2.064150855574130361e+00 2.826803647978897160e+00 3.729528446389974938e+00 4.742894090242027794e+00 5.821533903926571440e+00 6.925353873108528902e+00 8.077737553765770073e+00 9.409678291337298717e+00 1.118401191373880010e+01 1.357061394679421618e+01 1.635709162252766902e+01 1.854465118566350057e+01 1.872789712328177458e+01 1.717174024817493105e+01 1.602268038909591041e+01 1.672001188737938904e+01 1.689356218078202687e+01 1.399292063518996976e+01 1.126318854445786855e+01 1.016206078294701420e+01 7.770356781913556610e+00 5.865532535604466524e+00 4.422116037039376835e+00 2.296510980197566276e+00 0.000000000000000000e+00 0.000000000000000000e+00 0.000000000000000000e+00 0.000000000000000000e+00 0.000000000000000000e+00 0.000000000000000000e+00 0.000000000000000000e+00 0.000000000000000000e+00 0.000000000000000000e+00 0.000000000000000000e+00 0.000000000000000000e+00 0.000000000000000000e+00 0.000000000000000000e+00 0.000000000000000000e+00 0.000000000000000000e+00 0.000000000000000000e+00 0.000000000000000000e+00 0.000000000000000000e+00 0.000000000000000000e+00 0.000000000000000000e+00 0.000000000000000000e+00 0.000000000000000000e+00 0.000000000000000000e+00 0.000000000000000000e+00 0.000000000000000000e+00 0.000000000000000000e+00 0.000000000000000000e+00 0.000000000000000000e+00 0.000000000000000000e+00 0.000000000000000000e+00 0.000000000000000000e+00 0.000000000000000000e+00 0.000000000000000000e+00 0.000000000000000000e+00 0.000000000000000000e+00 0.000000000000000000e+00 0.000000000000000000e+00 0.000000000000000000e+00 0.000000000000000000e+00 0.000000000000000000e+00 0.000000000000000000e+00 0.000000000000000000e+00 0.000000000000000000e+00 0.000000000000000000e+00 0.000000000000000000e+00
2.080386164052149933e+00 2.076324347437996948e+03 1.089606460382805381e+04 -3.755085203319493026e+00 3.131880844679265920e+03 1.430830813814835381e+02 9.701805175208162382e+02 -7.793168955412692185e+02 5.627724973405420315e+02 2.054706376048852235e+03 -6.664425089448970994e+02 9.110759239544495358e+01 -1.230886192952170788e+01 2.850874277011251252e+03 -2.556058359543376568e+01 2.126905955698216530e+03 3.872676909949905166e+03 1.809541795973334047e+03 0.000000000000000000e+00 5.378843416494814849e-07 4.335867027707931032e-05 2.974410174712360062e-04 1.016516145129629095e-03 2.568633064944075579e-03 5.640820966908703660e-03 1.146320028874540410e-02 2.223044661575648492e-02 4.114473404217305202e-02 7.372026205040718705e-02 1.296305346435041861e-01 2.221484593471178270e-01 3.717140594639355422e-01 6.099480412147696429e-01 9.882383198686055525e-01 1.561318080917876605e+00 2.416075004747386679e+00 3.673562260513872690e+00 5.461719605723336812e+00 7.899265915867716537e+00 1.111102765282578275e+01 1.521104995081996947e+01 2.006779066659774458e+01 2.552996093830723723e+01 3.135633573781564820e+01 3.733189066417814672e+01 4.357215246490197558e+01 5.076972220990965212e+01 6.031805896397290923e+01 7.311738695779466468e+01 8.799408807051116810e+01 9.956695094202183327e+01 1.003080703758949994e+02 9.165650254733098734e+01 8.506049322217319286e+01 8.806774520863025657e+01 8.808191194201415897e+01 7.202264363196228203e+01 5.696632946138198861e+01 5.024619721682816476e+01 3.738939695670608643e+01 2.727582963813360450e+01 1.979089080903603559e+01 9.917535701321472885e+00 0.000000000000000000e+00 0.000000000000000000e+00 0.000000000000000000e+00 0.000000000000000000e+00 0.000000000000000000e+00 0.000000000000000000e+00 0.000000000000000000e+00 0.000000000000000000e+00 0.000000000000000000e+00 0.000000000000000000e+00 0.000000000000000000e+00 0.000000000000000000e+00 0.000000000000000000e+00 0.000000000000000000e+00 0.000000000000000000e+00 0.000000000000000000e+00 0.000000000000000000e+00 0.000000000000000000e+00 0.000000000000000000e+00 0.000000000000000000e+00 0.000000000000000000e+00 0.000000000000000000e+00 0.000000000000000000e+00 0.000000000000000000e+00 0.000000000000000000e+00 0.000000000000000000e+00 0.000000000000000000e+00 0.000000000000000000e+00 0.000000000000000000e+00 0.000000000000000000e+00 0.000000000000000000e+00 0.000000000000000000e+00 0.000000000000000000e+00 0.000000000000000000e+00 0.000000000000000000e+00 0.000000000000000000e+00 0.000000000000000000e+00 0.000000000000000000e+00 0.000000000000000000e+00 0.000000000000000000e+00 0.000000000000000000e+00 0.000000000000000000e+00 0.000000000000000000e+00 0.000000000000000000e+00 0.000000000000000000e+00
-7.248364355875488562e-04 -6.424207162831252482e-01 -3.755085203319493026e+00 3.753159647566197982e-03 -1.079332754165492236e+00 -2.943339393483460076e-01 -4.078715928053490702e-01 2.901767965613805123e-01 1.871561720734657985e-01 -4.297945895995988197e-01 -1.551822379170351707e-01 5.063499899286752481e-02 2.539308010512859870e-02 -4.038891897086316352e-01 7.908517974205189066e-03 -6.580708111487844070e-01 -1.198217358233541141e+00 -7.607457388007791144e-01 0.000000000000000000e+00 -9.755935781542782069e-14 -8.407748240336146439e-12 -6.397614519826458097e-11 -2.535365063089460362e-10 -7.652681837212189591e-10 -2.044947336207539221e-09 -5.132646528647323645e-09 -1.245968605917788694e-08 -2.896396978491350358e-08 -6.530894135159828469e-08 -1.453687234889649995e-07 -3.156987493041708180e-07 -6.682334167035030018e-07 -1.386044966493998936e-06 -2.854776720671603540e-06 -5.713266096926318453e-06 -1.118720276005038075e-05 -2.157621269066121707e-05 -4.075722929905282489e-05 -7.473635700857147936e-05 -1.332264257058952462e-04 -2.325651645592843918e-04 -3.901891045981579218e-04 -6.309692417438354491e-04 -9.868587582139104562e-04 -1.500574608374363001e-03 -2.229405740147091027e-03 -3.302553534303606739e-03 -5.000429330429411942e-03 -7.698890161352834639e-03 -1.171717709169091577e-02 -1.672630086228593313e-02 -2.130073056655996250e-02 -2.447247373855213765e-02 -2.852246670363574321e-02 -3.691753259125981484e-02 -4.555261823385071962e-02 -4.541148095422761766e-02 -4.352338902055868236e-02 -4.560636868067159677e-02 -3.906229469723477427e-02 -3.185807863263839801e-02 -2.466827017330639957e-02 -1.255582600651400024e-02 0.000000000000000000e+00 0.000000000000000000e+00 0.000000000000000000e+00 0.000000000000000000e+00 0.000000000000000000e+00 0.000000000000000000e+00 0.000000000000000000e+00 0.000000000000000000e+00 0.000000000000000000e+00 0.000000000000000000e+00 0.000000000000000000e+00 0.000000000000000000e+00 0.000000000000000000e+00 0.000000000000000000e+00 0.000000000000000000e+00 0.000000000000000000e+00 0.000000000000000000e+00 0.000000000000000000e+00 0.000000000000000000e+00 0.000000000000000000e+00 0.000000000000000000e+00 0.000000000000000000e+00 0.000000000000000000e+00 0.000000000000000000e+00 0.000000000000000000e+00 0.000000000000000000e+00 0.000000000000000000e+00 0.000000000000000000e+00 0.000000000000000000e+00 0.000000000000000000e+00 0.000000000000000000e+00 0.000000000000000000e+00 0.000000000000000000e+00 0.000000000000000000e+00 0.000000000000000000e+00 0.000000000000000000e+00 0.000000000000000000e+00 0.000000000000000000e+00 0.000000000000000000e+00 0.000000000000000000e+00 0.000000000000000000e+00 0.000000000000000000e+00 0.000000000000000000e+00 0.000000000000000000e+00 0.000000000000000000e+00
5.979701675448620968e-01 5.968026702776382990e+02 3.131880844679265920e+03 -1.079332754165492236e+00 9.002036957290879400e+02 4.112669831444625146e+01 2.788612117476769185e+02 -2.240008430404429305e+02 1.617589899121867063e+02 5.905889671695730385e+02 -1.915570991669068803e+02 2.618726428328026401e+01 -3.537964420964181400e+00 8.194333333544622064e+02 -7.346937178881777442e+00 6.113414579742159276e+02 1.113132408157956888e+03 5.201207495102728444e+02 0.000000000000000000e+00 1.546053302284103285e-07 1.246268206264499744e-05 8.549415398223672938e-05 2.921795674853300989e-04 7.383080943079081823e-04 1.621354110576759535e-03 3.294893955605817260e-03 6.389748267470115282e-03 1.182632529187032343e-02 2.118958403562430648e-02 3.726000194537113647e-02 6.385264127929433930e-02 1.068426248247528049e-01 1.753187647087781076e-01 2.840516073011480902e-01 4.487732376660250599e-01 6.944579810969815359e-01 1.055900427701026434e+00 1.569874595472254164e+00 2.270504123134724495e+00 3.193668166978484990e+00 4.372146981552927691e+00 5.768131106864963442e+00 7.338135238295448559e+00 9.012823512637320178e+00 1.073039097306046941e+01 1.252404373761957146e+01 1.459285772067113207e+01 1.733735805780124295e+01 2.101629826475765128e+01 2.529234259277734864e+01 2.861875711611368089e+01 2.883177877512177645e+01 2.634503878743812066e+01 2.444913269584531079e+01 2.531351403295660063e+01 2.531758600963166472e+01 2.070163367926950571e+01 1.637396275799523337e+01 1.444237973094197613e+01 1.074692013864142304e+01 7.839954283713969296e+00 5.688541145596973436e+00 2.850620037483921454e+00 0.000000000000000000e+00 0.000000000000000000e+00 0.000000000000000000e+00 0.000000000000000000e+00 0.000000000000000000e+00 0.000000000000000000e+00 0.000000000000000000e+00 0.000000000000000000e+00 0.000000000000000000e+00 0.000000000000000000e+00 0.000000000000000000e+00 0.000000000000000000e+00 0.000000000000000000e+00 0.000000000000000000e+00 0.000000000000000000e+00 0.000000000000000000e+00 0.000000000000000000e+00 0.000000000000000000e+00 0.000000000000000000e+00 0.000000000000000000e+00 0.000000000000000000e+00 0.000000000000000000e+00 0.000000000000000000e+00 0.000000000000000000e+00 0.000000000000000000e+00 0.000000000000000000e+00 0.000000000000000000e+00 0.000000000000000000e+00 0.000000000000000000e+00 0.000000000000000000e+00 0.000000000000000000e+00 0.000000000000000000e+00 0.000000000000000000e+00 0.000000000000000000e+00 0.000000000000000000e+00 0.000000000000000000e+00 0.000000000000000000e+00 0.000000000000000000e+00 0.000000000000000000e+00 0.000000000000000000e+00 0.000000000000000000e+00 0.000000000000000000e+00 0.000000000000000000e+00 0.000000000000000000e+00 0.000000000000000000e+00
2.303715815327740113e-01 3.253699248300507918e+01 1.430830813814835381e+02 -2.943339393483460076e-01 4.112669831444625146e+01 6.784789039290987489e+01 7.441012732064001156e+00 5.231450839886305992e+00 -2.830523013949808231e+01 -1.150374444538308261e+01 4.616535216609064918e+01 -1.349919050595575598e+01 -3.540154352143491945e+00 -5.979738912412188512e+01 -4.005465318229555760e-01 3.332963040095454943e+01 6.068669361009364849e+01 1.387867855504595838e+01 0.000000000000000000e+00 -2.362656603930535858e-07 -1.858899375265040570e-05 -1.238674249847024030e-04 -4.091319518451569165e-04 -9.974006922236096622e-04 -2.110480060258857447e-03 -4.125616695780858628e-03 -7.678367370098629005e-03 -1.362199030579146902e-02 -2.335756983034354903e-02 -3.919596180023012660e-02 -6.396386183695244865e-02 -1.017113260194655866e-01 -1.581964336428185736e-01 -2.419079945320133929e-01 -3.597907204161470140e-01 -5.222715418244051611e-01 -7.411413348442099647e-01 -1.022908283643524374e+00 -1.366438708834637916e+00 -1.763733607431160477e+00 -2.193351557581834754e+00 -2.606125798238675628e+00 -2.951247050949311390e+00 -3.174749344462927336e+00 -3.238742326117709514e+00 -3.156178608814843578e+00 -2.949876578923318782e+00 -2.625703272238367969e+00 -2.126830172905924687e+00 -1.302925972525653453e+00 -5.885324848965510502e-02 1.384080672047536265e+00 2.568167361214534150e+00 3.615391740385324404e+00 5.030326441483087940e+00 6.282807561481406289e+00 6.146944970562162602e+00 5.692384119054437974e+00 5.752462731723639422e+00 4.803370395055323705e+00 3.900967397943288617e+00 3.111755740624729150e+00 1.682447100311601940e+00 0.000000000000000000e+00 0.000000000000000000e+00 0.000000000000000000e+00 0.000000000000000000e+00 0.000000000000000000e+00 0.000000000000000000e+00 0.000000000000000000e+00 0.000000000000000000e+00 0.000000000000000000e+00 0.000000000000000000e+00 0.000000000000000000e+00 0.000000000000000000e+00 0.000000000000000000e+00 0.000000000000000000e+00 0.000000000000000000e+00 0.000000000000000000e+00 0.000000000000000000e+00 0.000000000000000000e+00 0.000000000000000000e+00 0.000000000000000000e+00 0.000000000000000000e+00 0.000000000000000000e+00 0.000000000000000000e+00 0.000000000000000000e+00 0.000000000000000000e+00 0.000000000000000000e+00 0.000000000000000000e+00 0.000000000000000000e+00 0.000000000000000000e+00 0.000000000000000000e+00 0.000000000000000000e+00 0.000000000000000000e+00 0.000000000000000000e+00 0.000000000000000000e+00 0.000000000000000000e+00 0.000000000000000000e+00 0.000000000000000000e+00 0.000000000000000000e+00 0.000000000000000000e+00 0.000000000000000000e+00 0.000000000000000000e+00 0.000000000000000000e+00 0.000000000000000000e+00 0.000000000000000000e+00 0.000000000000000000e+00
1.909879492013353275e-01 1.658532140465788984e+02 9.701805175208162382e+02 -4.078715928053490702e-01 2.788612117476769185e+02 7.441012732064001156e+00 1.055056352238242425e+02 -8.334484018212152989e+01 2.568542801540225895e+01 1.716675114119294960e+02 -4.996534993024539517e+01 8.684368205253834461e+00 -1.206299478358252797e+00 2.476965335286008383e+02 -2.041735409710858207e+00 1.698935858275840189e+02 3.093427639432646288e+02 1.967848799273894258e+02 0.000000000000000000e+00 7.222661568822981587e-08 5.487315707768634412e-06 3.547297450008110944e-05 1.148354278472363661e-04 2.784015494267526357e-04 5.927601773463035597e-04 1.177470300360324625e-03 2.244506134424189940e-03 4.101988896011863651e-03 7.279130081631923418e-03 1.269516116413244890e-02 2.161055540684042250e-02 3.594731828283626723e-02 5.866503768617900572e-02 9.456924043060339902e-02 1.487109830141302713e-01 2.292054965894117224e-01 3.472037438860737235e-01 5.145918345236609737e-01 7.424448893683310846e-01 1.042734869723372482e+00 1.426532676960451385e+00 1.881856109199792071e+00 2.395839592413383290e+00 2.946400914352642175e+00 3.513509349216981104e+00 4.106075090942940875e+00 4.786759001956841786e+00 5.682346067566753867e+00 6.874669308635587228e+00 8.247922789123268927e+00 9.296191463830218993e+00 9.319940406407793532e+00 8.456663011288547693e+00 7.760935682075187358e+00 7.903772319222087006e+00 7.733289528114584144e+00 6.142976470061164207e+00 4.662282424432693695e+00 3.883544270960697098e+00 2.680223344031336552e+00 1.757209380191279813e+00 1.107950348100031679e+00 4.742737224914649330e-01 0.000000000000000000e+00 0.000000000000000000e+00 0.000000000000000000e+00 0.000000000000000000e+00 0.000000000000000000e+00 0.000000000000000000e+00 0.000000000000000000e+00 0.000000000000000000e+00 0.000000000000000000e+00 0.000000000000000000e+00 0.000000000000000000e+00 0.000000000000000000e+00 0.000000000000000000e+00 0.000000000000000000e+00 0.000000000000000000e+00 0.000000000000000000e+00 0.000000000000000000e+00 0.000000000000000000e+00 0.000000000000000000e+00 0.000000000000000000e+00 0.000000000000000000e+00 0.000000000000000000e+00 0.000000000000000000e+00 0.000000000000000000e+00 0.000000000000000000e+00 0.000000000000000000e+00 0.000000000000000000e+00 0.000000000000000000e+00 0.000000000000000000e+00 0.000000000000000000e+00 0.000000000000000000e+00 0.000000000000000000e+00 0.000000000000000000e+00 0.000000000000000000e+00 0.000000000000000000e+00 0.000000000000000000e+00 0.000000000000000000e+00 0.000000000000000000e+00 0.000000000000000000e+00 0.000000000000000000e+00 0.000000000000000000e+00 0.000000000000000000e+00 0.000000000000000000e+00 0.000000000000000000e+00 0.000000000000000000e+00
-1.451241509602862467e-01 -1.346222726501756313e+02 -7.793168955412692185e+02 2.901767965613805123e-01 -2.240008430404429305e+02 5.231450839886305992e+00 -8.334484018212152989e+01 7.318500367756898584e+01 -2.120612319013158142e+01 -1.451422480013826544e+02 4.574960857371494427e+01 -8.822228924172627273e+00 6.773924630139328551e-01 -2.152670413014937196e+02 1.657267015207914973e+00 -1.379018233941111191e+02 -2.510920644458147422e+02 -1.554514536878759259e+02 -0.000000000000000000e+00 -7.510783473763241508e-08 -5.809382855271662079e-06 -3.885995829567673424e-05 -1.314584419764056836e-04 -3.318206527640641876e-04 -7.306083581953809036e-04 -1.489283981738914872e-03 -2.895294845106745948e-03 -5.360523994003592828e-03 -9.596932170759625916e-03 -1.683428123715332431e-02 -2.869908027245399867e-02 -4.769776074284511752e-02 -7.756747857290059722e-02 -1.242539802549837424e-01 -1.933506654008024794e-01 -2.940368228895927083e-01 -4.376197862711322939e-01 -6.328646715528079003e-01 -8.864632002370473884e-01 -1.200328534792452606e+00 -1.571064863236177223e+00 -1.969123114402742791e+00 -2.376296842513145879e+00 -2.774554573073816144e+00 -3.232458154824213725e+00 -3.984256753372103610e+00 -4.536531973042091437e+00 -5.239336319303585121e+00 -6.159029075985151813e+00 -7.137167717327230321e+00 -7.732866042431633780e+00 -7.451877252753228653e+00 -6.477663934127392054e+00 -5.731029222960290603e+00 -5.728281012081405166e+00 -5.543023154885278636e+00 -4.033761514702612239e+00 -2.738762628594068271e+00 -2.377344149514807103e+00 -1.386151080710919414e+00 -7.575740768250130985e-01 -4.154948302422181161e-01 -1.106703224534342639e-01 -0.000000000000000000e+00 -0.000000000000000000e+00 -0.000000000000000000e+00 -0.000000000000000000e+00 -0.000000000000000000e+00 -0.000000000000000000e+00 -0.000000000000000000e+00 -0.000000000000000000e+00 -0.000000000000000000e+00 -0.000000000000000000e+00 -0.000000000000000000e+00 -0.000000000000000000e+00 -0.000000000000000000e+00 -0.000000000000000000e+00 -0.000000000000000000e+00 -0.000000000000000000e+00 -0.000000000000000000e+00 -0.000000000000000000e+00 -0.000000000000000000e+00 -0.000000000000000000e+00 -0.000000000000000000e+00 -0.000000000000000000e+00 -0.000000000000000000e+00 -0.000000000000000000e+00 -0.000000000000000000e+00 -0.000000000000000000e+00 -0.000000000000000000e+00 -0.000000000000000000e+00 -0.000000000000000000e+00 -0.000000000000000000e+00 -0.000000000000000000e+00 -0.000000000000000000e+00 -0.000000000000000000e+00 -0.000000000000000000e+00 -0.000000000000000000e+00 -0.000000000000000000e+00 -0.000000000000000000e+00 -0.000000000000000000e+00 -0.000000000000000000e+00 -0.000000000000000000e+00 -0.000000000000000000e+00 -0.000000000000000000e+00 -0.000000000000000000e+00 -0.000000000000000000e+00 -0.000000000000000000e+00
5.751231504187115373e-02 1.315369052879518676e+02 5.627724973405420315e+02 1.871561720734657985e-01 1.617589899121867063e+02 -2.830523013949808231e+01 2.568542801540225895e+01 -2.120612319013158142e+01 1.113206449036166106e+02 1.553654589139064797e+02 -1.024145304515505188e+02 1.684894466274721125e+01 2.842510540225889670e+00 2.367292960929993342e+02 -1.619284611118661843e+00 1.347412929951260026e+02 2.453373609684217627e+02 4.790743032039657123e+01 0.000000000000000000e+00 1.136676838766827903e-07 9.472343490117358033e-06 6.603873162156700678e-05 2.259238460500307864e-04 5.657136174093008998e-04 1.226103502057131200e-03 2.453787625136831865e-03 4.681106048130698194e-03 8.512190703527221930e-03 1.498818892274480889e-02 2.587130801367927210e-02 4.343445350923448578e-02 7.114670146836366005e-02 1.140646302101656628e-01 1.801383370091611258e-01 2.762345745331161728e-01 4.140228805867270379e-01 6.065694460899339058e-01 8.614636723778029692e-01 1.182609306042231134e+00 1.563761136128071216e+00 1.987608152347871693e+00 2.402101681146862955e+00 2.777190932562927816e+00 3.088435742729898070e+00 3.480781851958950845e+00 4.406308257961949693e+00 4.840270277445922531e+00 5.347990771972727764e+00 5.970972705498336808e+00 6.471111711422008916e+00 6.421571256509460035e+00 5.530807932769129742e+00 4.138796660983535602e+00 3.050539876904813319e+00 2.511162977558043963e+00 1.908951786247843785e+00 5.471897572211623650e-01 -3.613981741317527363e-01 -4.385473154335971513e-01 -7.266608946694461668e-01 -6.681828775410408872e-01 -4.242365850895359336e-01 -1.695679708608920644e-01 0.000000000000000000e+00 0.000000000000000000e+00 0.000000000000000000e+00 0.000000000000000000e+00 0.000000000000000000e+00 0.000000000000000000e+00 0.000000000000000000e+00 0.000000000000000000e+00 0.000000000000000000e+00 0.000000000000000000e+00 0.000000000000000000e+00 0.000000000000000000e+00 0.000000000000000000e+00 0.000000000000000000e+00 0.000000000000000000e+00 0.000000000000000000e+00 0.000000000000000000e+00 0.000000000000000000e+00 0.000000000000000000e+00 0.000000000000000000e+00 0.000000000000000000e+00 0.000000000000000000e+00 0.000000000000000000e+00 0.000000000000000000e+00 0.000000000000000000e+00 0.000000000000000000e+00 0.000000000000000000e+00 0.000000000000000000e+00 0.000000000000000000e+00 0.000000000000000000e+00 0.000000000000000000e+00 0.000000000000000000e+00 0.000000000000000000e+00 0.000000000000000000e+00 0.000000000000000000e+00 0.000000000000000000e+00 0.000000000000000000e+00 0.000000000000000000e+00 0.000000000000000000e+00 0.000000000000000000e+00 0.000000000000000000e+00 0.000000000000000000e+00 0.000000000000000000e+00 0.000000000000000000e+00 0.000000000000000000e+00
3.509481093437972210e-01 4.027631334891099186e+02 2.054706376048852235e+03 -4.297945895995988197e-01 5.905889671695730385e+02 -1.150374444538308261e+01 1.716675114119294960e+02 -1.451422480013826544e+02 1.553654589139064797e+02 4.251491283401683177e+02 -1.756996913358340464e+02 2.782686104258201709e+01 3.847909682196937187e-01 6.147585097193303909e+02 -4.958214141933171781e+00 4.125748987197889619e+02 7.512176453389707831e+02 3.201873582293932259e+02 0.000000000000000000e+00 1.885928967953488960e-07 1.531595151691729208e-05 1.057308453602809415e-04 3.628382120729953795e-04 9.177827800325775000e-04 2.013767119821905077e-03 4.081549146678344238e-03 7.884086814366704499e-03 1.450869343561851134e-02 2.583159795084737434e-02 4.508344110319796594e-02 7.653390759938369370e-02 1.267458896208682462e-01 2.055183491824703057e-01 3.284608221820177754e-01 5.103555557907282214e-01 7.754718704019001319e-01 1.153948261096843009e+00 1.670009792161152751e+00 2.342454806044648841e+00 3.178467489272256419e+00 4.171204286069060352e+00 5.243826049431563163e+00 6.344443214062223113e+00 7.418579915100707467e+00 8.620403960879265526e+00 1.051384470868818966e+01 1.193591188649082291e+01 1.374762339829830715e+01 1.611648537680571636e+01 1.862591209004174786e+01 2.011109739267309848e+01 1.927772201387082873e+01 1.666154749398561563e+01 1.465977565245380099e+01 1.457036700209168600e+01 1.403262807712838267e+01 1.033416121738920168e+01 7.242605634098848277e+00 6.361215786520733495e+00 4.154986301974007645e+00 2.762444600926968086e+00 1.982760047527432068e+00 9.601622592805131307e-01 0.000000000000000000e+00 0.000000000000000000e+00 0.000000000000000000e+00 0.000000000000000000e+00 0.000000000000000000e+00 0.000000000000000000e+00 0.000000000000000000e+00 0.000000000000000000e+00 0.000000000000000000e+00 0.000000000000000000e+00 0.000000000000000000e+00 0.000000000000000000e+00 0.000000000000000000e+00 0.000000000000000000e+00 0.000000000000000000e+00 0.000000000000000000e+00 0.000000000000000000e+00 0.000000000000000000e+00 0.000000000000000000e+00 0.000000000000000000e+00 0.000000000000000000e+00 0.000000000000000000e+00 0.000000000000000000e+00 0.000000000000000000e+00 0.000000000000000000e+00 0.000000000000000000e+00 0.000000000000000000e+00 0.000000000000000000e+00 0.000000000000000000e+00 0.000000000000000000e+00 0.000000000000000000e+00 0.000000000000000000e+00 0.000000000000000000e+00 0.000000000000000000e+00 0.000000000000000000e+00 0.000000000000000000e+00 0.000000000000000000e+00 0.000000000000000000e+00 0.000000000000000000e+00 0.000000000000000000e+00 0.000000000000000000e+00 0.000000000000000000e+00 0.000000000000000000e+00 0.000000000000000000e+00 0.000000000000000000e+00
-6.999690659033164231e-02 -1.363210784980945505e+02 -6.664425089448970994e+02 -1.551822379170351707e-01 -1.915570991669068803e+02 4.616535216609064918e+01 -4.996534993024539517e+01 4.574960857371494427e+01 -1.024145304515505188e+02 -1.756996913358341033e+02 1.122469447960481403e+02 -2.131932070030604010e+01 -3.277516903535308668e+00 -2.823684504844081857e+02 1.678180158639345665e+00 -1.396420140728805279e+02 -2.542606089893689045e+02 -9.319336702437171027e+01 0.000000000000000000e+00 -1.680760195309369986e-07 -1.358015255799286383e-05 -9.282052248380145878e-05 -3.143589070281499497e-04 -7.846594863738257054e-04 -1.700976070422576718e-03 -3.410005491270822007e-03 -6.520641472751080234e-03 -1.188460445456511298e-02 -2.097139987793600682e-02 -3.626767525399099412e-02 -6.097030770534282024e-02 -9.996318349025315464e-02 -1.603293263310368033e-01 -2.531687116067677379e-01 -3.878533289414262120e-01 -5.804096590700980052e-01 -8.482672665925552469e-01 -1.200165686086306360e+00 -1.639471195960827243e+00 -2.153816342657928207e+00 -2.714514123977018301e+00 -3.245402769284972067e+00 -3.706158547223947775e+00 -4.067775209797951597e+00 -4.563981183222067806e+00 -5.895854832971541448e+00 -6.450262286983370785e+00 -7.081637513604404965e+00 -7.841681158923917927e+00 -8.392217321357922089e+00 -8.180968581305522846e+00 -6.885552981018707719e+00 -4.963567480683321875e+00 -3.453232172941816724e+00 -2.633736153581571759e+00 -1.746780236858351376e+00 1.919061251356404818e-01 1.490906912943210205e+00 1.552018605375429017e+00 1.998079930936236259e+00 1.892147135172960848e+00 1.472442280341188292e+00 7.989787561453540743e-01 0.000000000000000000e+00 0.000000000000000000e+00 0.000000000000000000e+00 0.000000000000000000e+00 0.000000000000000000e+00 0.000000000000000000e+00 0.000000000000000000e+00 0.000000000000000000e+00 0.000000000000000000e+00 0.000000000000000000e+00 0.000000000000000000e+00 0.000000000000000000e+00 0.000000000000000000e+00 0.000000000000000000e+00 0.000000000000000000e+00 0.000000000000000000e+00 0.000000000000000000e+00 0.000000000000000000e+00 0.000000000000000000e+00 0.000000000000000000e+00 0.000000000000000000e+00 0.000000000000000000e+00 0.000000000000000000e+00 0.000000000000000000e+00 0.000000000000000000e+00 0.000000000000000000e+00 0.000000000000000000e+00 0.000000000000000000e+00 0.000000000000000000e+00 0.000000000000000000e+00 0.000000000000000000e+00 0.000000000000000000e+00 0.000000000000000000e+00 0.000000000000000000e+00 0.000000000000000000e+00 0.000000000000000000e+00 0.000000000000000000e+00 0.000000000000000000e+00 0.000000000000000000e+00 0.000000000000000000e+00 0.000000000000000000e+00 0.000000000000000000e+00 0.000000000000000000e+00 0.000000000000000000e+00 0.000000000000000000e+00
4.129570444461687882e-03 1.679200039054386906e+01 9.110759239544495358e+01 5.063499899286752481e-02 2.618726428328026401e+01 -1.349919050595575598e+01 8.684368205253834461e+00 -8.822228924172627273e+00 1.684894466274721125e+01 2.782686104258202775e+01 -2.131932070030604010e+01 4.691962726827963337e+00 8.455859841720245740e-01 4.964308721801556601e+01 -2.067178619018097130e-01 1.720107250237841257e+01 3.131976575074619618e+01 1.619773532371675628e+01 0.000000000000000000e+00 4.130013384068287884e-08 3.288340935377860418e-06 2.222815458553343166e-05 7.472411851712594804e-05 1.857238727278146277e-04 4.016291887407383429e-04 8.039511823823532665e-04 1.535719674377436549e-03 2.796257217579709801e-03 4.929638394923840233e-03 8.515682185028758053e-03 1.429375541247963899e-02 2.339221702173589421e-02 3.743168121345321481e-02 5.893712433254173072e-02 8.994870061093085400e-02 1.340091003600871189e-01 1.947545310634684335e-01 2.734613536528777700e-01 3.700683726978870047e-01 4.803166205420194013e-01 5.957612305955358734e-01 6.974096910281553097e-01 7.760704699981746391e-01 8.262979144978968016e-01 9.121392612610812467e-01 1.218711579727455918e+00 1.311975727045917806e+00 1.407969004762819942e+00 1.513756756290218553e+00 1.549282942738378743e+00 1.410180840672355274e+00 1.068063394419056511e+00 6.296363013883951032e-01 2.819517937143330988e-01 4.329504603398366680e-02 -1.935408291326957964e-01 -5.978202388107579646e-01 -8.434794858549953256e-01 -8.186376207432732865e-01 -8.585520134245292478e-01 -7.668101368928674777e-01 -6.047449291240816205e-01 -3.328084604143067282e-01 0.000000000000000000e+00 0.000000000000000000e+00 0.000000000000000000e+00 0.000000000000000000e+00 0.000000000000000000e+00 0.000000000000000000e+00 0.000000000000000000e+00 0.000000000000000000e+00 0.000000000000000000e+00 0.000000000000000000e+00 0.000000000000000000e+00 0.000000000000000000e+00 0.000000000000000000e+00 0.000000000000000000e+00 0.000000000000000000e+00 0.000000000000000000e+00 0.000000000000000000e+00 0.000000000000000000e+00 0.000000000000000000e+00 0.000000000000000000e+00 0.000000000000000000e+00 0.000000000000000000e+00 0.000000000000000000e+00 0.000000000000000000e+00 0.000000000000000000e+00 0.000000000000000000e+00 0.000000000000000000e+00 0.000000000000000000e+00 0.000000000000000000e+00 0.000000000000000000e+00 0.000000000000000000e+00 0.000000000000000000e+00 0.000000000000000000e+00 0.000000000000000000e+00 0.000000000000000000e+00 0.000000000000000000e+00 0.000000000000000000e+00 0.000000000000000000e+00 0.000000000000000000e+00 0.000000000000000000e+00 0.000000000000000000e+00 0.000000000000000000e+00 0.000000000000000000e+00 0.000000000000000000e+00 0.000000000000000000e+00
-5.613596689967053320e-03 -2.235792950232153409e+00 -1.230886192952170788e+01 2.539308010512859870e-02 -3.537964420964184953e+00 -3.540154352143491945e+00 -1.206299478358252797e+00 6.773924630139328551e-01 2.842510540225889670e+00 3.847909682196926640e-01 -3.277516903535309112e+00 8.455859841720246850e-01 2.509279683607346656e-01 3.045010948423374941e+00 2.752372127071876437e-02 -2.290259393925860643e+00 -4.170111353015087730e+00 -2.249941413097131360e+00 0.000000000000000000e+00 7.986040165654090248e-09 6.377915147403862930e-07 4.303415675869848162e-06 1.438259858580079130e-05 3.547923510309983371e-05 7.613678772820757772e-05 1.512754099339042090e-04 2.869078759868375745e-04 5.187852547602573921e-04 9.086026291593466905e-04 1.558957492391191977e-03 2.597881685454149839e-03 4.219736679153572763e-03 6.696927077423613615e-03 1.044774983383078143e-02 1.577116642351530235e-02 2.321212681738854533e-02 3.323637229419599409e-02 4.576640203908807769e-02 6.045091343918098520e-02 7.598823924055150836e-02 9.016396116350476608e-02 9.909125277290978251e-02 1.011156536337503437e-01 9.564734029297901341e-02 9.749498209656752568e-02 1.475149417101850324e-01 1.471041341866935748e-01 1.402195408754851325e-01 1.256824053866767987e-01 8.878053280970904515e-02 2.172778038911684848e-02 -5.952508419264535000e-02 -1.344771480675804598e-01 -1.952121613881565299e-01 -2.611142565178307673e-01 -3.179364756733078501e-01 -3.601753265945999982e-01 -3.688059981490413031e-01 -3.449419779160225463e-01 -3.114871164462215125e-01 -2.575978818751481492e-01 -1.967316982954655236e-01 -1.040684361234067018e-01 0.000000000000000000e+00 0.000000000000000000e+00 0.000000000000000000e+00 0.000000000000000000e+00 0.000000000000000000e+00 0.000000000000000000e+00 0.000000000000000000e+00 0.000000000000000000e+00 0.000000000000000000e+00 0.000000000000000000e+00 0.000000000000000000e+00 0.000000000000000000e+00 0.000000000000000000e+00 0.000000000000000000e+00 0.000000000000000000e+00 0.000000000000000000e+00 0.000000000000000000e+00 0.000000000000000000e+00 0.000000000000000000e+00 0.000000000000000000e+00 0.000000000000000000e+00 0.000000000000000000e+00 0.000000000000000000e+00 0.000000000000000000e+00 0.000000000000000000e+00 0.000000000000000000e+00 0.000000000000000000e+00 0.000000000000000000e+00 0.000000000000000000e+00 0.000000000000000000e+00 0.000000000000000000e+00 0.000000000000000000e+00 0.000000000000000000e+00 0.000000000000000000e+00 0.000000000000000000e+00 0.000000000000000000e+00 0.000000000000000000e+00 0.000000000000000000e+00 0.000000000000000000e+00 0.000000000000000000e+00 0.000000000000000000e+00 0.000000000000000000e+00 0.000000000000000000e+00 0.000000000000000000e+00 0.000000000000000000e+00
4.524997991751499304e-01 5.493668465393330962e+02 2.850874277011251252e+03 -4.038891897086316352e-01 8.194333333544622064e+02 -5.979738912412189222e+01 2.476965335286008383e+02 -2.152670413014937196e+02 2.367292960929993342e+02 6.147585097193305046e+02 -2.823684504844081857e+02 4.964308721801556601e+01 3.045010948423371833e+00 9.222194732390380523e+02 -6.762978637155233841e+00 5.627500439463722159e+02 1.024657011950007700e+03 4.619936414339473458e+02 0.000000000000000000e+00 3.732756310516930427e-07 2.999986030107027959e-05 2.051112955146687337e-04 6.980485967620641847e-04 1.754432850559266028e-03 3.830623687625086225e-03 7.732942963201939676e-03 1.488552045406245708e-02 2.730351493001710594e-02 4.846504955298951145e-02 8.431791266342714142e-02 1.426329131890053392e-01 2.353293343484705868e-01 3.799870027708388553e-01 6.044179039621939697e-01 9.337709813669756720e-01 1.409982007314160679e+00 2.082539283741688507e+00 2.985595508943043708e+00 4.142090800623601687e+00 5.546380695881854450e+00 7.161410887893739030e+00 8.828176523186410662e+00 1.045205424793351767e+01 1.194815223169305085e+01 1.372548661148063864e+01 1.710998492608298349e+01 1.918856194867617404e+01 2.175987252298616426e+01 2.505603185362453189e+01 2.829238975516855703e+01 2.967631687681560493e+01 2.750813959136499420e+01 2.280295801745675988e+01 1.916140519824929811e+01 1.826049996428911726e+01 1.680626441932651716e+01 1.083443964320844799e+01 6.141169943624530170e+00 5.123803330659907118e+00 2.206798728920129626e+00 7.567711381951476302e-01 3.192894163697805876e-01 -8.731275819758707243e-03 0.000000000000000000e+00 0.000000000000000000e+00 0.000000000000000000e+00 0.000000000000000000e+00 0.000000000000000000e+00 0.000000000000000000e+00 0.000000000000000000e+00 0.000000000000000000e+00 0.000000000000000000e+00 0.000000000000000000e+00 0.000000000000000000e+00 0.000000000000000000e+00 0.000000000000000000e+00 0.000000000000000000e+00 0.000000000000000000e+00 0.000000000000000000e+00 0.000000000000000000e+00 0.000000000000000000e+00 0.000000000000000000e+00 0.000000000000000000e+00 0.000000000000000000e+00 0.000000000000000000e+00 0.000000000000000000e+00 0.000000000000000000e+00 0.000000000000000000e+00 0.000000000000000000e+00 0.000000000000000000e+00 0.000000000000000000e+00 0.000000000000000000e+00 0.000000000000000000e+00 0.000000000000000000e+00 0.000000000000000000e+00 0.000000000000000000e+00 0.000000000000000000e+00 0.000000000000000000e+00 0.000000000000000000e+00 0.000000000000000000e+00 0.000000000000000000e+00 0.000000000000000000e+00 0.000000000000000000e+00 0.000000000000000000e+00 0.000000000000000000e+00 0.000000000000000000e+00 0.000000000000000000e+00 0.000000000000000000e+00
