0.0579515191724803979678171117484453134238719940185546875000000000 0.0153971099701197579323608266577139147557318210601806640625000000 0.1406030560917898297734751622556359507143497467041015625000000000 0.0001769760104222133794988486288346507535607088357210159301757812 0.0159360543325527820313070037627767305821180343627929687500000000 -0.0195896520990513182958192572868938441388309001922607421875000000 0.0040760321980742569153433052520085766445845365524291992187500000 0.0685958224806226812830800554365850985050201416015625000000000000 0.0631505496142817368543376232992159202694892883300781250000000000 0.0202047196684110343112283914024374098517000675201416015625000000 0.0053487367487358187731483205595850449753925204277038574218750000
0.0153971099701197579323608266577139147557318210601806640625000000 332.4615722567652937868842855095863342285156250000000000000000000000 3077.6375768772272749629337340593338012695312500000000000000000000000 -0.5722165745894873811749903325107879936695098876953125000000000000 348.8217184198570635089708957821130752563476562500000000000000000000 97.9062179606738283155209501273930072784423828125000000000000000000 94.3206883732434278044820530340075492858886718750000000000000000000 81.2317071307201956642529694363474845886230468750000000000000000000 66.4659425186950443276145961135625839233398437500000000000000000000 436.2697208114273621504253242164850234985351562500000000000000000000 123.7714786223663736564049031585454940795898437500000000000000000000
0.1406030560917898297734751622556359507143497467041015625000000000 3077.6375768772272749629337340593338012695312500000000000000000000000 29529.6036287095375882927328348159790039062500000000000000000000000000 -6.4090866804039201554132887395098805427551269531250000000000000000 3346.9071080407511544763110578060150146484375000000000000000000000000 935.2265422931989178323419764637947082519531250000000000000000000000 1030.5270291773811095481505617499351501464843750000000000000000000000 889.7017975706648940104059875011444091796875000000000000000000000000 439.7984607786605693036108277738094329833984375000000000000000000000 4038.6023482618093112250789999961853027343750000000000000000000000000 1352.2998650822173658525571227073669433593750000000000000000000000000
0.0001769760104222133794988486288346507535607088357210159301757812 -0.5722165745894873811749903325107879936695098876953125000000000000 -6.4090866804039201554132887395098805427551269531250000000000000000 0.0028488449348034517762118245087776813306845724582672119140625000 -0.7264106229261495517590674353414215147495269775390625000000000000 -0.2593192835479943281207226846163393929600715637207031250000000000 -0.3307015929351443395134424463321920484304428100585937500000000000 -0.2836472425012117604126160586019977927207946777343750000000000000 0.1695403065681961862765092519111931324005126953125000000000000000 -0.7508860754801023329463305344688706099987030029296875000000000000 -0.4339602037082462282491235328052425757050514221191406250000000000
0.0159360543325527820313070037627767305821180343627929687500000000 348.8217184198570635089708957821130752563476562500000000000000000000 3346.9071080407511544763110578060150146484375000000000000000000000000 -0.7264106229261495517590674353414215147495269775390625000000000000 379.3409261668178942272788845002651214599609375000000000000000000000 105.9992677648504582066379953175783157348632812500000000000000000000 116.8006954088811966130379005335271358489990234375000000000000000000 100.8394595392007602185913128778338432312011718750000000000000000000 49.8470827103955329562268161680549383163452148437500000000000000000 457.7381760995284594173426739871501922607421875000000000000000000000 153.2706665336304467928130179643630981445312500000000000000000000000
-0.0195896520990513182958192572868938441388309001922607421875000000 97.9062179606738283155209501273930072784423828125000000000000000000 935.2265422931989178323419764637947082519531250000000000000000000000 -0.2593192835479943281207226846163393929600715637207031250000000000 105.9992677648504582066379953175783157348632812500000000000000000000 39.5731662637686198991104902233928442001342773437500000000000000000 32.1514347789087295836907287593930959701538085937500000000000000000 24.5962823381977173653467616531997919082641601562500000000000000000 6.2464263819319478798774980532471090555191040039062500000000000000 128.4765577130147278239746810868382453918457031250000000000000000000 42.1904323542339696473391086328774690628051757812500000000000000000
0.0040760321980742569153433052520085766445845365524291992187500000 94.3206883732434278044820530340075492858886718750000000000000000000 1030.5270291773811095481505617499351501464843750000000000000000000000 -0.3307015929351443395134424463321920484304428100585937500000000000 116.8006954088811966130379005335271358489990234375000000000000000000 32.1514347789087295836907287593930959701538085937500000000000000000 50.5883240207164845969600719399750232696533203125000000000000000000 43.8985042036047587998837116174399852752685546875000000000000000000 -7.7123127293738500398490032239351421594619750976562500000000000000 123.7714786223663736564049031585454940795898437500000000000000000000 66.3840751489645128913252847269177436828613281250000000000000000000
0.0685958224806226812830800554365850985050201416015625000000000000 81.2317071307201956642529694363474845886230468750000000000000000000 889.7017975706648940104059875011444091796875000000000000000000000000 -0.2836472425012117604126160586019977927207946777343750000000000000 100.8394595392007602185913128778338432312011718750000000000000000000 24.5962823381977173653467616531997919082641601562500000000000000000 43.8985042036047587998837116174399852752685546875000000000000000000 44.1711470065887255032066605053842067718505859375000000000000000000 -10.7396221550803261379769537597894668579101562500000000000000000000 106.5955802061384929402265697717666625976562500000000000000000000000 57.6054190051018792928516631945967674255371093750000000000000000000
0.0631505496142817368543376232992159202694892883300781250000000000 66.4659425186950443276145961135625839233398437500000000000000000000 439.7984607786605693036108277738094329833984375000000000000000000000 0.1695403065681961862765092519111931324005126953125000000000000000 49.8470827103955329562268161680549383163452148437500000000000000000 6.2464263819319478798774980532471090555191040039062500000000000000 -7.7123127293738500398490032239351421594619750976562500000000000000 -10.7396221550803261379769537597894668579101562500000000000000000000 60.9863985238474342054360022302716970443725585937500000000000000000 87.2193378298306356555258389562368392944335937500000000000000000000 -10.1204133109729017547806506627239286899566650390625000000000000000
0.0202047196684110343112283914024374098517000675201416015625000000 436.2697208114273621504253242164850234985351562500000000000000000000 4038.6023482618093112250789999961853027343750000000000000000000000000 -0.7508860754801023329463305344688706099987030029296875000000000000 457.7381760995284594173426739871501922607421875000000000000000000000 128.4765577130147278239746810868382453918457031250000000000000000000 123.7714786223663736564049031585454940795898437500000000000000000000 106.5955802061384929402265697717666625976562500000000000000000000000 87.2193378298306356555258389562368392944335937500000000000000000000 572.4910340912571200533420778810977935791015625000000000000000000000 162.4180143781971139560482697561383247375488281250000000000000000000
0.0053487367487358187731483205595850449753925204277038574218750000 123.7714786223663736564049031585454940795898437500000000000000000000 1352.2998650822173658525571227073669433593750000000000000000000000000 -0.4339602037082462282491235328052425757050514221191406250000000000 153.2706665336304467928130179643630981445312500000000000000000000000 42.1904323542339696473391086328774690628051757812500000000000000000 66.3840751489645128913252847269177436828613281250000000000000000000 57.6054190051018792928516631945967674255371093750000000000000000000 -10.1204133109729017547806506627239286899566650390625000000000000000 162.4180143781971139560482697561383247375488281250000000000000000000 87.1119081070706329228414688259363174438476562500000000000000000000
