4.091040596692941733e+00 -3.779524577713610967e+01 -2.806202855761766841e+02 1.725375310587417277e-01 -4.266583433188176855e+01 -2.144464166496143420e+01 -1.168424186288108402e+01 -1.680986772171113808e+00 7.485975657257808891e+00 -5.360007915458371741e+01 -1.657023987632292261e+01
-3.779524577713610967e+01 2.765904589890431453e+04 2.013811643869747058e+05 -6.679507299534662934e+01 3.061822626135029350e+04 1.100571426352072558e+04 7.821666123921655526e+03 5.633762297886402848e+03 4.287234440677715611e+03 3.922522579330269946e+04 1.109245130551692637e+04
-2.806202855761766841e+02 2.013811643869747058e+05 1.520296197550025303e+06 -5.867119174881869412e+02 2.311476006336367282e+05 8.253942894780750794e+04 6.685165398067935894e+04 5.079067114446095366e+04 1.634358369557849255e+04 2.855927016596843023e+05 9.480700207926442090e+04
1.725375310587417277e-01 -6.679507299534662934e+01 -5.867119174881869412e+02 4.265350486100699112e-01 -8.920436176128251304e+01 -3.647724904303959903e+01 -3.727508280159528198e+01 -3.174464384795414773e+01 2.809590121467359225e+01 -9.472676063010541725e+01 -5.286239969016971685e+01
-4.266583433188176855e+01 3.061822626135029350e+04 2.311476006336367282e+05 -8.920436176128251304e+01 3.514394982029751554e+04 1.254939069748508882e+04 1.016420316049345092e+04 7.722272665375083307e+03 2.484897458190009274e+03 4.342184625173468521e+04 1.441456677271541048e+04
-2.144464166496143420e+01 1.100571426352072558e+04 8.253942894780750794e+04 -3.647724904303959903e+01 1.254939069748508882e+04 5.095077934798221577e+03 3.553423742921194844e+03 2.514355258249084727e+03 3.253132646660408227e+02 1.560797247240817160e+04 5.039358521795151319e+03
-1.168424186288108402e+01 7.821666123921655526e+03 6.685165398067935894e+04 -3.727508280159528198e+01 1.016420316049345092e+04 3.553423742921194844e+03 4.025696064177227072e+03 3.382952146990378424e+03 -1.511292384963776385e+03 1.109245130551692637e+04 5.709120902786352417e+03
-1.680986772171113808e+00 5.633762297886402848e+03 5.079067114446095366e+04 -3.174464384795414773e+01 7.722272665375083307e+03 2.514355258249084727e+03 3.382952146990378424e+03 3.426052462456605099e+03 -2.215274605413787867e+03 7.989631999892817475e+03 4.797600839112546055e+03
7.485975657257808891e+00 4.287234440677715611e+03 1.634358369557849255e+04 2.809590121467359225e+01 2.484897458190009274e+03 3.253132646660408227e+02 -1.511292384963776385e+03 -2.215274605413787867e+03 6.641660017289029383e+03 6.080026750708311738e+03 -2.143269339679262885e+03
-5.360007915458371741e+01 3.922522579330269946e+04 2.855927016596843023e+05 -9.472676063010541725e+01 4.342184625173468521e+04 1.560797247240817160e+04 1.109245130551692637e+04 7.989631999892817475e+03 6.080026750708311738e+03 5.562803374199291284e+04 1.573098033281592689e+04
-1.657023987632292261e+01 1.109245130551692637e+04 9.480700207926442090e+04 -5.286239969016971685e+01 1.441456677271541048e+04 5.039358521795151319e+03 5.709120902786352417e+03 4.797600839112546055e+03 -2.143269339679262885e+03 1.573098033281592689e+04 8.096503303533331746e+03
