0.4058977534726677660614768683444708585739135742187500000000000000 -3.2552859831728513384518919338006526231765747070312500000000000000 -24.0578509141910821256260533118620514869689941406250000000000000000 0.0140496094973896756830100684965145774185657501220703125000000000 -3.6192516242344283661225290416041389107704162597656250000000000000 -1.8281385479196272658697353108436800539493560791015625000000000000 -0.9490865549231597420032358058961108326911926269531250000000000000 -0.0499627287309058684683371609480673214420676231384277343750000000 0.5678386994086506156520499644102528691291809082031250000000000000 -4.6016155360963155729336904187221080064773559570312500000000000000 -1.3416122143523030452172406512545421719551086425781250000000000000
-3.2552859831728513384518919338006526231765747070312500000000000000 2767.7440523172735993284732103347778320312500000000000000000000000000 19841.2093827682692790403962135314941406250000000000000000000000000000 -5.7705169264676561269311605428811162710189819335937500000000000000 2984.9020821307221922324970364570617675781250000000000000000000000000 1029.9666293755030892498325556516647338867187500000000000000000000000 695.3377328786885982481180690228939056396484375000000000000000000000 551.8337470086744360742159187793731689453125000000000000000000000000 513.1414188997712244599824771285057067871093750000000000000000000000 3912.4347590093352664553094655275344848632812500000000000000000000000 982.9173015791112675287877209484577178955078125000000000000000000000
-24.0578509141910821256260533118620514869689941406250000000000000000 19841.2093827682692790403962135314941406250000000000000000000000000000 147748.1451903881679754704236984252929687500000000000000000000000000000 -51.1277023110644890380172000732272863388061523437500000000000000000 22227.1605375403378275223076343536376953125000000000000000000000000000 7649.7973072619424783624708652496337890625000000000000000000000000000 5987.3579496358515825704671442508697509765625000000000000000000000000 4858.0322256377039593644440174102783203125000000000000000000000000000 2284.7377915821084570779930800199508666992187500000000000000000000000 28047.1878116517764283344149589538574218750000000000000000000000000000 8463.6248561978245561476796865463256835937500000000000000000000000000
0.0140496094973896756830100684965145774185657501220703125000000000 -5.7705169264676561269311605428811162710189819335937500000000000000 -51.1277023110644890380172000732272863388061523437500000000000000000 0.0363524031636206571005409671215602429583668708801269531250000000 -7.6916271653983026013179369329009205102920532226562500000000000000 -3.1185239087066696228589535166975110769271850585937500000000000000 -3.2252482117423353358276472135912626981735229492187500000000000000 -2.7540161938259597462774763698689639568328857421875000000000000000 2.3813175913396587013437510904623195528984069824218750000000000000 -8.1571021647256500841649540234357118606567382812500000000000000000 -4.5591546658689789950358317582868039608001708984375000000000000000
-3.6192516242344283661225290416041389107704162597656250000000000000 2984.9020821307221922324970364570617675781250000000000000000000000000 22227.1605375403378275223076343536376953125000000000000000000000000000 -7.6916271653983026013179369329009205102920532226562500000000000000 3343.8434365789307776140049099922180175781250000000000000000000000000 1150.8318605898584792157635092735290527343750000000000000000000000000 900.7352760387283296950045041739940643310546875000000000000000000000 730.8400524192727516492595896124839782714843750000000000000000000000 343.7148643337733915359422098845243453979492187500000000000000000000 4219.4055655507809206028468906879425048828125000000000000000000000000 1273.2636891367496900784317404031753540039062500000000000000000000000
-1.8281385479196272658697353108436800539493560791015625000000000000 1029.9666293755030892498325556516647338867187500000000000000000000000 7649.7973072619424783624708652496337890625000000000000000000000000000 -3.1185239087066696228589535166975110769271850585937500000000000000 1150.8318605898584792157635092735290527343750000000000000000000000000 466.4233172616570755053544417023658752441406250000000000000000000000 307.1903471481669498643896076828241348266601562500000000000000000000 224.9018402303933328312268713489174842834472656250000000000000000000 58.0287244078738311259257898200303316116333007812500000000000000000 1455.9428781048545715748332440853118896484375000000000000000000000000 434.2389213368129503578529693186283111572265625000000000000000000000
-0.9490865549231597420032358058961108326911926269531250000000000000 695.3377328786885982481180690228939056396484375000000000000000000000 5987.3579496358515825704671442508697509765625000000000000000000000000 -3.2252482117423353358276472135912626981735229492187500000000000000 900.7352760387283296950045041739940643310546875000000000000000000000 307.1903471481669498643896076828241348266601562500000000000000000000 357.0854597248211348414770327508449554443359375000000000000000000000 302.7356977177254293565056286752223968505859375000000000000000000000 -124.6374801080577867651300039142370223999023437500000000000000000000 982.9173015791112675287877209484577178955078125000000000000000000000 504.7697829553742963071272242814302444458007812500000000000000000000
-0.0499627287309058684683371609480673214420676231384277343750000000 551.8337470086744360742159187793731689453125000000000000000000000000 4858.0322256377039593644440174102783203125000000000000000000000000000 -2.7540161938259597462774763698689639568328857421875000000000000000 730.8400524192727516492595896124839782714843750000000000000000000000 224.9018402303933328312268713489174842834472656250000000000000000000 302.7356977177254293565056286752223968505859375000000000000000000000 315.0246635049955443719227332621812820434570312500000000000000000000 -168.0837309294725230301992269232869148254394531250000000000000000000 780.0625679905205061004380695521831512451171875000000000000000000000 427.9419065329084901350142899900674819946289062500000000000000000000
0.5678386994086506156520499644102528691291809082031250000000000000 513.1414188997712244599824771285057067871093750000000000000000000000 2284.7377915821084570779930800199508666992187500000000000000000000000 2.3813175913396587013437510904623195528984069824218750000000000000 343.7148643337733915359422098845243453979492187500000000000000000000 58.0287244078738311259257898200303316116333007812500000000000000000 -124.6374801080577867651300039142370223999023437500000000000000000000 -168.0837309294725230301992269232869148254394531250000000000000000000 625.0405510250752740830648690462112426757812500000000000000000000000 725.3677672651701868744567036628723144531250000000000000000000000000 -176.1853698292044612117024371400475502014160156250000000000000000000
-4.6016155360963155729336904187221080064773559570312500000000000000 3912.4347590093352664553094655275344848632812500000000000000000000000 28047.1878116517764283344149589538574218750000000000000000000000000000 -8.1571021647256500841649540234357118606567382812500000000000000000 4219.4055655507809206028468906879425048828125000000000000000000000000 1455.9428781048545715748332440853118896484375000000000000000000000000 982.9173015791112675287877209484577178955078125000000000000000000000 780.0625679905205061004380695521831512451171875000000000000000000000 725.3677672651701868744567036628723144531250000000000000000000000000 5530.5495935177377759828232228755950927734375000000000000000000000000 1389.4347682583133973821531981229782104492187500000000000000000000000
-1.3416122143523030452172406512545421719551086425781250000000000000 982.9173015791112675287877209484577178955078125000000000000000000000 8463.6248561978245561476796865463256835937500000000000000000000000000 -4.5591546658689789950358317582868039608001708984375000000000000000 1273.2636891367496900784317404031753540039062500000000000000000000000 434.2389213368129503578529693186283111572265625000000000000000000000 504.7697829553742963071272242814302444458007812500000000000000000000 427.9419065329084901350142899900674819946289062500000000000000000000 -176.1853698292044612117024371400475502014160156250000000000000000000 1389.4347682583133973821531981229782104492187500000000000000000000000 713.5337685862791659019421786069869995117187500000000000000000000000
