7.017928198347829216e-01 -6.731215043765256034e+00 -5.166491501142245113e+01 3.036763387799438010e-02 -7.532509776770430321e+00 -3.777485549473884152e+00 -2.080576651298458923e+00 -3.251300236778364994e-01 1.303287641125059348e+00 -9.426336018941180228e+00 -2.913621760824351981e+00
-6.731215043765256034e+00 4.855637719735051178e+03 3.657516517748068873e+04 -1.171022663494980343e+01 5.332492838233772090e+03 1.925167735986589832e+03 1.377138945667952157e+03 9.831029797695354091e+02 7.322422633200586688e+02 6.799793563995986005e+03 1.928533609791654953e+03
-5.166491501142245113e+01 3.657516517748068873e+04 2.855125056594195194e+05 -1.062092872050804431e+02 4.162642558870607900e+04 1.492965506390686278e+04 1.215780897854378418e+04 9.153864604240197878e+03 2.843634642449389048e+03 5.121954872479526239e+04 1.702569178680520781e+04
3.036763387799438010e-02 -1.171022663494980343e+01 -1.062092872050804431e+02 7.420477228984950768e-02 -1.548483132274992258e+01 -6.344636856636393318e+00 -6.530565248919923071e+00 -5.514455969487899623e+00 4.904877764050976197e+00 -1.639890129809991137e+01 -9.145347761093789885e+00
-7.532509776770430321e+00 5.332492838233772090e+03 4.162642558870607900e+04 -1.548483132274992258e+01 6.068943646759375952e+03 2.176675848742335802e+03 1.772553288333901037e+03 1.334591852351402849e+03 4.145890057319845141e+02 7.467577396498024427e+03 2.482268475851293715e+03
-3.777485549473884152e+00 1.925167735986589832e+03 1.492965506390686278e+04 -6.344636856636393318e+00 2.176675848742335802e+03 8.851326904549756591e+02 6.223662713364209367e+02 4.370754839979712187e+02 5.287224492420933331e+01 2.695988444024326782e+03 8.715564073244928522e+02
-2.080576651298458923e+00 1.377138945667952157e+03 1.215780897854378418e+04 -6.530565248919923071e+00 1.772553288333901037e+03 6.223662713364209367e+02 7.087166269411235362e+02 5.905679974224325406e+02 -2.686845907126616453e+02 1.928533609791654953e+03 9.924807073197692944e+02
-3.251300236778364994e-01 9.831029797695354091e+02 9.153864604240197878e+03 -5.514455969487899623e+00 1.334591852351402849e+03 4.370754839979712187e+02 5.905679974224325406e+02 5.916156908261065155e+02 -3.866072538915728387e+02 1.376729010776966334e+03 8.270263762993779437e+02
1.303287641125059348e+00 7.322422633200586688e+02 2.843634642449389048e+03 4.904877764050976197e+00 4.145890057319845141e+02 5.287224492420933331e+01 -2.686845907126616453e+02 -3.866072538915728387e+02 1.147292655862113634e+03 1.025425807442914675e+03 -3.762636045204259290e+02
-9.426336018941180228e+00 6.799793563995986005e+03 5.121954872479526239e+04 -1.639890129809991137e+01 7.467577396498024427e+03 2.695988444024326782e+03 1.928533609791654953e+03 1.376729010776966334e+03 1.025425807442914675e+03 9.522372792565784039e+03 2.700701984934490611e+03
-2.913621760824351981e+00 1.928533609791654953e+03 1.702569178680520781e+04 -9.145347761093789885e+00 2.482268475851293715e+03 8.715564073244928522e+02 9.924807073197692944e+02 8.270263762993779437e+02 -3.762636045204259290e+02 2.700701984934490611e+03 1.389861500291539642e+03
