# A b_HI Tb sigma_NL sigma8tot n_s f DA H omegak omegaDE w0 wa h gamma sigma_8 fs8 bs8 pk0 pk1 pk2 pk3 pk4 pk5 pk6 pk7 pk8 pk9 pk10 pk11 pk12 pk13 pk14 pk15 pk16 pk17 pk18 pk19 pk20 pk21 pk22 pk23 pk24 pk25 pk26 pk27 pk28 pk29 pk30 pk31 pk32 pk33 pk34 pk35 pk36 pk37 pk38 pk39 pk40 pk41 pk42 pk43 pk44 pk45 pk46 pk47 pk48 pk49 pk50 pk51 pk52 pk53 pk54 pk55 pk56 pk57 pk58 pk59 pk60 pk61 pk62 pk63 pk64 pk65 pk66 pk67 pk68 pk69 pk70 pk71 pk72 pk73 pk74 pk75 pk76 pk77 pk78 pk79 pk80 pk81 pk82 pk83 pk84 pk85 pk86 pk87 pk88 pk89
1.769369505205042969e+01 -1.670808341669363131e+02 -1.239814180925133314e+03 6.958099484281626834e-01 -1.846006322216733508e+02 -9.196055456777725112e+01 -4.778264328305986197e+01 5.591764325770483879e+00 3.078526424805085782e+01 -1.340016019113406287e+02 -3.858330198491282204e+01 2.660394298557882209e+01 3.348423302919064870e+00 2.816224923134907598e+01 6.173453498360393610e+01 -1.376669091335683390e+02 -2.354485254268699634e+02 -6.733479012173205547e+01 0.000000000000000000e+00 0.000000000000000000e+00 0.000000000000000000e+00 0.000000000000000000e+00 0.000000000000000000e+00 0.000000000000000000e+00 0.000000000000000000e+00 0.000000000000000000e+00 0.000000000000000000e+00 0.000000000000000000e+00 4.118198777930723624e-19 -6.462617250655328718e-18 -4.220006010433900386e-17 6.364527666024771414e-17 6.609133482477407306e-17 -5.611098963542691736e-17 -6.748171827149301852e-16 -4.986157233529983395e-16 -9.990961144374389455e-16 1.040467549656317533e-15 -5.793196428489352860e-15 -1.807465812802622552e-15 -1.552163805837294862e-15 -7.096063813395548113e-15 -1.518328639109342561e-14 -1.202874838567283915e-14 -4.878288327783696782e-02 -1.097627143526334947e+00 -2.802173899242987876e+00 -3.531099977599479800e+00 -7.925906945304637130e-01 6.868085878572264491e+00 1.582276842047633458e+01 1.316115239611635346e+01 -1.426716486040083787e+01 -4.115098260273471453e+01 1.841781145536441011e+00 6.791115910494369245e+01 -1.479781867789689542e+01 -9.164750764440243813e+01 9.474529562268466520e+01 -4.671407889968938321e+01 -6.049228218776349308e+01 0.000000000000000000e+00 0.000000000000000000e+00 0.000000000000000000e+00 0.000000000000000000e+00 0.000000000000000000e+00 0.000000000000000000e+00 0.000000000000000000e+00 0.000000000000000000e+00 0.000000000000000000e+00 0.000000000000000000e+00 0.000000000000000000e+00 0.000000000000000000e+00 0.000000000000000000e+00 0.000000000000000000e+00 0.000000000000000000e+00 0.000000000000000000e+00 0.000000000000000000e+00 0.000000000000000000e+00 0.000000000000000000e+00 0.000000000000000000e+00 0.000000000000000000e+00 0.000000000000000000e+00 0.000000000000000000e+00 0.000000000000000000e+00 0.000000000000000000e+00 0.000000000000000000e+00 0.000000000000000000e+00 0.000000000000000000e+00 0.000000000000000000e+00 0.000000000000000000e+00 0.000000000000000000e+00 0.000000000000000000e+00 0.000000000000000000e+00 0.000000000000000000e+00 0.000000000000000000e+00 0.000000000000000000e+00 0.000000000000000000e+00 0.000000000000000000e+00 0.000000000000000000e+00 0.000000000000000000e+00 0.000000000000000000e+00 0.000000000000000000e+00 0.000000000000000000e+00 0.000000000000000000e+00 0.000000000000000000e+00 0.000000000000000000e+00 0.000000000000000000e+00
-1.670808341669363131e+02 1.271011309747439518e+05 9.126555121186218457e+05 -2.629994089043123040e+02 1.358887381107204419e+05 4.792225975653518253e+04 3.083914479684833350e+04 -2.521955522873499285e+04 2.986168797118172006e+04 1.390936627781979332e+05 6.534271538118823628e+03 -9.708624870401852604e+03 -1.360307615398929102e+03 7.142054733739270887e+04 -4.696247331861064595e+04 1.047254757609802182e+05 1.791095550683631736e+05 4.345819317964931543e+04 0.000000000000000000e+00 0.000000000000000000e+00 0.000000000000000000e+00 0.000000000000000000e+00 0.000000000000000000e+00 0.000000000000000000e+00 0.000000000000000000e+00 0.000000000000000000e+00 0.000000000000000000e+00 0.000000000000000000e+00 5.204738661116304699e-04 1.095821831933965068e-02 4.650539651482910736e-02 1.206915855404867566e-01 2.548370160181932520e-01 4.860098733376603253e-01 8.548607005831224681e-01 1.435703824219970004e+00 2.337550102084491321e+00 3.717542113033677875e+00 5.782955296786450816e+00 8.851781203473304771e+00 1.348485129245277392e+01 2.026047375849098486e+01 3.016840648776798872e+01 4.467990365015123189e+01 6.599660966332581324e+01 9.675416030136690893e+01 1.411351929410062098e+02 2.061513151767067598e+02 2.998592629732122532e+02 4.344612100188592763e+02 6.269444831066987263e+02 9.035833075252228355e+02 1.288586209357724556e+03 1.832160658844137743e+03 2.616806977965941314e+03 3.719161674467411103e+03 5.178987389227020685e+03 7.145656419147908309e+03 9.908857144685935054e+03 1.322106721429990102e+04 8.856807461669897748e+03 0.000000000000000000e+00 0.000000000000000000e+00 0.000000000000000000e+00 0.000000000000000000e+00 0.000000000000000000e+00 0.000000000000000000e+00 0.000000000000000000e+00 0.000000000000000000e+00 0.000000000000000000e+00 0.000000000000000000e+00 0.000000000000000000e+00 0.000000000000000000e+00 0.000000000000000000e+00 0.000000000000000000e+00 0.000000000000000000e+00 0.000000000000000000e+00 0.000000000000000000e+00 0.000000000000000000e+00 0.000000000000000000e+00 0.000000000000000000e+00 0.000000000000000000e+00 0.000000000000000000e+00 0.000000000000000000e+00 0.000000000000000000e+00 0.000000000000000000e+00 0.000000000000000000e+00 0.000000000000000000e+00 0.000000000000000000e+00 0.000000000000000000e+00 0.000000000000000000e+00 0.000000000000000000e+00 0.000000000000000000e+00 0.000000000000000000e+00 0.000000000000000000e+00 0.000000000000000000e+00 0.000000000000000000e+00 0.000000000000000000e+00 0.000000000000000000e+00 0.000000000000000000e+00 0.000000000000000000e+00 0.000000000000000000e+00 0.000000000000000000e+00 0.000000000000000000e+00 0.000000000000000000e+00 0.000000000000000000e+00 0.000000000000000000e+00 0.000000000000000000e+00
-1.239814180925133314e+03 9.126555121186218457e+05 6.805787223206236959e+06 -2.344372662883575686e+03 1.013339453201434808e+06 3.567290717678046203e+05 2.670553396257502027e+05 -2.228702097679840517e+05 1.329273207254455192e+05 9.820279423542630393e+05 6.631270798850050778e+04 -7.778026042018427688e+04 -1.093120171673751611e+04 4.771129543260156061e+05 -3.372161979067712673e+05 7.519860915438738884e+05 1.286104391460823361e+06 3.763315297997102025e+05 0.000000000000000000e+00 0.000000000000000000e+00 0.000000000000000000e+00 0.000000000000000000e+00 0.000000000000000000e+00 0.000000000000000000e+00 0.000000000000000000e+00 0.000000000000000000e+00 0.000000000000000000e+00 0.000000000000000000e+00 5.632947364164162495e-03 1.130441065711016574e-01 4.578207841434088765e-01 1.141784012173980845e+00 2.331172229761822035e+00 4.316015387531742853e+00 7.406234761092193253e+00 1.217367704438891529e+01 1.945745380124088086e+01 3.044819753430284592e+01 4.671372123949455357e+01 7.066931659888498984e+01 1.065318279255798473e+02 1.586334369208871919e+02 2.344088325838563946e+02 3.448995629845185249e+02 5.065357586597089607e+02 7.389081586970105491e+02 1.073429238012294945e+03 1.562259784176961375e+03 2.265421706068542790e+03 3.273463281140224808e+03 4.713456311617147549e+03 6.781136776061764976e+03 9.658652397140378525e+03 1.371891926054236137e+04 1.957268694114667596e+04 2.779283937415337641e+04 3.869240509976677276e+04 5.335945895345752069e+04 7.387978801402116369e+04 9.834002522685735312e+04 6.566703333569836104e+04 0.000000000000000000e+00 0.000000000000000000e+00 0.000000000000000000e+00 0.000000000000000000e+00 0.000000000000000000e+00 0.000000000000000000e+00 0.000000000000000000e+00 0.000000000000000000e+00 0.000000000000000000e+00 0.000000000000000000e+00 0.000000000000000000e+00 0.000000000000000000e+00 0.000000000000000000e+00 0.000000000000000000e+00 0.000000000000000000e+00 0.000000000000000000e+00 0.000000000000000000e+00 0.000000000000000000e+00 0.000000000000000000e+00 0.000000000000000000e+00 0.000000000000000000e+00 0.000000000000000000e+00 0.000000000000000000e+00 0.000000000000000000e+00 0.000000000000000000e+00 0.000000000000000000e+00 0.000000000000000000e+00 0.000000000000000000e+00 0.000000000000000000e+00 0.000000000000000000e+00 0.000000000000000000e+00 0.000000000000000000e+00 0.000000000000000000e+00 0.000000000000000000e+00 0.000000000000000000e+00 0.000000000000000000e+00 0.000000000000000000e+00 0.000000000000000000e+00 0.000000000000000000e+00 0.000000000000000000e+00 0.000000000000000000e+00 0.000000000000000000e+00 0.000000000000000000e+00 0.000000000000000000e+00 0.000000000000000000e+00 0.000000000000000000e+00 0.000000000000000000e+00
6.958099484281626834e-01 -2.629994089043123040e+02 -2.344372662883575686e+03 1.675817148008511781e+00 -3.490625308129537530e+02 -1.433023132688807095e+02 -1.461940058415525527e+02 1.284068077802416497e+02 1.402899188117269489e+02 -2.314410818028331107e+02 -6.735709983193831363e+01 4.307250966930710234e+01 5.941400414544607322e+00 -1.979600474731965321e+01 9.717539591314418601e+01 -2.166993952857402235e+02 -3.706159555846452349e+02 -2.060150302293162952e+02 0.000000000000000000e+00 0.000000000000000000e+00 0.000000000000000000e+00 0.000000000000000000e+00 0.000000000000000000e+00 0.000000000000000000e+00 0.000000000000000000e+00 0.000000000000000000e+00 0.000000000000000000e+00 0.000000000000000000e+00 -4.360573476780405600e-09 -9.475201694738365913e-08 -4.315840771221466210e-07 -1.237514425912522285e-06 -2.948637662804543294e-06 -6.470770853278609455e-06 -1.326243755591385901e-05 -2.618265694685294645e-05 -5.072132860556639351e-05 -9.681627852815259813e-05 -1.816560307694054530e-04 -3.373192029180455804e-04 -6.292434049714976671e-04 -1.160482038312675521e-03 -2.127696576692737936e-03 -3.899550754480639314e-03 -7.170761094140177747e-03 -1.308360883585055028e-02 -2.380678987544007988e-02 -4.363292697724063807e-02 -7.972689667302104710e-02 -1.450255225133829651e-01 -2.632085581805800323e-01 -4.802345536614033294e-01 -8.660467436709999856e-01 -1.556779656228568287e+00 -2.816841940787038645e+00 -5.078936417826182215e+00 -8.975289328204315353e+00 -1.568199377105670678e+01 -2.752374522917687827e+01 -4.604725427122458825e+01 -3.597310857771754655e+01 0.000000000000000000e+00 0.000000000000000000e+00 0.000000000000000000e+00 0.000000000000000000e+00 0.000000000000000000e+00 0.000000000000000000e+00 0.000000000000000000e+00 0.000000000000000000e+00 0.000000000000000000e+00 0.000000000000000000e+00 0.000000000000000000e+00 0.000000000000000000e+00 0.000000000000000000e+00 0.000000000000000000e+00 0.000000000000000000e+00 0.000000000000000000e+00 0.000000000000000000e+00 0.000000000000000000e+00 0.000000000000000000e+00 0.000000000000000000e+00 0.000000000000000000e+00 0.000000000000000000e+00 0.000000000000000000e+00 0.000000000000000000e+00 0.000000000000000000e+00 0.000000000000000000e+00 0.000000000000000000e+00 0.000000000000000000e+00 0.000000000000000000e+00 0.000000000000000000e+00 0.000000000000000000e+00 0.000000000000000000e+00 0.000000000000000000e+00 0.000000000000000000e+00 0.000000000000000000e+00 0.000000000000000000e+00 0.000000000000000000e+00 0.000000000000000000e+00 0.000000000000000000e+00 0.000000000000000000e+00 0.000000000000000000e+00 0.000000000000000000e+00 0.000000000000000000e+00 0.000000000000000000e+00 0.000000000000000000e+00 0.000000000000000000e+00 0.000000000000000000e+00
-1.846006322216733508e+02 1.358887381107204419e+05 1.013339453201434808e+06 -3.490625308129537530e+02 1.508799516848289059e+05 5.311474347796962684e+04 3.976288164110307844e+04 -3.318399019750463776e+04 1.979205256963598003e+04 1.462178621659861237e+05 9.873550413719305652e+03 -1.158099775663032233e+04 -1.627588052224610465e+03 7.103915599998399557e+04 -5.020939773614185106e+04 1.119660591535748099e+05 1.914929571055415436e+05 5.603342774651738728e+04 0.000000000000000000e+00 0.000000000000000000e+00 0.000000000000000000e+00 0.000000000000000000e+00 0.000000000000000000e+00 0.000000000000000000e+00 0.000000000000000000e+00 0.000000000000000000e+00 0.000000000000000000e+00 0.000000000000000000e+00 8.387108815937196820e-04 1.683156545796900619e-02 6.816667166529129240e-02 1.700045488676689975e-01 3.470970682965810461e-01 6.426278884972219663e-01 1.102742362778566410e+00 1.812584912667949411e+00 2.897094039086464790e+00 4.533547527782408437e+00 6.955382997638451137e+00 1.052222238101303375e+01 1.586192760927946743e+01 2.361953363466250977e+01 3.490201947927012327e+01 5.135340308207497628e+01 7.542002884794700890e+01 1.100188361673995416e+02 1.598269474821119331e+02 2.326107801399452626e+02 3.373072236332231455e+02 4.873983541646629192e+02 7.018043739623141164e+02 1.009669154702331753e+03 1.438113361141787436e+03 2.042661882609278109e+03 2.914251538013947084e+03 4.138181187664560639e+03 5.761058837272136770e+03 7.944892072830314646e+03 1.100024163751283595e+04 1.464221905901027276e+04 9.777413467594167741e+03 0.000000000000000000e+00 0.000000000000000000e+00 0.000000000000000000e+00 0.000000000000000000e+00 0.000000000000000000e+00 0.000000000000000000e+00 0.000000000000000000e+00 0.000000000000000000e+00 0.000000000000000000e+00 0.000000000000000000e+00 0.000000000000000000e+00 0.000000000000000000e+00 0.000000000000000000e+00 0.000000000000000000e+00 0.000000000000000000e+00 0.000000000000000000e+00 0.000000000000000000e+00 0.000000000000000000e+00 0.000000000000000000e+00 0.000000000000000000e+00 0.000000000000000000e+00 0.000000000000000000e+00 0.000000000000000000e+00 0.000000000000000000e+00 0.000000000000000000e+00 0.000000000000000000e+00 0.000000000000000000e+00 0.000000000000000000e+00 0.000000000000000000e+00 0.000000000000000000e+00 0.000000000000000000e+00 0.000000000000000000e+00 0.000000000000000000e+00 0.000000000000000000e+00 0.000000000000000000e+00 0.000000000000000000e+00 0.000000000000000000e+00 0.000000000000000000e+00 0.000000000000000000e+00 0.000000000000000000e+00 0.000000000000000000e+00 0.000000000000000000e+00 0.000000000000000000e+00 0.000000000000000000e+00 0.000000000000000000e+00 0.000000000000000000e+00 0.000000000000000000e+00
-9.196055456777725112e+01 4.792225975653518253e+04 3.567290717678046203e+05 -1.433023132688807095e+02 5.311474347796962684e+04 2.173826239652288859e+04 1.390826885700266575e+04 -1.047924094690982383e+04 3.663549548179055364e+03 4.929651910479200887e+04 4.885006849605492789e+03 -4.730622197856374441e+03 -6.471361071842320598e+02 1.939117624951472681e+04 -1.770674916835331169e+04 3.948573402971274481e+04 6.753153616366421920e+04 1.959938379497128335e+04 0.000000000000000000e+00 0.000000000000000000e+00 0.000000000000000000e+00 0.000000000000000000e+00 0.000000000000000000e+00 0.000000000000000000e+00 0.000000000000000000e+00 0.000000000000000000e+00 0.000000000000000000e+00 0.000000000000000000e+00 -9.088032466061203097e-04 -1.759218851790728122e-02 -6.807761911276032085e-02 -1.615634177051272491e-01 -3.129087502093313988e-01 -5.469385239976347624e-01 -8.836739931782012780e-01 -1.362632511080604347e+00 -2.032764521598412699e+00 -2.952663663799494742e+00 -4.183389025489533175e+00 -5.806522409565127774e+00 -7.948684920148161304e+00 -1.065381025380577285e+01 -1.400505037611579873e+01 -1.803753988206877423e+01 -2.267607924557619015e+01 -2.758487038406129699e+01 -3.212625598626321732e+01 -3.500428481223060828e+01 -3.380937048702724468e+01 -2.456159743051508215e+01 -4.030458984709003878e-01 5.064282673154243497e+01 1.439597167863418292e+02 3.061896576114542654e+02 5.834550786908421287e+02 1.036867117094388277e+03 1.730323775031807827e+03 2.781378108558239546e+03 4.408889424614854761e+03 6.597584329385903402e+03 4.758554713939827707e+03 0.000000000000000000e+00 0.000000000000000000e+00 0.000000000000000000e+00 0.000000000000000000e+00 0.000000000000000000e+00 0.000000000000000000e+00 0.000000000000000000e+00 0.000000000000000000e+00 0.000000000000000000e+00 0.000000000000000000e+00 0.000000000000000000e+00 0.000000000000000000e+00 0.000000000000000000e+00 0.000000000000000000e+00 0.000000000000000000e+00 0.000000000000000000e+00 0.000000000000000000e+00 0.000000000000000000e+00 0.000000000000000000e+00 0.000000000000000000e+00 0.000000000000000000e+00 0.000000000000000000e+00 0.000000000000000000e+00 0.000000000000000000e+00 0.000000000000000000e+00 0.000000000000000000e+00 0.000000000000000000e+00 0.000000000000000000e+00 0.000000000000000000e+00 0.000000000000000000e+00 0.000000000000000000e+00 0.000000000000000000e+00 0.000000000000000000e+00 0.000000000000000000e+00 0.000000000000000000e+00 0.000000000000000000e+00 0.000000000000000000e+00 0.000000000000000000e+00 0.000000000000000000e+00 0.000000000000000000e+00 0.000000000000000000e+00 0.000000000000000000e+00 0.000000000000000000e+00 0.000000000000000000e+00 0.000000000000000000e+00 0.000000000000000000e+00 0.000000000000000000e+00
-4.778264328305986197e+01 3.083914479684833350e+04 2.670553396257502027e+05 -1.461940058415525527e+02 3.976288164110307844e+04 1.390826885700266575e+04 1.572512590366926088e+04 -1.366891058903446901e+04 -7.481060209458155441e+03 3.072389387487628846e+04 5.089824233593128156e+03 -3.813385217415997431e+03 -5.402966298671873346e+02 1.087339105089618533e+04 -1.139472562977072084e+04 2.541003440444173975e+04 4.345819317964931543e+04 2.215967932307273804e+04 0.000000000000000000e+00 0.000000000000000000e+00 0.000000000000000000e+00 0.000000000000000000e+00 0.000000000000000000e+00 0.000000000000000000e+00 0.000000000000000000e+00 0.000000000000000000e+00 0.000000000000000000e+00 0.000000000000000000e+00 4.688363418270356255e-04 8.867453616243570896e-03 3.367049338502967754e-02 7.900481451299594393e-02 1.524192433328575291e-01 2.672194035746338070e-01 4.365262716170115187e-01 6.852792176287560988e-01 1.050111403060657533e+00 1.580402170874856127e+00 2.340802776911620864e+00 3.432310712598178437e+00 5.025294813962233320e+00 7.292529321504700235e+00 1.053337782053346672e+01 1.519103816399955065e+01 2.191194413207781011e+01 3.145583847433384506e+01 4.508673718910093697e+01 6.483362534775400832e+01 9.304349823967385191e+01 1.332064875120859710e+02 1.903647219684431775e+02 2.721712967911980172e+02 3.860029982117596887e+02 5.462824422871904062e+02 7.763433686508594747e+02 1.098862886669444151e+03 1.528460121594162274e+03 2.104178904946245893e+03 2.897331615608309676e+03 3.823281281015828426e+03 2.523081609480271709e+03 0.000000000000000000e+00 0.000000000000000000e+00 0.000000000000000000e+00 0.000000000000000000e+00 0.000000000000000000e+00 0.000000000000000000e+00 0.000000000000000000e+00 0.000000000000000000e+00 0.000000000000000000e+00 0.000000000000000000e+00 0.000000000000000000e+00 0.000000000000000000e+00 0.000000000000000000e+00 0.000000000000000000e+00 0.000000000000000000e+00 0.000000000000000000e+00 0.000000000000000000e+00 0.000000000000000000e+00 0.000000000000000000e+00 0.000000000000000000e+00 0.000000000000000000e+00 0.000000000000000000e+00 0.000000000000000000e+00 0.000000000000000000e+00 0.000000000000000000e+00 0.000000000000000000e+00 0.000000000000000000e+00 0.000000000000000000e+00 0.000000000000000000e+00 0.000000000000000000e+00 0.000000000000000000e+00 0.000000000000000000e+00 0.000000000000000000e+00 0.000000000000000000e+00 0.000000000000000000e+00 0.000000000000000000e+00 0.000000000000000000e+00 0.000000000000000000e+00 0.000000000000000000e+00 0.000000000000000000e+00 0.000000000000000000e+00 0.000000000000000000e+00 0.000000000000000000e+00 0.000000000000000000e+00 0.000000000000000000e+00 0.000000000000000000e+00 0.000000000000000000e+00
5.591764325770483879e+00 -2.521955522873499285e+04 -2.228702097679840517e+05 1.284068077802416497e+02 -3.318399019750463776e+04 -1.047924094690982383e+04 -1.366891058903446901e+04 1.472666242169715406e+04 1.016254553082249186e+04 -2.509522320330137518e+04 -4.815128784181549236e+03 3.358324203922594734e+03 4.865635106924045203e+02 -9.241737303923870058e+03 9.318348943504201088e+03 -2.077975152191526649e+04 -3.553912763324122352e+04 -1.926208268247184242e+04 -0.000000000000000000e+00 -0.000000000000000000e+00 -0.000000000000000000e+00 -0.000000000000000000e+00 -0.000000000000000000e+00 -0.000000000000000000e+00 -0.000000000000000000e+00 -0.000000000000000000e+00 -0.000000000000000000e+00 -0.000000000000000000e+00 -6.836450474023313866e-04 -1.308857347950646149e-02 -5.110623456437714263e-02 -1.245965969932615325e-01 -2.505812546785745609e-01 -4.585919001054208910e-01 -7.768484579879819663e-01 -1.258622282283589522e+00 -1.972776119588844246e+00 -2.999819785690155172e+00 -4.438611914675259840e+00 -6.406762867499970149e+00 -9.098864710174069614e+00 -1.259266998730860365e+01 -1.717047186948543214e+01 -2.327004071156567377e+01 -3.304430805722205378e+01 -5.246212927257086989e+01 -7.330260633690264171e+01 -1.017024074886143126e+02 -1.400063861277768353e+02 -1.896293785970940746e+02 -2.530009194269659361e+02 -3.368664727675038648e+02 -4.403224411583662459e+02 -5.849751839834066232e+02 -8.113441644416167264e+02 -1.134022183735470207e+03 -1.352406801733711973e+03 -1.598540273691913171e+03 -2.476266487790952851e+03 -2.645126790392653220e+03 -1.536230224704263719e+03 -0.000000000000000000e+00 -0.000000000000000000e+00 -0.000000000000000000e+00 -0.000000000000000000e+00 -0.000000000000000000e+00 -0.000000000000000000e+00 -0.000000000000000000e+00 -0.000000000000000000e+00 -0.000000000000000000e+00 -0.000000000000000000e+00 -0.000000000000000000e+00 -0.000000000000000000e+00 -0.000000000000000000e+00 -0.000000000000000000e+00 -0.000000000000000000e+00 -0.000000000000000000e+00 -0.000000000000000000e+00 -0.000000000000000000e+00 -0.000000000000000000e+00 -0.000000000000000000e+00 -0.000000000000000000e+00 -0.000000000000000000e+00 -0.000000000000000000e+00 -0.000000000000000000e+00 -0.000000000000000000e+00 -0.000000000000000000e+00 -0.000000000000000000e+00 -0.000000000000000000e+00 -0.000000000000000000e+00 -0.000000000000000000e+00 -0.000000000000000000e+00 -0.000000000000000000e+00 -0.000000000000000000e+00 -0.000000000000000000e+00 -0.000000000000000000e+00 -0.000000000000000000e+00 -0.000000000000000000e+00 -0.000000000000000000e+00 -0.000000000000000000e+00 -0.000000000000000000e+00 -0.000000000000000000e+00 -0.000000000000000000e+00 -0.000000000000000000e+00 -0.000000000000000000e+00 -0.000000000000000000e+00 -0.000000000000000000e+00 -0.000000000000000000e+00
3.078526424805085782e+01 2.986168797118172006e+04 1.329273207254455192e+05 1.402899188117269489e+02 1.979205256963598003e+04 3.663549548179055364e+03 -7.481060209458155441e+03 1.016254553082249186e+04 4.598839988945249934e+04 4.279785711232462199e+04 -8.556118643001847886e+03 2.000444538621221227e+03 2.711445922792241845e+02 3.946599456476912746e+04 -1.103356605751967982e+04 2.460465501624342141e+04 4.208077146985768923e+04 -1.054223007521420550e+04 0.000000000000000000e+00 0.000000000000000000e+00 0.000000000000000000e+00 0.000000000000000000e+00 0.000000000000000000e+00 0.000000000000000000e+00 0.000000000000000000e+00 0.000000000000000000e+00 0.000000000000000000e+00 0.000000000000000000e+00 7.868530306877162669e-04 1.631872274771168849e-02 6.680225615401996775e-02 1.657341149818223613e-01 3.327671619142563708e-01 6.011532220902762180e-01 9.999279022350638924e-01 1.588599283277676522e+00 2.444304468227282090e+00 3.660516732236114290e+00 5.359254079400708193e+00 7.702220996839151290e+00 1.096666140538811618e+01 1.534732567627940725e+01 2.130818771857533989e+01 2.954442223837136439e+01 4.220508825964878952e+01 6.428997564950000765e+01 9.037657140077594420e+01 1.264965250079474828e+02 1.757395787965577654e+02 2.410222600325112978e+02 3.261347186973241037e+02 4.376845106755272923e+02 5.733880732202037507e+02 7.456747147144933479e+02 9.736664277515278627e+02 1.235674173908256307e+03 1.328954695343934645e+03 1.243986209869320874e+03 1.194010805077108216e+03 5.508777659545567928e+01 -6.997741281428634466e+02 0.000000000000000000e+00 0.000000000000000000e+00 0.000000000000000000e+00 0.000000000000000000e+00 0.000000000000000000e+00 0.000000000000000000e+00 0.000000000000000000e+00 0.000000000000000000e+00 0.000000000000000000e+00 0.000000000000000000e+00 0.000000000000000000e+00 0.000000000000000000e+00 0.000000000000000000e+00 0.000000000000000000e+00 0.000000000000000000e+00 0.000000000000000000e+00 0.000000000000000000e+00 0.000000000000000000e+00 0.000000000000000000e+00 0.000000000000000000e+00 0.000000000000000000e+00 0.000000000000000000e+00 0.000000000000000000e+00 0.000000000000000000e+00 0.000000000000000000e+00 0.000000000000000000e+00 0.000000000000000000e+00 0.000000000000000000e+00 0.000000000000000000e+00 0.000000000000000000e+00 0.000000000000000000e+00 0.000000000000000000e+00 0.000000000000000000e+00 0.000000000000000000e+00 0.000000000000000000e+00 0.000000000000000000e+00 0.000000000000000000e+00 0.000000000000000000e+00 0.000000000000000000e+00 0.000000000000000000e+00 0.000000000000000000e+00 0.000000000000000000e+00 0.000000000000000000e+00 0.000000000000000000e+00 0.000000000000000000e+00 0.000000000000000000e+00 0.000000000000000000e+00
-1.340016019113406287e+02 1.390936627781979332e+05 9.820279423542630393e+05 -2.314410818028331107e+02 1.462178621659861237e+05 4.929651910479200887e+04 3.072389387487628846e+04 -2.509522320330137518e+04 4.279785711232462199e+04 1.557531532063125051e+05 4.179470196032408239e+03 -9.330964132475335646e+03 -1.320511801705259359e+03 8.645732227638075710e+04 -5.139358223576268210e+04 1.146067694132370671e+05 1.960093026865543798e+05 4.329578281242972298e+04 0.000000000000000000e+00 0.000000000000000000e+00 0.000000000000000000e+00 0.000000000000000000e+00 0.000000000000000000e+00 0.000000000000000000e+00 0.000000000000000000e+00 0.000000000000000000e+00 0.000000000000000000e+00 0.000000000000000000e+00 1.206149365251911942e-03 2.456616763196338774e-02 1.006590010712194588e-01 2.531775885106264945e-01 5.194820225190761587e-01 9.640501808797915517e-01 1.651735536667769511e+00 2.705120633800340180e+00 4.294069851689235939e+00 6.644691243309650552e+00 1.005062768053436173e+01 1.493155319409377491e+01 2.201682068842187689e+01 3.194770173908366928e+01 4.596593508716309628e+01 6.592984590108812881e+01 9.596984557675753535e+01 1.440459059203952279e+02 2.067231299516515151e+02 2.963718781347342883e+02 4.227931729882890295e+02 5.988182137752570497e+02 8.424290255612336296e+02 1.183420923830507490e+03 1.641332205664667072e+03 2.277735642992141493e+03 3.195900482465909135e+03 4.460159307986347812e+03 5.898240905771697726e+03 7.707624108242373040e+03 1.057218346661956275e+04 1.300440074317600738e+04 8.227314737017932202e+03 0.000000000000000000e+00 0.000000000000000000e+00 0.000000000000000000e+00 0.000000000000000000e+00 0.000000000000000000e+00 0.000000000000000000e+00 0.000000000000000000e+00 0.000000000000000000e+00 0.000000000000000000e+00 0.000000000000000000e+00 0.000000000000000000e+00 0.000000000000000000e+00 0.000000000000000000e+00 0.000000000000000000e+00 0.000000000000000000e+00 0.000000000000000000e+00 0.000000000000000000e+00 0.000000000000000000e+00 0.000000000000000000e+00 0.000000000000000000e+00 0.000000000000000000e+00 0.000000000000000000e+00 0.000000000000000000e+00 0.000000000000000000e+00 0.000000000000000000e+00 0.000000000000000000e+00 0.000000000000000000e+00 0.000000000000000000e+00 0.000000000000000000e+00 0.000000000000000000e+00 0.000000000000000000e+00 0.000000000000000000e+00 0.000000000000000000e+00 0.000000000000000000e+00 0.000000000000000000e+00 0.000000000000000000e+00 0.000000000000000000e+00 0.000000000000000000e+00 0.000000000000000000e+00 0.000000000000000000e+00 0.000000000000000000e+00 0.000000000000000000e+00 0.000000000000000000e+00 0.000000000000000000e+00 0.000000000000000000e+00 0.000000000000000000e+00 0.000000000000000000e+00
-3.858330198491282204e+01 6.534271538118823628e+03 6.631270798850050778e+04 -6.735709983193831363e+01 9.873550413719305652e+03 4.885006849605492789e+03 5.089824233593128156e+03 -4.815128784181549236e+03 -8.556118643001847886e+03 4.179470196032407330e+03 3.084774836913536092e+03 -1.678159865967510996e+03 -2.286088475552500370e+02 -3.133750815385624264e+03 -2.414341638127821625e+03 5.383938682000421977e+03 9.208025600660390410e+03 7.172525900152588292e+03 0.000000000000000000e+00 0.000000000000000000e+00 0.000000000000000000e+00 0.000000000000000000e+00 0.000000000000000000e+00 0.000000000000000000e+00 0.000000000000000000e+00 0.000000000000000000e+00 0.000000000000000000e+00 0.000000000000000000e+00 -3.247899659585931935e-04 -6.478502389996490529e-03 -2.571407179515412464e-02 -6.240861470395571431e-02 -1.232129705377124629e-01 -2.193603127487473436e-01 -3.597268932300335953e-01 -5.631141085527670009e-01 -8.516432935611126798e-01 -1.247139289467968926e+00 -1.776408322501898729e+00 -2.464615284304735088e+00 -3.350700652107150290e+00 -4.417514929764940312e+00 -5.712199364425077697e+00 -7.310535449564933508e+00 -1.002363946886527657e+01 -1.637349343929075118e+01 -2.203089929924284363e+01 -2.914708351493391802e+01 -3.787818667466770250e+01 -4.740276394832176265e+01 -5.658044318945857754e+01 -6.453236565257954283e+01 -6.606067532117343433e+01 -6.124809211117386099e+01 -5.083393159239115988e+01 -1.703067622688218563e+01 1.592833721609058273e+02 4.797048643939763792e+02 7.942268431225242011e+02 1.729624094605278060e+03 1.462781582700552008e+03 0.000000000000000000e+00 0.000000000000000000e+00 0.000000000000000000e+00 0.000000000000000000e+00 0.000000000000000000e+00 0.000000000000000000e+00 0.000000000000000000e+00 0.000000000000000000e+00 0.000000000000000000e+00 0.000000000000000000e+00 0.000000000000000000e+00 0.000000000000000000e+00 0.000000000000000000e+00 0.000000000000000000e+00 0.000000000000000000e+00 0.000000000000000000e+00 0.000000000000000000e+00 0.000000000000000000e+00 0.000000000000000000e+00 0.000000000000000000e+00 0.000000000000000000e+00 0.000000000000000000e+00 0.000000000000000000e+00 0.000000000000000000e+00 0.000000000000000000e+00 0.000000000000000000e+00 0.000000000000000000e+00 0.000000000000000000e+00 0.000000000000000000e+00 0.000000000000000000e+00 0.000000000000000000e+00 0.000000000000000000e+00 0.000000000000000000e+00 0.000000000000000000e+00 0.000000000000000000e+00 0.000000000000000000e+00 0.000000000000000000e+00 0.000000000000000000e+00 0.000000000000000000e+00 0.000000000000000000e+00 0.000000000000000000e+00 0.000000000000000000e+00 0.000000000000000000e+00 0.000000000000000000e+00 0.000000000000000000e+00 0.000000000000000000e+00 0.000000000000000000e+00
2.660394298557882209e+01 -9.708624870401852604e+03 -7.778026042018427688e+04 4.307250966930710234e+01 -1.158099775663032051e+04 -4.730622197856374441e+03 -3.813385217415997431e+03 3.358324203922594734e+03 2.000444538621221227e+03 -9.330964132475337465e+03 -1.678159865967511223e+03 1.248452828944440625e+03 1.717659053329405765e+02 -2.480452992319947498e+03 3.587230364828507845e+03 -7.999459570031312978e+03 -1.368129038292236692e+04 -5.373781683589997556e+03 0.000000000000000000e+00 0.000000000000000000e+00 0.000000000000000000e+00 0.000000000000000000e+00 0.000000000000000000e+00 0.000000000000000000e+00 0.000000000000000000e+00 0.000000000000000000e+00 0.000000000000000000e+00 0.000000000000000000e+00 1.262859387954659953e-04 2.478427137284098213e-03 9.655225011150136288e-03 2.300138408068290105e-02 4.454739325122357430e-02 7.767470723513196507e-02 1.244880751664056290e-01 1.900131915259176130e-01 2.790401832068954424e-01 3.936891303022538313e-01 5.357604614133546495e-01 7.003640733654868944e-01 8.762480826303958859e-01 1.024325465046108441e+00 1.114168203765341314e+00 1.103370427249564800e+00 1.263139997171785378e+00 2.663005247689790078e+00 3.006834022562931974e+00 2.954230156935953033e+00 2.156268017589254793e+00 -4.209624512911965821e-01 -6.208579788080557549e+00 -1.697950489262196072e+01 -3.643798780352880584e+01 -6.705363228593911629e+01 -1.125399467355552616e+02 -1.849618934130997445e+02 -3.428797776689810348e+02 -5.934629286599198394e+02 -8.768950589596280452e+02 -1.479805008098158396e+03 -1.131014071425034672e+03 0.000000000000000000e+00 0.000000000000000000e+00 0.000000000000000000e+00 0.000000000000000000e+00 0.000000000000000000e+00 0.000000000000000000e+00 0.000000000000000000e+00 0.000000000000000000e+00 0.000000000000000000e+00 0.000000000000000000e+00 0.000000000000000000e+00 0.000000000000000000e+00 0.000000000000000000e+00 0.000000000000000000e+00 0.000000000000000000e+00 0.000000000000000000e+00 0.000000000000000000e+00 0.000000000000000000e+00 0.000000000000000000e+00 0.000000000000000000e+00 0.000000000000000000e+00 0.000000000000000000e+00 0.000000000000000000e+00 0.000000000000000000e+00 0.000000000000000000e+00 0.000000000000000000e+00 0.000000000000000000e+00 0.000000000000000000e+00 0.000000000000000000e+00 0.000000000000000000e+00 0.000000000000000000e+00 0.000000000000000000e+00 0.000000000000000000e+00 0.000000000000000000e+00 0.000000000000000000e+00 0.000000000000000000e+00 0.000000000000000000e+00 0.000000000000000000e+00 0.000000000000000000e+00 0.000000000000000000e+00 0.000000000000000000e+00 0.000000000000000000e+00 0.000000000000000000e+00 0.000000000000000000e+00 0.000000000000000000e+00 0.000000000000000000e+00 0.000000000000000000e+00
3.348423302919064870e+00 -1.360307615398929102e+03 -1.093120171673751611e+04 5.941400414544607322e+00 -1.627588052224610237e+03 -6.471361071842320598e+02 -5.402966298671873346e+02 4.865635106924045203e+02 2.711445922792241845e+02 -1.320511801705259359e+03 -2.286088475552500654e+02 1.717659053329406049e+02 2.375334431928503776e+01 -3.813531798099246544e+02 5.026187383491437686e+02 -1.120830799155084605e+03 -1.916930950037119374e+03 -7.613802350797133158e+02 0.000000000000000000e+00 0.000000000000000000e+00 0.000000000000000000e+00 0.000000000000000000e+00 0.000000000000000000e+00 0.000000000000000000e+00 0.000000000000000000e+00 0.000000000000000000e+00 0.000000000000000000e+00 0.000000000000000000e+00 1.204888005761884813e-05 2.374971407085362462e-04 9.225975980343032205e-04 2.179898819915368231e-03 4.169484233329150483e-03 7.151878074469078875e-03 1.123630819961941342e-02 1.675815279500016131e-02 2.393651153036267104e-02 3.258839826290481356e-02 4.238369350306993300e-02 5.203604209640338984e-02 5.901397853495644191e-02 5.790858270275939246e-02 4.323684128385858055e-02 7.111761095254839037e-03 -2.819794161488613574e-02 3.954353422955901587e-02 -3.476673017842785846e-02 -2.018406946218015974e-01 -5.188143193396057562e-01 -1.124232187817606032e+00 -2.211988714412377544e+00 -4.041588136892968919e+00 -7.072385965640024530e+00 -1.172702141370172590e+01 -1.868015980039135115e+01 -2.950376820450409454e+01 -5.045177802319105353e+01 -8.305766018523104322e+01 -1.228684794174414634e+02 -1.986750340817636413e+02 -1.490251031751764685e+02 0.000000000000000000e+00 0.000000000000000000e+00 0.000000000000000000e+00 0.000000000000000000e+00 0.000000000000000000e+00 0.000000000000000000e+00 0.000000000000000000e+00 0.000000000000000000e+00 0.000000000000000000e+00 0.000000000000000000e+00 0.000000000000000000e+00 0.000000000000000000e+00 0.000000000000000000e+00 0.000000000000000000e+00 0.000000000000000000e+00 0.000000000000000000e+00 0.000000000000000000e+00 0.000000000000000000e+00 0.000000000000000000e+00 0.000000000000000000e+00 0.000000000000000000e+00 0.000000000000000000e+00 0.000000000000000000e+00 0.000000000000000000e+00 0.000000000000000000e+00 0.000000000000000000e+00 0.000000000000000000e+00 0.000000000000000000e+00 0.000000000000000000e+00 0.000000000000000000e+00 0.000000000000000000e+00 0.000000000000000000e+00 0.000000000000000000e+00 0.000000000000000000e+00 0.000000000000000000e+00 0.000000000000000000e+00 0.000000000000000000e+00 0.000000000000000000e+00 0.000000000000000000e+00 0.000000000000000000e+00 0.000000000000000000e+00 0.000000000000000000e+00 0.000000000000000000e+00 0.000000000000000000e+00 0.000000000000000000e+00 0.000000000000000000e+00 0.000000000000000000e+00
2.816224923134907598e+01 7.142054733739272342e+04 4.771129543260155478e+05 -1.979600474731964255e+01 7.103915599998399557e+04 1.939117624951472681e+04 1.087339105089618533e+04 -9.241737303923870058e+03 3.946599456476912746e+04 8.645732227638075710e+04 -3.133750815385624264e+03 -2.480452992319947953e+03 -3.813531798099247112e+02 5.972149852036359516e+04 -2.638910860202619369e+04 5.884724031688048854e+04 1.006450718277343549e+05 1.532266643321472657e+04 0.000000000000000000e+00 0.000000000000000000e+00 0.000000000000000000e+00 0.000000000000000000e+00 0.000000000000000000e+00 0.000000000000000000e+00 0.000000000000000000e+00 0.000000000000000000e+00 0.000000000000000000e+00 0.000000000000000000e+00 1.909431923034409385e-03 3.803181573265490556e-02 1.521275265337551641e-01 3.742623194755836380e-01 7.520502030368132473e-01 1.367105418975719022e+00 2.294195091746549231e+00 3.679983336913265735e+00 5.714309415875247211e+00 8.622990271587779532e+00 1.269182578605189349e+01 1.828028375843763342e+01 2.599452571163129022e+01 3.617552388691182585e+01 4.977529663396401816e+01 6.824157183684842209e+01 9.720067212701569304e+01 1.511239906735555110e+02 2.118017101787955880e+02 2.951604342653145636e+02 4.082091514566642445e+02 5.564146022383057471e+02 7.477314809489687377e+02 9.996399792739792929e+02 1.308153650271317247e+03 1.718988587767086074e+03 2.312953257101824875e+03 3.085539103276198148e+03 3.509563088430402331e+03 3.763864925125671107e+03 4.968334338093110091e+03 3.871744942687082130e+03 1.387906073392109420e+03 0.000000000000000000e+00 0.000000000000000000e+00 0.000000000000000000e+00 0.000000000000000000e+00 0.000000000000000000e+00 0.000000000000000000e+00 0.000000000000000000e+00 0.000000000000000000e+00 0.000000000000000000e+00 0.000000000000000000e+00 0.000000000000000000e+00 0.000000000000000000e+00 0.000000000000000000e+00 0.000000000000000000e+00 0.000000000000000000e+00 0.000000000000000000e+00 0.000000000000000000e+00 0.000000000000000000e+00 0.000000000000000000e+00 0.000000000000000000e+00 0.000000000000000000e+00 0.000000000000000000e+00 0.000000000000000000e+00 0.000000000000000000e+00 0.000000000000000000e+00 0.000000000000000000e+00 0.000000000000000000e+00 0.000000000000000000e+00 0.000000000000000000e+00 0.000000000000000000e+00 0.000000000000000000e+00 0.000000000000000000e+00 0.000000000000000000e+00 0.000000000000000000e+00 0.000000000000000000e+00 0.000000000000000000e+00 0.000000000000000000e+00 0.000000000000000000e+00 0.000000000000000000e+00 0.000000000000000000e+00 0.000000000000000000e+00 0.000000000000000000e+00 0.000000000000000000e+00 0.000000000000000000e+00 0.000000000000000000e+00 0.000000000000000000e+00 0.000000000000000000e+00
