0.0621230650404256817820325409229553770273923873901367187500000000 0.0239086494709839225691894171177409589290618896484375000000000000 0.2180485275883606022251370859521557576954364776611328125000000000 0.0001703102163430128546117714449792401865124702453613281250000000 0.0252820493779148287860625288203664240427315235137939453125000000 -0.0184331960847450571083783188441884703934192657470703125000000000 0.0069190544408756103275659476992132113082334399223327636718750000 0.0743248101104806990768736341124167665839195251464843750000000000 0.0680628010453012133318395626702113077044486999511718750000000000 0.0315372004018531007507597507810714887455105781555175781250000000 0.0091267223921639908240655003623942320700734853744506835937500000
0.0239086494709839225691894171177409589290618896484375000000000000 349.5063160483723549987189471721649169921875000000000000000000000000 3178.3446947305087633139919489622116088867187500000000000000000000000 -0.6007736864482232652662219152261968702077865600585937500000000000 368.5191934150879546905343886464834213256835937500000000000000000000 102.1570288810685838143399450927972793579101562500000000000000000000 99.7352666049522866842380608431994915008544921875000000000000000000 86.4786899238604576112265931442379951477050781250000000000000000000 70.6555681113881917099206475540995597839355468750000000000000000000 461.0235615486331539614184293895959854125976562500000000000000000000 131.5578738092212063293118262663483619689941406250000000000000000000
0.2180485275883606022251370859521557576954364776611328125000000000 3178.3446947305087633139919489622116088867187500000000000000000000000 29969.2477451710474269930273294448852539062500000000000000000000000000 -6.6127165536937289047614285664167255163192749023437500000000000000 3474.8411727079273987328633666038513183593750000000000000000000000000 958.8839154982152876982581801712512969970703125000000000000000000000 1070.7886240122227263782406225800514221191406250000000000000000000000 930.6118204985252759797731414437294006347656250000000000000000000000 460.6507179135484761900443118065595626831054687500000000000000000000 4192.4615485090780566679313778877258300781250000000000000000000000000 1412.4459628922754745872225612401962280273437500000000000000000000000
0.0001703102163430128546117714449792401865124702453613281250000000 -0.6007736864482232652662219152261968702077865600585937500000000000 -6.6127165536937289047614285664167255163192749023437500000000000000 0.0029920949757418690770349734009414532920345664024353027343750000 -0.7667239411414560334989687362394761294126510620117187500000000000 -0.2722520364832180517211668302479665726423263549804687500000000000 -0.3480706957853162419880277411721181124448776245117187500000000000 -0.3002181152907178462996284906694199889898300170898437500000000000 0.1775169414271559886753237833545426838099956512451171875000000000 -0.7924630025075952710622573249565903097391128540039062500000000000 -0.4591298768387582218686304713628487661480903625488281250000000000
0.0252820493779148287860625288203664240427315235137939453125000000 368.5191934150879546905343886464834213256835937500000000000000000000 3474.8411727079273987328633666038513183593750000000000000000000000000 -0.7667239411414560334989687362394761294126510620117187500000000000 402.8970389319090372737264260649681091308593750000000000000000000000 111.1796111051025377491896506398916244506835937500000000000000000000 124.1546144108497600200280430726706981658935546875000000000000000000 107.9015495208086008460668381303548812866210937500000000000000000000 53.4110196710353761773149017244577407836914062500000000000000000000 486.1028921255303316684148740023374557495117187500000000000000000000 163.7687214512750983885780442506074905395507812500000000000000000000
-0.0184331960847450571083783188441884703934192657470703125000000000 102.1570288810685838143399450927972793579101562500000000000000000000 958.8839154982152876982581801712512969970703125000000000000000000000 -0.2722520364832180517211668302479665726423263549804687500000000000 111.1796111051025377491896506398916244506835937500000000000000000000 41.4591274324952081542505766265094280242919921875000000000000000000 33.7444892646005953906751528847962617874145507812500000000000000000 25.9080548728121087265208188910037279129028320312500000000000000000 6.4321163209201728250263840891420841217041015625000000000000000000 134.7523496126419786378392018377780914306640625000000000000000000000 44.5113690627915872255471185781061649322509765625000000000000000000
0.0069190544408756103275659476992132113082334399223327636718750000 99.7352666049522866842380608431994915008544921875000000000000000000 1070.7886240122227263782406225800514221191406250000000000000000000000 -0.3480706957853162419880277411721181124448776245117187500000000000 124.1546144108497600200280430726706981658935546875000000000000000000 33.7444892646005953906751528847962617874145507812500000000000000000 53.6348322932311063482302415650337934494018554687500000000000000000 46.8362034058777041423127229791134595870971679687500000000000000000 -7.7878524545246570198742119828239083290100097656250000000000000000 131.5578738092212063293118262663483619689941406250000000000000000000 70.7481389362554295985319186002016067504882812500000000000000000000
0.0743248101104806990768736341124167665839195251464843750000000000 86.4786899238604576112265931442379951477050781250000000000000000000 930.6118204985252759797731414437294006347656250000000000000000000000 -0.3002181152907178462996284906694199889898300170898437500000000000 107.9015495208086008460668381303548812866210937500000000000000000000 25.9080548728121087265208188910037279129028320312500000000000000000 46.8362034058777041423127229791134595870971679687500000000000000000 47.4194126581095218853079131804406642913818359375000000000000000000 -11.0906033015589233770015198388136923313140869140625000000000000000 114.0715111461394570824268157593905925750732421875000000000000000000 61.7802663703665331240699742920696735382080078125000000000000000000
0.0680628010453012133318395626702113077044486999511718750000000000 70.6555681113881917099206475540995597839355468750000000000000000000 460.6507179135484761900443118065595626831054687500000000000000000000 0.1775169414271559886753237833545426838099956512451171875000000000 53.4110196710353761773149017244577407836914062500000000000000000000 6.4321163209201728250263840891420841217041015625000000000000000000 -7.7878524545246570198742119828239083290100097656250000000000000000 -11.0906033015589233770015198388136923313140869140625000000000000000 64.6779524631413096358301118016242980957031250000000000000000000000 93.1996938488685771062591811642050743103027343750000000000000000000 -10.2727284473545985576947714434936642646789550781250000000000000000
0.0315372004018531007507597507810714887455105781555175781250000000 461.0235615486331539614184293895959854125976562500000000000000000000 4192.4615485090780566679313778877258300781250000000000000000000000000 -0.7924630025075952710622573249565903097391128540039062500000000000 486.1028921255303316684148740023374557495117187500000000000000000000 134.7523496126419786378392018377780914306640625000000000000000000000 131.5578738092212063293118262663483619689941406250000000000000000000 114.0715111461394570824268157593905925750732421875000000000000000000 93.1996938488685771062591811642050743103027343750000000000000000000 608.1226992005774718563770875334739685058593750000000000000000000000 173.5341444441837950307672144845128059387207031250000000000000000000
0.0091267223921639908240655003623942320700734853744506835937500000 131.5578738092212063293118262663483619689941406250000000000000000000 1412.4459628922754745872225612401962280273437500000000000000000000000 -0.4591298768387582218686304713628487661480903625488281250000000000 163.7687214512750983885780442506074905395507812500000000000000000000 44.5113690627915872255471185781061649322509765625000000000000000000 70.7481389362554295985319186002016067504882812500000000000000000000 61.7802663703665331240699742920696735382080078125000000000000000000 -10.2727284473545985576947714434936642646789550781250000000000000000 173.5341444441837950307672144845128059387207031250000000000000000000 93.3218013170777993536830763332545757293701171875000000000000000000
