1.1666017347028028172672975415480323135852813720703125000000000000 2.6560482076620419711332488077459856867790222167968750000000000000 13.6250704676538116899564556661061942577362060546875000000000000000 -0.0017860368422434598316417275754020010936073958873748779296875000 3.8024386633753479713959677610546350479125976562500000000000000000 0.5289163306173241263508089105016551911830902099609375000000000000 1.0807121910469470460469665340497158467769622802734375000000000000 1.8943556547254472022245863627176731824874877929687500000000000000 1.5084198957120693584954551624832674860954284667968750000000000000 4.8717043315239463296961730520706623792648315429687500000000000000 1.9822344515683791854598894133232533931732177734375000000000000000
2.6560482076620419711332488077459856867790222167968750000000000000 3481.5655114061505628342274576425552368164062500000000000000000000000 16927.2510376963036833330988883972167968750000000000000000000000000000 -7.1178571595635444779759382072370499372482299804687500000000000000 4724.0000676106838000123389065265655517578125000000000000000000000000 907.5098011253273853071732446551322937011718750000000000000000000000 1160.4272565122123523906338959932327270507812500000000000000000000000 1346.2242133190809454390546306967735290527343750000000000000000000000 970.6481071341298729748814366757869720458984375000000000000000000000 6385.8621742907380394171923398971557617187500000000000000000000000000 2128.4472456715011503547430038452148437500000000000000000000000000000
13.6250704676538116899564556661061942577362060546875000000000000000 16927.2510376963036833330988883972167968750000000000000000000000000000 86106.3672353447182103991508483886718750000000000000000000000000000000 -41.5674402291594873304347856901586055755615234375000000000000000000 24030.2742445082330959849059581756591796875000000000000000000000000000 4496.0547538854525555507279932498931884765625000000000000000000000000 6687.6354419463068552431650459766387939453125000000000000000000000000 7774.5209304081981827039271593093872070312500000000000000000000000000 3550.9823490551243594381958246231079101562500000000000000000000000000 31047.8409101342804206069558858871459960937500000000000000000000000000 12266.4123550909771438455209136009216308593750000000000000000000000000
-0.0017860368422434598316417275754020010936073958873748779296875000 -7.1178571595635444779759382072370499372482299804687500000000000000 -41.5674402291594873304347856901586055755615234375000000000000000000 0.0490269047711747590900799309565627481788396835327148437500000000 -11.6005008737482828706788495765067636966705322265625000000000000000 -3.9790587367762904058565709419781342148780822753906250000000000000 -4.2845006241402074920188169926404953002929687500000000000000000000 -4.6628316171157679903558346268255263566970825195312500000000000000 3.0700997149838271660371447069337591528892517089843750000000000000 -13.0555219048293338346411474049091339111328125000000000000000000000 -7.8585999263221193444906020886264741420745849609375000000000000000
3.8024386633753479713959677610546350479125976562500000000000000000 4724.0000676106838000123389065265655517578125000000000000000000000000 24030.2742445082330959849059581756591796875000000000000000000000000000 -11.6005008737482828706788495765067636966705322265625000000000000000 6706.2878020156931597739458084106445312500000000000000000000000000000 1254.7437805487145396909909322857856750488281250000000000000000000000 1866.3627194725822846521623432636260986328125000000000000000000000000 2169.6870519081817292317282408475875854492187500000000000000000000000 990.9961646852086687431437894701957702636718750000000000000000000000 8664.7266134360470459796488285064697265625000000000000000000000000000 3423.2689445997893926687538623809814453125000000000000000000000000000
0.5289163306173241263508089105016551911830902099609375000000000000 907.5098011253273853071732446551322937011718750000000000000000000000 4496.0547538854525555507279932498931884765625000000000000000000000000 -3.9790587367762904058565709419781342148780822753906250000000000000 1254.7437805487145396909909322857856750488281250000000000000000000000 586.8146952420066781996865756809711456298828125000000000000000000000 325.4909576609214241216250229626893997192382812500000000000000000000 269.7769508353590595106652472168207168579101562500000000000000000000 -64.5693611851495745668216841295361518859863281250000000000000000000 1664.5478859490801823994843289256095886230468750000000000000000000000 597.0131504896071419352665543556213378906250000000000000000000000000
1.0807121910469470460469665340497158467769622802734375000000000000 1160.4272565122123523906338959932327270507812500000000000000000000000 6687.6354419463068552431650459766387939453125000000000000000000000000 -4.2845006241402074920188169926404953002929687500000000000000000000 1866.3627194725822846521623432636260986328125000000000000000000000000 325.4909576609214241216250229626893997192382812500000000000000000000 674.0224171571145461712148971855640411376953125000000000000000000000 786.3695601530188241667929105460643768310546875000000000000000000000 2.6011287739125505957815676083555445075035095214843750000000000000 2128.4472456715011503547430038452148437500000000000000000000000000000 1236.2870221015100469230674207210540771484375000000000000000000000000
1.8943556547254472022245863627176731824874877929687500000000000000 1346.2242133190809454390546306967735290527343750000000000000000000000 7774.5209304081981827039271593093872070312500000000000000000000000000 -4.6628316171157679903558346268255263566970825195312500000000000000 2169.6870519081817292317282408475875854492187500000000000000000000000 269.7769508353590595106652472168207168579101562500000000000000000000 786.3695601530188241667929105460643768310546875000000000000000000000 1057.8894022028607651009224355220794677734375000000000000000000000000 -42.6281640469272247173648793250322341918945312500000000000000000000 2469.2346743969519593520089983940124511718750000000000000000000000000 1442.3533358034214870713185518980026245117187500000000000000000000000
1.5084198957120693584954551624832674860954284667968750000000000000 970.6481071341298729748814366757869720458984375000000000000000000000 3550.9823490551243594381958246231079101562500000000000000000000000000 3.0700997149838271660371447069337591528892517089843750000000000000 990.9961646852086687431437894701957702636718750000000000000000000000 -64.5693611851495745668216841295361518859863281250000000000000000000 2.6011287739125505957815676083555445075035095214843750000000000000 -42.6281640469272247173648793250322341918945312500000000000000000000 1127.9597351634679398557636886835098266601562500000000000000000000000 1780.3557082547315530973719432950019836425781250000000000000000000000 4.7709715050223904242443495604675263166427612304687500000000000000
4.8717043315239463296961730520706623792648315429687500000000000000 6385.8621742907380394171923398971557617187500000000000000000000000000 31047.8409101342804206069558858871459960937500000000000000000000000000 -13.0555219048293338346411474049091339111328125000000000000000000000 8664.7266134360470459796488285064697265625000000000000000000000000000 1664.5478859490801823994843289256095886230468750000000000000000000000 2128.4472456715011503547430038452148437500000000000000000000000000000 2469.2346743969519593520089983940124511718750000000000000000000000000 1780.3557082547315530973719432950019836425781250000000000000000000000 11712.9020193467895296635106205940246582031250000000000000000000000000 3903.9824790248903809697367250919342041015625000000000000000000000000
1.9822344515683791854598894133232533931732177734375000000000000000 2128.4472456715011503547430038452148437500000000000000000000000000000 12266.4123550909771438455209136009216308593750000000000000000000000000 -7.8585999263221193444906020886264741420745849609375000000000000000 3423.2689445997893926687538623809814453125000000000000000000000000000 597.0131504896071419352665543556213378906250000000000000000000000000 1236.2870221015100469230674207210540771484375000000000000000000000000 1442.3533358034214870713185518980026245117187500000000000000000000000 4.7709715050223904242443495604675263166427612304687500000000000000 3903.9824790248903809697367250919342041015625000000000000000000000000 2267.5886767432962187740486115217208862304687500000000000000000000000
