0.0331528706185808819117966095291194505989551544189453125000000000 0.0427852761183803650957280240163527196273207664489746093750000000 0.4145641086019624665937044483143836259841918945312500000000000000 0.0000270811505863475063965190720027820248105854261666536331176758 0.0459220213152709139103890834121557418256998062133789062500000000 -0.0006845908366943764377515746488711556594353169202804565429687500 0.0137495794542708566626787458631042682100087404251098632812500000 0.0439009512651345953915260622579808114096522331237792968750000000 0.0388090305112174238644229262717999517917633056640625000000000000 0.0558598245807725574119118050475663039833307266235351562500000000 0.0179512478603595128368031197396703646518290042877197265625000000
0.0427852761183803650957280240163527196273207664489746093750000000 173.7432016079397385510674212127923965454101562500000000000000000000 1659.7529518810847548593301326036453247070312500000000000000000000000 -0.2854712672962538833054679798806319013237953186035156250000000000 183.8538572270566078259435016661882400512695312500000000000000000000 46.2403466551206889789682463742792606353759765625000000000000000000 52.2977807249183399562753038480877876281738281250000000000000000000 46.5791223097314031065252493135631084442138671875000000000000000000 35.9218513694963448301677999552339315414428710937500000000000000000 226.8365579099768183368723839521408081054687500000000000000000000000 68.2792100996318254146899562329053878784179687500000000000000000000
0.4145641086019624665937044483143836259841918945312500000000000000 1659.7529518810847548593301326036453247070312500000000000000000000000 16438.6539677254186244681477546691894531250000000000000000000000000000 -3.2773570965568694646208314225077629089355468750000000000000000000 1820.9396381321898843452800065279006958007812500000000000000000000000 455.0443778484392964855942409485578536987304687500000000000000000000 586.5650457981927274886402301490306854248046875000000000000000000000 522.1298429734093815568485297262668609619140625000000000000000000000 252.5500157157191836176934884861111640930175781250000000000000000000 2166.9489401674736654968000948429107666015625000000000000000000000000 765.8106604908425651956349611282348632812500000000000000000000000000
0.0000270811505863475063965190720027820248105854261666536331176758 -0.2854712672962538833054679798806319013237953186035156250000000000 -3.2773570965568694646208314225077629089355468750000000000000000000 0.0013552291341393115330082874692152472562156617641448974609375000 -0.3630388143184445359779033424274530261754989624023437500000000000 -0.1235114787838841321487848290416877716779708862304687500000000000 -0.1679900455956358784614934620549320243299007415771484375000000000 -0.1462295711145872034730786026557325385510921478271484375000000000 0.0791394491452252074603634923732897732406854629516601562500000000 -0.3727070702991004402804264827864244580268859863281250000000000000 -0.2193253223918530669944715327801532112061977386474609375000000000
0.0459220213152709139103890834121557418256998062133789062500000000 183.8538572270566078259435016661882400512695312500000000000000000000 1820.9396381321898843452800065279006958007812500000000000000000000000 -0.3630388143184445359779033424274530261754989624023437500000000000 201.7088000167810264429135713726282119750976562500000000000000000000 50.4060944624943232383884605951607227325439453125000000000000000000 64.9748783771341180681702098809182643890380859375000000000000000000 57.8372736106429883307100681122392416000366210937500000000000000000 27.9754251856968174649864522507414221763610839843750000000000000000 240.0368805564361593951616669073700904846191406250000000000000000000 84.8302415593045964214979903772473335266113281250000000000000000000
-0.0006845908366943764377515746488711556594353169202804565429687500 46.2403466551206889789682463742792606353759765625000000000000000000 455.0443778484392964855942409485578536987304687500000000000000000000 -0.1235114787838841321487848290416877716779708862304687500000000000 50.4060944624943232383884605951607227325439453125000000000000000000 18.7236676141475264500968478387221693992614746093750000000000000000 15.9042017776776170023822487564757466316223144531250000000000000000 12.2618705405457362189736159052699804306030273437500000000000000000 2.3906252875582278960564508452080190181732177734375000000000000000 60.3707136436949483027092355769127607345581054687500000000000000000 20.7642909429917104091600776882842183113098144531250000000000000000
0.0137495794542708566626787458631042682100087404251098632812500000 52.2977807249183399562753038480877876281738281250000000000000000000 586.5650457981927274886402301490306854248046875000000000000000000000 -0.1679900455956358784614934620549320243299007415771484375000000000 64.9748783771341180681702098809182643890380859375000000000000000000 15.9042017776776170023822487564757466316223144531250000000000000000 28.7114625639053002714717877097427845001220703125000000000000000000 25.5278568478524334750545676797628402709960937500000000000000000000 -2.6994873225544626649252677452750504016876220703125000000000000000 68.2792100996318254146899562329053878784179687500000000000000000000 37.4852614679791500407191051635891199111938476562500000000000000000
0.0439009512651345953915260622579808114096522331237792968750000000 46.5791223097314031065252493135631084442138671875000000000000000000 522.1298429734093815568485297262668609619140625000000000000000000000 -0.1462295711145872034730786026557325385510921478271484375000000000 57.8372736106429883307100681122392416000366210937500000000000000000 12.2618705405457362189736159052699804306030273437500000000000000000 25.5278568478524334750545676797628402709960937500000000000000000000 25.9600831460336571865354926558211445808410644531250000000000000000 -4.1200740583050006193843728397041559219360351562500000000000000000 60.8130141347898387493842164985835552215576171875000000000000000000 33.3287928655324989790642575826495885848999023437500000000000000000
0.0388090305112174238644229262717999517917633056640625000000000000 35.9218513694963448301677999552339315414428710937500000000000000000 252.5500157157191836176934884861111640930175781250000000000000000000 0.0791394491452252074603634923732897732406854629516601562500000000 27.9754251856968174649864522507414221763610839843750000000000000000 2.3906252875582278960564508452080190181732177734375000000000000000 -2.6994873225544626649252677452750504016876220703125000000000000000 -4.1200740583050006193843728397041559219360351562500000000000000000 31.4197675282596691204162198118865489959716796875000000000000000000 46.8990385983423365701128204818814992904663085937500000000000000000 -3.5244107781071916107862307399045675992965698242187500000000000000
0.0558598245807725574119118050475663039833307266235351562500000000 226.8365579099768183368723839521408081054687500000000000000000000000 2166.9489401674736654968000948429107666015625000000000000000000000000 -0.3727070702991004402804264827864244580268859863281250000000000000 240.0368805564361593951616669073700904846191406250000000000000000000 60.3707136436949483027092355769127607345581054687500000000000000000 68.2792100996318254146899562329053878784179687500000000000000000000 60.8130141347898387493842164985835552215576171875000000000000000000 46.8990385983423365701128204818814992904663085937500000000000000000 296.1544597327995802515943069010972976684570312500000000000000000000 89.1443282526965390388795640319585800170898437500000000000000000000
0.0179512478603595128368031197396703646518290042877197265625000000 68.2792100996318254146899562329053878784179687500000000000000000000 765.8106604908425651956349611282348632812500000000000000000000000000 -0.2193253223918530669944715327801532112061977386474609375000000000 84.8302415593045964214979903772473335266113281250000000000000000000 20.7642909429917104091600776882842183113098144531250000000000000000 37.4852614679791500407191051635891199111938476562500000000000000000 33.3287928655324989790642575826495885848999023437500000000000000000 -3.5244107781071916107862307399045675992965698242187500000000000000 89.1443282526965390388795640319585800170898437500000000000000000000 48.9402037320538525477786606643348932266235351562500000000000000000
