1.0079558918713753534746047080261632800102233886718750000000000000 2.6102171848577802037993933481629937887191772460937500000000000000 15.0169092562971755455691891256719827651977539062500000000000000000 -0.0034595041490561029284833693964174017310142517089843750000000000 3.3140280547821614476333706988953053951263427734375000000000000000 0.6302806082010460331233048236754257231950759887695312500000000000 0.8969379824642160770054033491760492324829101562500000000000000000 1.5624518873471691104981573516852222383022308349609375000000000000 1.2846211961324853767507647717138752341270446777343750000000000000 4.2552179894699735385188432701397687196731567382812500000000000000 1.4622027088633191560518298501847311854362487792968750000000000000
2.6102171848577802037993933481629937887191772460937500000000000000 3659.5963393634428939549252390861511230468750000000000000000000000000 20692.0940896115935174748301506042480468750000000000000000000000000000 -7.1992369140475078737040348642040044069290161132812500000000000000 4566.4643206396922323619946837425231933593750000000000000000000000000 996.2749373390937535077682696282863616943359375000000000000000000000 1172.9935706891155859921127557754516601562500000000000000000000000000 1223.6075187142173490428831428289413452148437500000000000000000000000 914.0721165875977476389380171895027160644531250000000000000000000000 5965.9327460547056034556590020656585693359375000000000000000000000000 1912.2329637872237526607932522892951965332031250000000000000000000000
15.0169092562971755455691891256719827651977539062500000000000000000 20692.0940896115935174748301506042480468750000000000000000000000000000 122348.1026540268212556838989257812500000000000000000000000000000000000 -49.2912870294514107172290096059441566467285156250000000000000000000 27000.5656773071023053489625453948974609375000000000000000000000000000 5793.1712100655922768055461347103118896484375000000000000000000000000 7881.8378363043948411359451711177825927734375000000000000000000000000 8261.0552501831371046137064695358276367187500000000000000000000000000 3770.7721652323421039909590035676956176757812500000000000000000000000 33732.5842158677987754344940185546875000000000000000000000000000000000 12849.0986672263807122362777590751647949218750000000000000000000000000
-0.0034595041490561029284833693964174017310142517089843750000000000 -7.1992369140475078737040348642040044069290161132812500000000000000 -49.2912870294514107172290096059441566467285156250000000000000000000 0.0456377381291599437673767170053906738758087158203125000000000000 -10.8779180378560198505510925315320491790771484375000000000000000000 -3.7944525699579934041594242444261908531188964843750000000000000000 -4.3123389114254653264879380003549158573150634765625000000000000000 -4.3375079515171837130083076772280037403106689453125000000000000000 2.8408016871279473392064573999959975481033325195312500000000000000 -11.7363116773673166193248107447288930416107177734375000000000000000 -7.0300441737336845093864212685730308294296264648437500000000000000
3.3140280547821614476333706988953053951263427734375000000000000000 4566.4643206396922323619946837425231933593750000000000000000000000000 27000.5656773071023053489625453948974609375000000000000000000000000000 -10.8779180378560198505510925315320491790771484375000000000000000000 5958.6583778590384099516086280345916748046875000000000000000000000000 1278.4742578279167446453357115387916564941406250000000000000000000000 1739.4146336605783744744258001446723937988281250000000000000000000000 1823.1027699479502643953310325741767883300781250000000000000000000000 832.1582377899375160268391482532024383544921875000000000000000000000 7444.3234985128265179810114204883575439453125000000000000000000000000 2835.6216805396165909769479185342788696289062500000000000000000000000
0.6302806082010460331233048236754257231950759887695312500000000000 996.2749373390937535077682696282863616943359375000000000000000000000 5793.1712100655922768055461347103118896484375000000000000000000000000 -3.7944525699579934041594242444261908531188964843750000000000000000 1278.4742578279167446453357115387916564941406250000000000000000000000 544.8843503872740257065743207931518554687500000000000000000000000000 356.7011995331600928693660534918308258056640625000000000000000000000 290.1196282715928873585653491318225860595703125000000000000000000000 -21.9292182879279096141544869169592857360839843750000000000000000000 1624.1434086084909722558222711086273193359375000000000000000000000000 581.5000260990618698997423052787780761718750000000000000000000000000
0.8969379824642160770054033491760492324829101562500000000000000000 1172.9935706891155859921127557754516601562500000000000000000000000000 7881.8378363043948411359451711177825927734375000000000000000000000000 -4.3123389114254653264879380003549158573150634765625000000000000000 1739.4146336605783744744258001446723937988281250000000000000000000000 356.7011995331600928693660534918308258056640625000000000000000000000 667.7491554152609296579612419009208679199218750000000000000000000000 705.6974179743087915994692593812942504882812500000000000000000000000 -33.3702087812811356570819043554365634918212890625000000000000000000 1912.2329637872237526607932522892951965332031250000000000000000000000 1088.5754009512477296084398403763771057128906250000000000000000000000
1.5624518873471691104981573516852222383022308349609375000000000000 1223.6075187142173490428831428289413452148437500000000000000000000000 8261.0552501831371046137064695358276367187500000000000000000000000000 -4.3375079515171837130083076772280037403106689453125000000000000000 1823.1027699479502643953310325741767883300781250000000000000000000000 290.1196282715928873585653491318225860595703125000000000000000000000 705.6974179743087915994692593812942504882812500000000000000000000000 867.0200680363697074426454491913318634033203125000000000000000000000 -93.1976410645739008486998500302433967590332031250000000000000000000 1994.7446350013740357098868116736412048339843750000000000000000000000 1150.4392682367540601262589916586875915527343750000000000000000000000
1.2846211961324853767507647717138752341270446777343750000000000000 914.0721165875977476389380171895027160644531250000000000000000000000 3770.7721652323421039909590035676956176757812500000000000000000000000 2.8408016871279473392064573999959975481033325195312500000000000000 832.1582377899375160268391482532024383544921875000000000000000000000 -21.9292182879279096141544869169592857360839843750000000000000000000 -33.3702087812811356570819043554365634918212890625000000000000000000 -93.1976410645739008486998500302433967590332031250000000000000000000 1009.4324733279477186442818492650985717773437500000000000000000000000 1490.1350495814629084634361788630485534667968750000000000000000000000 -54.4006504677935041058844944927841424942016601562500000000000000000
4.2552179894699735385188432701397687196731567382812500000000000000 5965.9327460547056034556590020656585693359375000000000000000000000000 33732.5842158677987754344940185546875000000000000000000000000000000000 -11.7363116773673166193248107447288930416107177734375000000000000000 7444.3234985128265179810114204883575439453125000000000000000000000000 1624.1434086084909722558222711086273193359375000000000000000000000000 1912.2329637872237526607932522892951965332031250000000000000000000000 1994.7446350013740357098868116736412048339843750000000000000000000000 1490.1350495814629084634361788630485534667968750000000000000000000000 9725.7594089294689183589071035385131835937500000000000000000000000000 3117.3528987428749132959637790918350219726562500000000000000000000000
1.4622027088633191560518298501847311854362487792968750000000000000 1912.2329637872237526607932522892951965332031250000000000000000000000 12849.0986672263807122362777590751647949218750000000000000000000000000 -7.0300441737336845093864212685730308294296264648437500000000000000 2835.6216805396165909769479185342788696289062500000000000000000000000 581.5000260990618698997423052787780761718750000000000000000000000000 1088.5754009512477296084398403763771057128906250000000000000000000000 1150.4392682367540601262589916586875915527343750000000000000000000000 -54.4006504677935041058844944927841424942016601562500000000000000000 3117.3528987428749132959637790918350219726562500000000000000000000000 1774.6131072516927815740928053855895996093750000000000000000000000000
