8.182081566189330246e+00 -7.559049986872666693e+01 -5.612406325553528177e+02 3.450750972077171186e-01 -8.533167799954692612e+01 -4.288928779079947873e+01 -2.336848623574577744e+01 -3.361974437810453686e+00 1.497195223095264716e+01 -1.072001701004761713e+02 -3.314048331222898014e+01
-7.559049986872666693e+01 5.531809532235539518e+04 4.027623537756521837e+05 -1.335901550237543631e+02 6.123645632398853195e+04 2.201143008882871072e+04 1.564333312367076360e+04 1.126752515099296215e+04 8.574469371133283857e+03 7.845045658501147409e+04 2.218490385310596321e+04
-5.612406325553528177e+02 4.027623537756521837e+05 3.040592578688781243e+06 -1.173423913427049229e+03 4.622952291803174885e+05 1.650788693697097769e+05 1.337033153164082323e+05 1.015813472893718281e+05 3.268716887261306692e+04 5.711854387760303216e+05 1.896140145892385335e+05
3.450750972077171186e-01 -1.335901550237543631e+02 -1.173423913427049229e+03 8.530701596144140142e-01 -1.784087354502968594e+02 -7.295450332503251900e+01 -7.455017048044361161e+01 -6.348929168939125134e+01 5.619180668379882349e+01 -1.894535340706259490e+02 -1.057248062971127780e+02
-8.533167799954692612e+01 6.123645632398853195e+04 4.622952291803174885e+05 -1.784087354502968594e+02 7.028790388452669140e+04 2.509878313950488518e+04 2.032840743925717834e+04 1.544454609102438189e+04 4.969795141622322262e+03 8.684369789434142876e+04 2.882913513132805019e+04
-4.288928779079947873e+01 2.201143008882871072e+04 1.650788693697097769e+05 -7.295450332503251900e+01 2.509878313950488518e+04 1.019015662017432987e+04 7.106847946356895591e+03 5.028710819737739257e+03 6.506265788331717204e+02 3.121594715969599201e+04 1.007871769667810258e+04
-2.336848623574577744e+01 1.564333312367076360e+04 1.337033153164082323e+05 -7.455017048044361161e+01 2.032840743925717834e+04 7.106847946356895591e+03 8.051392555204090058e+03 6.765904626446755174e+03 -3.022585013211877595e+03 2.218490385310596321e+04 1.141824241091800104e+04
-3.361974437810453686e+00 1.126752515099296215e+04 1.015813472893718281e+05 -6.348929168939125134e+01 1.544454609102438189e+04 5.028710819737739257e+03 6.765904626446755174e+03 6.852105253838612953e+03 -4.430549537360955583e+03 1.597926478718213548e+04 9.595202149718355940e+03
1.497195223095264716e+01 8.574469371133283857e+03 3.268716887261306692e+04 5.619180668379882349e+01 4.969795141622322262e+03 6.506265788331717204e+02 -3.022585013211877595e+03 -4.430549537360955583e+03 1.328332091939880956e+04 1.216005419600482310e+04 -4.286539024377028909e+03
-1.072001701004761713e+02 7.845045658501147409e+04 5.711854387760303216e+05 -1.894535340706259490e+02 8.684369789434142876e+04 3.121594715969599201e+04 2.218490385310596321e+04 1.597926478718213548e+04 1.216005419600482310e+04 1.112560745725747402e+05 3.146196242710110891e+04
-3.314048331222898014e+01 2.218490385310596321e+04 1.896140145892385335e+05 -1.057248062971127780e+02 2.882913513132805019e+04 1.007871769667810258e+04 1.141824241091800104e+04 9.595202149718355940e+03 -4.286539024377028909e+03 3.146196242710110891e+04 1.619300746554913167e+04
