0.1215512269586571519885964676177536603063344955444335937500000000 -0.0271463184360212911316878603429358918219804763793945312500000000 -0.1755633251563108732096196717975544743239879608154296875000000000 0.0009513049484343018367266120449698973970953375101089477539062500 -0.0269685082696104611033049991419829893857240676879882812500000000 -0.1062523273370657717062925939899287186563014984130859375000000000 -0.0038998497744525658162406678286515671061351895332336425781250000 0.1242333809634561664347884857306780759245157241821289062500000000 0.1674558725078139354014439277307246811687946319580078125000000000 -0.0386209314552350899130139794124261243268847465515136718750000000 -0.0055482967673800426267050056594598572701215744018554687500000000
-0.0271463184360212911316878603429358918219804763793945312500000000 566.5858598838216266813105903565883636474609375000000000000000000000 4151.5345054927338424022309482097625732421875000000000000000000000000 -1.0270107409742397219787335416185669600963592529296875000000000000 637.7225570504083407286088913679122924804687500000000000000000000000 159.4993450336471880746103124693036079406738281250000000000000000000 171.2268624574946329630620311945676803588867187500000000000000000000 158.5488644797851520706899464130401611328125000000000000000000000000 124.2766464627242442020360613241791725158691406250000000000000000000 806.0788688399918555660406127572059631347656250000000000000000000000 243.6036007553376236955955391749739646911621093750000000000000000000
-0.1755633251563108732096196717975544743239879608154296875000000000 4151.5345054927338424022309482097625732421875000000000000000000000000 31681.0523844767412811052054166793823242187500000000000000000000000000 -9.1372740288958134158292523352429270744323730468750000000000000000 4866.5672198907859637984074652194976806640625000000000000000000000000 1208.1006154310969122889218851923942565917968750000000000000000000000 1487.2153436946966849063755944371223449707031250000000000000000000000 1383.7988446564484092959901317954063415527343750000000000000000000000 652.2823603474236051624757237732410430908203125000000000000000000000 5906.3673753241391750634647905826568603515625000000000000000000000000 2115.8538305433844470826443284749984741210937500000000000000000000000
0.0009513049484343018367266120449698973970953375101089477539062500 -1.0270107409742397219787335416185669600963592529296875000000000000 -9.1372740288958134158292523352429270744323730468750000000000000000 0.0056055147767916993495340705067064845934510231018066406250000000 -1.4035884202499548933928963379003107547760009765625000000000000000 -0.4913090063626178172206948602251941338181495666503906250000000000 -0.6075754129891060006940506355022080242633819580078125000000000000 -0.5557776505213644080427570770552847534418106079101562500000000000 0.3419017099502479339889760012738406658172607421875000000000000000 -1.4611230441592526485550251891254447400569915771484375000000000000 -0.8643945010164451048240152886137366294860839843750000000000000000
-0.0269685082696104611033049991419829893857240676879882812500000000 637.7225570504083407286088913679122924804687500000000000000000000000 4866.5672198907859637984074652194976806640625000000000000000000000000 -1.4035884202499548933928963379003107547760009765625000000000000000 747.5596523214013586766668595373630523681640625000000000000000000000 185.5778899651589313180011231452226638793945312500000000000000000000 228.4530625027329335807735333219170570373535156250000000000000000000 212.5671210223921718807105207815766334533691406250000000000000000000 100.1979326461755590571556240320205688476562500000000000000000000000 907.2846920788796296619693748652935028076171875000000000000000000000 325.0190293188663304135843645781278610229492187500000000000000000000
-0.1062523273370657717062925939899287186563014984130859375000000000 159.4993450336471880746103124693036079406738281250000000000000000000 1208.1006154310969122889218851923942565917968750000000000000000000000 -0.4913090063626178172206948602251941338181495666503906250000000000 185.5778899651589313180011231452226638793945312500000000000000000000 71.7786154147223101062991190701723098754882812500000000000000000000 55.4665525200209827971775666810572147369384765625000000000000000000 43.4032837788122378697153180837631225585937500000000000000000000000 5.0515778046171488924187542579602450132369995117187500000000000000 226.9189203765250510969053721055388450622558593750000000000000000000 78.9119868310169181313540320843458175659179687500000000000000000000
-0.0038998497744525658162406678286515671061351895332336425781250000 171.2268624574946329630620311945676803588867187500000000000000000000 1487.2153436946966849063755944371223449707031250000000000000000000000 -0.6075754129891060006940506355022080242633819580078125000000000000 228.4530625027329335807735333219170570373535156250000000000000000000 55.4665525200209827971775666810572147369384765625000000000000000000 94.6263248466758852828206727281212806701660156250000000000000000000 88.8552237358381091780756833031773567199707031250000000000000000000 -10.0681981088268432955601383582688868045806884765625000000000000000 243.6036007553376236955955391749739646911621093750000000000000000000 134.6243990461296675675839651376008987426757812500000000000000000000
0.1242333809634561664347884857306780759245157241821289062500000000 158.5488644797851520706899464130401611328125000000000000000000000000 1383.7988446564484092959901317954063415527343750000000000000000000000 -0.5557776505213644080427570770552847534418106079101562500000000000 212.5671210223921718807105207815766334533691406250000000000000000000 43.4032837788122378697153180837631225585937500000000000000000000000 88.8552237358381091780756833031773567199707031250000000000000000000 97.2079194690333139305948861874639987945556640625000000000000000000 -17.8040307576695440161529404576867818832397460937500000000000000000 225.5666764467725045051338383927941322326660156250000000000000000000 126.4138823623225391656887950375676155090332031250000000000000000000
0.1674558725078139354014439277307246811687946319580078125000000000 124.2766464627242442020360613241791725158691406250000000000000000000 652.2823603474236051624757237732410430908203125000000000000000000000 0.3419017099502479339889760012738406658172607421875000000000000000 100.1979326461755590571556240320205688476562500000000000000000000000 5.0515778046171488924187542579602450132369995117187500000000000000 -10.0681981088268432955601383582688868045806884765625000000000000000 -17.8040307576695440161529404576867818832397460937500000000000000000 123.4571182246309888341784244403243064880371093750000000000000000000 176.8077633007671352061151992529630661010742187500000000000000000000 -14.3239750891139845379029793548397719860076904296875000000000000000
-0.0386209314552350899130139794124261243268847465515136718750000000 806.0788688399918555660406127572059631347656250000000000000000000000 5906.3673753241391750634647905826568603515625000000000000000000000000 -1.4611230441592526485550251891254447400569915771484375000000000000 907.2846920788796296619693748652935028076171875000000000000000000000 226.9189203765250510969053721055388450622558593750000000000000000000 243.6036007553376236955955391749739646911621093750000000000000000000 225.5666764467725045051338383927941322326660156250000000000000000000 176.8077633007671352061151992529630661010742187500000000000000000000 1146.8043747572428401326760649681091308593750000000000000000000000000 346.5736243090781272258027456700801849365234375000000000000000000000
-0.0055482967673800426267050056594598572701215744018554687500000000 243.6036007553376236955955391749739646911621093750000000000000000000 2115.8538305433844470826443284749984741210937500000000000000000000000 -0.8643945010164451048240152886137366294860839843750000000000000000 325.0190293188663304135843645781278610229492187500000000000000000000 78.9119868310169181313540320843458175659179687500000000000000000000 134.6243990461296675675839651376008987426757812500000000000000000000 126.4138823623225391656887950375676155090332031250000000000000000000 -14.3239750891139845379029793548397719860076904296875000000000000000 346.5736243090781272258027456700801849365234375000000000000000000000 191.5294591425551402608107309788465499877929687500000000000000000000
