0.0185322881810274890657108670666275429539382457733154296875000000 0.0476205990432914394450136796876904554665088653564453125000000000 0.3877356667318895833140857121179578825831413269042968750000000000 -0.0000058451325993501349799637799298235307787763304077088832855225 0.0595605746551679735012463368093449389562010765075683593750000000 0.0069367324631618440880509446344603929901495575904846191406250000 0.0215456727932351599363869354419875890016555786132812500000000000 0.0307722089114836686030152179682772839441895484924316406250000000 0.0230776696657580757121586145785840926691889762878417968750000000 0.0677495880644995995822910117567516863346099853515625000000000000 0.0306529209132200795850931029917774139903485774993896484375000000
0.0476205990432914394450136796876904554665088653564453125000000000 68.3140686001873689292551716789603233337402343750000000000000000000 523.2853798147147017516545020043849945068359375000000000000000000000 -0.1022100110052967386620181855505506973713636398315429687500000000 80.3825404897909550072654383257031440734863281250000000000000000000 11.5295222855435000042234605643898248672485351562500000000000000000 24.8353994208777777430441346950829029083251953125000000000000000000 25.6546774214038677541793731506913900375366210937500000000000000000 17.7883477412274366713518247706815600395202636718750000000000000000 97.1900836960315928081399761140346527099609375000000000000000000000 35.3331985314203009806988120544701814651489257812500000000000000000
0.3877356667318895833140857121179578825831413269042968750000000000 523.2853798147147017516545020043849945068359375000000000000000000000 4178.4894954663704993436112999916076660156250000000000000000000000000 -0.9272630259005442132647090147656854242086410522460937500000000000 641.8631477424796685227192938327789306640625000000000000000000000000 89.3114267905741741060410276986658573150634765625000000000000000000 221.6037390851020916215929901227355003356933593750000000000000000000 228.4482598142678000385785708203911781311035156250000000000000000000 109.1862229408237254801861126907169818878173828125000000000000000000 744.4754924311782815493643283843994140625000000000000000000000000000 315.2745311523656823737837839871644973754882812500000000000000000000
-0.0000058451325993501349799637799298235307787763304077088832855225 -0.1022100110052967386620181855505506973713636398315429687500000000 -0.9272630259005442132647090147656854242086410522460937500000000000 0.0004752134937473327788368115953687720320886000990867614746093750 -0.1424380664916116423501790677619283087551593780517578125000000000 -0.0412533300233765484743564400105242384597659111022949218750000000 -0.0637679429446148526849924564885441213846206665039062500000000000 -0.0618831721682906038539684345778368879109621047973632812500000000 0.0261216214278448856378478382112007238902151584625244140625000000 -0.1454136714110137451605453406955348327755928039550781250000000000 -0.0907223334652020041435349639868945814669132232666015625000000000
0.0595605746551679735012463368093449389562010765075683593750000000 80.3825404897909550072654383257031440734863281250000000000000000000 641.8631477424796685227192938327789306640625000000000000000000000000 -0.1424380664916116423501790677619283087551593780517578125000000000 98.5974239918248684944046544842422008514404296875000000000000000000 13.7192431837791897208944646990858018398284912109375000000000000000 34.0408354921067299869719136040657758712768554687500000000000000000 35.0922311279645242620972567237913608551025390625000000000000000000 16.7722361927553862415152252651751041412353515625000000000000000000 114.3598382878487029756797710433602333068847656250000000000000000000 48.4297263851098023224039934575557708740234375000000000000000000000
0.0069367324631618440880509446344603929901495575904846191406250000 11.5295222855435000042234605643898248672485351562500000000000000000 89.3114267905741741060410276986658573150634765625000000000000000000 -0.0412533300233765484743564400105242384597659111022949218750000000 13.7192431837791897208944646990858018398284912109375000000000000000 6.7827834456936670903814956545829772949218750000000000000000000000 4.3750315771089818284167449746746569871902465820312500000000000000 3.1315405273392515894670395937282592058181762695312500000000000000 -0.9962538050072800022149976939545013010501861572265625000000000000 16.4029936859032368090538511751219630241394042968750000000000000000 6.2243355411982683733640442369505763053894042968750000000000000000
0.0215456727932351599363869354419875890016555786132812500000000000 24.8353994208777777430441346950829029083251953125000000000000000000 221.6037390851020916215929901227355003356933593750000000000000000000 -0.0637679429446148526849924564885441213846206665039062500000000000 34.0408354921067299869719136040657758712768554687500000000000000000 4.3750315771089818284167449746746569871902465820312500000000000000 14.8112822390951386353208363289013504981994628906250000000000000000 15.2140035626205207819339193520136177539825439453125000000000000000 1.4758021907859097954229810056858696043491363525390625000000000000 35.3331985314203009806988120544701814651489257812500000000000000000 21.0719371567228606068056251388043165206909179687500000000000000000
0.0307722089114836686030152179682772839441895484924316406250000000 25.6546774214038677541793731506913900375366210937500000000000000000 228.4482598142678000385785708203911781311035156250000000000000000000 -0.0618831721682906038539684345778368879109621047973632812500000000 35.0922311279645242620972567237913608551025390625000000000000000000 3.1315405273392515894670395937282592058181762695312500000000000000 15.2140035626205207819339193520136177539825439453125000000000000000 17.4286397464689173375518294051289558410644531250000000000000000000 1.0320863791025038924686896280036307871341705322265625000000000000 36.4987812448063664305664133280515670776367187500000000000000000000 21.6448867693228770292535045882686972618103027343750000000000000000
0.0230776696657580757121586145785840926691889762878417968750000000 17.7883477412274366713518247706815600395202636718750000000000000000 109.1862229408237254801861126907169818878173828125000000000000000000 0.0261216214278448856378478382112007238902151584625244140625000000 16.7722361927553862415152252651751041412353515625000000000000000000 -0.9962538050072800022149976939545013010501861572265625000000000000 1.4758021907859097954229810056858696043491363525390625000000000000 1.0320863791025038924686896280036307871341705322265625000000000000 14.7823130303511653949044557521119713783264160156250000000000000000 25.3073933555652175186878594104200601577758789062500000000000000000 2.0996163949877222343332050513708963990211486816406250000000000000
0.0677495880644995995822910117567516863346099853515625000000000000 97.1900836960315928081399761140346527099609375000000000000000000000 744.4754924311782815493643283843994140625000000000000000000000000000 -0.1454136714110137451605453406955348327755928039550781250000000000 114.3598382878487029756797710433602333068847656250000000000000000000 16.4029936859032368090538511751219630241394042968750000000000000000 35.3331985314203009806988120544701814651489257812500000000000000000 36.4987812448063664305664133280515670776367187500000000000000000000 25.3073933555652175186878594104200601577758789062500000000000000000 138.2718459373932944345142459496855735778808593750000000000000000000 50.2683648168456471694298670627176761627197265625000000000000000000
0.0306529209132200795850931029917774139903485774993896484375000000 35.3331985314203009806988120544701814651489257812500000000000000000 315.2745311523656823737837839871644973754882812500000000000000000000 -0.0907223334652020041435349639868945814669132232666015625000000000 48.4297263851098023224039934575557708740234375000000000000000000000 6.2243355411982683733640442369505763053894042968750000000000000000 21.0719371567228606068056251388043165206909179687500000000000000000 21.6448867693228770292535045882686972618103027343750000000000000000 2.0996163949877222343332050513708963990211486816406250000000000000 50.2683648168456471694298670627176761627197265625000000000000000000 29.9789395927414474840588809456676244735717773437500000000000000000
