1.3454739803238464634915771966916508972644805908203125000000000000 12.2034381382145973304886865662410855293273925781250000000000000000 134.8972562889031507893378147855401039123535156250000000000000000000 -0.0379196506649610645678372122802102239802479743957519531250000000 12.4955342624873946277830327744595706462860107421875000000000000000 5.4983927614642462700089708960149437189102172851562500000000000000 3.5656863093518875729159844922833144664764404296875000000000000000 4.0495029458661546684083987202029675245285034179687500000000000000 0.9939707346303980894930418799049220979213714599609375000000000000 15.3731923529562291008687680005095899105072021484375000000000000000 4.4918473698256375925552674743812531232833862304687500000000000000
12.2034381382145973304886865662410855293273925781250000000000000000 9626.3959048426640947582200169563293457031250000000000000000000000000 103667.1866547125246142968535423278808593750000000000000000000000000000 -15.3669416385614105990953248692676424980163574218750000000000000000 9602.6925852768144977744668722152709960937500000000000000000000000000 3001.2528654032621489022858440876007080078125000000000000000000000000 2449.7750464406190076260827481746673583984375000000000000000000000000 2039.1744259446236355870496481657028198242187500000000000000000000000 1943.6529637259779974556295201182365417480468750000000000000000000000 12126.7821604664313781540840864181518554687500000000000000000000000000 3086.0862802647707212599925696849822998046875000000000000000000000000
134.8972562889031507893378147855401039123535156250000000000000000000 103667.1866547125246142968535423278808593750000000000000000000000000000 1152371.2973687325138598680496215820312500000000000000000000000000000000 -200.3193184162513773571845376864075660705566406250000000000000000000 106744.1653412084124283865094184875488281250000000000000000000000000000 33259.0401127118238946422934532165527343750000000000000000000000000000 31140.9182997035350126679986715316772460937500000000000000000000000000 25810.7288749316358007490634918212890625000000000000000000000000000000 15628.1013043323382589733228087425231933593750000000000000000000000000 130593.9836858038179343566298484802246093750000000000000000000000000000 39229.5451205587596632540225982666015625000000000000000000000000000000
-0.0379196506649610645678372122802102239802479743957519531250000000 -15.3669416385614105990953248692676424980163574218750000000000000000 -200.3193184162513773571845376864075660705566406250000000000000000000 0.0701218652042276818781019187554193194955587387084960937500000000 -18.5555805623475791321652650367468595504760742187500000000000000000 -6.7408996166576633513045635481830686330795288085937500000000000000 -8.5187617027724211737904624897055327892303466796875000000000000000 -7.0316415644599583600893311086110770702362060546875000000000000000 3.7454782441733445175202632526634261012077331542968750000000000000 -19.3583928570493384313522255979478359222412109375000000000000000000 -10.7314480380426076067124085966497659683227539062500000000000000000
12.4955342624873946277830327744595706462860107421875000000000000000 9602.6925852768144977744668722152709960937500000000000000000000000000 106744.1653412084124283865094184875488281250000000000000000000000000000 -18.5555805623475791321652650367468595504760742187500000000000000000 9887.7131532245384732959792017936706542968750000000000000000000000000 3080.7852338804023020202293992042541503906250000000000000000000000000 2884.5835881635784971877001225948333740234375000000000000000000000000 2390.8480859370288271747995167970657348632812500000000000000000000000 1447.6311874548687228525523096323013305664062500000000000000000000000 12096.9220762047407333739101886749267578125000000000000000000000000000 3633.8331752716403570957481861114501953125000000000000000000000000000
5.4983927614642462700089708960149437189102172851562500000000000000 3001.2528654032621489022858440876007080078125000000000000000000000000 33259.0401127118238946422934532165527343750000000000000000000000000000 -6.7408996166576633513045635481830686330795288085937500000000000000 3080.7852338804023020202293992042541503906250000000000000000000000000 1134.4061623100571978284278884530067443847656250000000000000000000000 887.9182663988331114524044096469879150390625000000000000000000000000 685.2000714022053671214962378144264221191406250000000000000000000000 325.9751967640521570501732639968395233154296875000000000000000000000 3780.8064479159706934296991676092147827148437500000000000000000000000 1118.5485720051151474763173609972000122070312500000000000000000000000
3.5656863093518875729159844922833144664764404296875000000000000000 2449.7750464406190076260827481746673583984375000000000000000000000000 31140.9182997035350126679986715316772460937500000000000000000000000000 -8.5187617027724211737904624897055327892303466796875000000000000000 2884.5835881635784971877001225948333740234375000000000000000000000000 887.9182663988331114524044096469879150390625000000000000000000000000 1253.0466481616745113569777458906173706054687500000000000000000000000 1028.3764326216335120989242568612098693847656250000000000000000000000 -206.9595041321752830754121532663702964782714843750000000000000000000 3086.0862802647707212599925696849822998046875000000000000000000000000 1578.5163927773867271753260865807533264160156250000000000000000000000
4.0495029458661546684083987202029675245285034179687500000000000000 2039.1744259446236355870496481657028198242187500000000000000000000000 25810.7288749316358007490634918212890625000000000000000000000000000000 -7.0316415644599583600893311086110770702362060546875000000000000000 2390.8480859370288271747995167970657348632812500000000000000000000000 685.2000714022053671214962378144264221191406250000000000000000000000 1028.3764326216335120989242568612098693847656250000000000000000000000 976.2989511158201594298589043319225311279296875000000000000000000000 -261.2120839705727348700747825205326080322265625000000000000000000000 2568.8351377886533555283676832914352416992187500000000000000000000000 1295.4897243615869228960946202278137207031250000000000000000000000000
0.9939707346303980894930418799049220979213714599609375000000000000 1943.6529637259779974556295201182365417480468750000000000000000000000 15628.1013043323382589733228087425231933593750000000000000000000000000 3.7454782441733445175202632526634261012077331542968750000000000000 1447.6311874548687228525523096323013305664062500000000000000000000000 325.9751967640521570501732639968395233154296875000000000000000000000 -206.9595041321752830754121532663702964782714843750000000000000000000 -261.2120839705727348700747825205326080322265625000000000000000000000 1520.6070956482415112986927852034568786621093750000000000000000000000 2448.5026711598902693367563188076019287109375000000000000000000000000 -260.7157286546340628774487413465976715087890625000000000000000000000
15.3731923529562291008687680005095899105072021484375000000000000000 12126.7821604664313781540840864181518554687500000000000000000000000000 130593.9836858038179343566298484802246093750000000000000000000000000000 -19.3583928570493384313522255979478359222412109375000000000000000000 12096.9220762047407333739101886749267578125000000000000000000000000000 3780.8064479159706934296991676092147827148437500000000000000000000000 3086.0862802647707212599925696849822998046875000000000000000000000000 2568.8351377886533555283676832914352416992187500000000000000000000000 2448.5026711598902693367563188076019287109375000000000000000000000000 15276.6255430474539025453850626945495605468750000000000000000000000000 3887.6747246961167547851800918579101562500000000000000000000000000000
4.4918473698256375925552674743812531232833862304687500000000000000 3086.0862802647707212599925696849822998046875000000000000000000000000 39229.5451205587596632540225982666015625000000000000000000000000000000 -10.7314480380426076067124085966497659683227539062500000000000000000 3633.8331752716403570957481861114501953125000000000000000000000000000 1118.5485720051151474763173609972000122070312500000000000000000000000 1578.5163927773867271753260865807533264160156250000000000000000000000 1295.4897243615869228960946202278137207031250000000000000000000000000 -260.7157286546340628774487413465976715087890625000000000000000000000 3887.6747246961167547851800918579101562500000000000000000000000000000 1988.5245341204886244668159633874893188476562500000000000000000000000
