# A b_HI Tb sigma_NL sigma8tot n_s f DA H omegak omegaDE w0 wa h gamma sigma_8 fs8 bs8 pk0 pk1 pk2 pk3 pk4 pk5 pk6 pk7 pk8 pk9 pk10 pk11 pk12 pk13 pk14 pk15 pk16 pk17 pk18 pk19 pk20 pk21 pk22 pk23 pk24 pk25 pk26 pk27 pk28 pk29 pk30 pk31 pk32 pk33 pk34 pk35 pk36 pk37 pk38 pk39 pk40 pk41 pk42 pk43 pk44 pk45 pk46 pk47 pk48 pk49 pk50 pk51 pk52 pk53 pk54 pk55 pk56 pk57 pk58 pk59 pk60 pk61 pk62 pk63 pk64 pk65 pk66 pk67 pk68 pk69 pk70 pk71 pk72 pk73 pk74 pk75 pk76 pk77 pk78 pk79 pk80 pk81 pk82 pk83 pk84 pk85 pk86 pk87 pk88 pk89
2.757704588779453569e+00 -2.367794080734794360e+00 -2.285131369822378034e+01 1.608478759961704321e-02 -2.502596448476277491e+00 -2.037619090148145684e+00 -7.149239470352598547e-01 -5.110289904000778094e+00 3.810306431298809304e+00 9.606630229044742508e-01 -1.194437234576097628e+00 7.414070288559627686e-01 4.660972737176936193e-02 8.530238879782858774e+00 1.160816497957307680e+00 -1.751870833077060263e+00 -3.083645521925845401e+00 -9.310657737216262442e-01 0.000000000000000000e+00 0.000000000000000000e+00 0.000000000000000000e+00 0.000000000000000000e+00 0.000000000000000000e+00 0.000000000000000000e+00 0.000000000000000000e+00 0.000000000000000000e+00 0.000000000000000000e+00 0.000000000000000000e+00 0.000000000000000000e+00 -5.085904649396373805e-20 -1.656537447885406710e-18 7.023573336068941482e-18 9.067465956336966565e-18 -9.358039134079390906e-18 -1.252354100223718516e-16 -9.592987653897036016e-17 -2.025404915240228103e-16 2.176196892054004085e-16 -1.227525862358741050e-15 -3.834861782285477493e-16 -3.366490107049194867e-16 -1.550560935040184697e-15 -3.322280198441919231e-15 -2.636111469121266820e-15 -1.065115687793703574e-02 -2.388548682143304958e-01 -6.070826062537659773e-01 -7.608469893083605884e-01 -1.706267637436239271e-01 1.458654965756992716e+00 3.324722429907959409e+00 2.716953736939170305e+00 -2.808130915069368516e+00 -7.893262926756833942e+00 2.969294587119180595e-01 1.212654990708566949e+01 -2.166094542126013156e+00 -1.395789387025826400e+01 1.290447618643238492e+01 -3.881952421254396324e+00 -1.376654049574944860e+00 0.000000000000000000e+00 0.000000000000000000e+00 0.000000000000000000e+00 0.000000000000000000e+00 0.000000000000000000e+00 0.000000000000000000e+00 0.000000000000000000e+00 0.000000000000000000e+00 0.000000000000000000e+00 0.000000000000000000e+00 0.000000000000000000e+00 0.000000000000000000e+00 0.000000000000000000e+00 0.000000000000000000e+00 0.000000000000000000e+00 0.000000000000000000e+00 0.000000000000000000e+00 0.000000000000000000e+00 0.000000000000000000e+00 0.000000000000000000e+00 0.000000000000000000e+00 0.000000000000000000e+00 0.000000000000000000e+00 0.000000000000000000e+00 0.000000000000000000e+00 0.000000000000000000e+00 0.000000000000000000e+00 0.000000000000000000e+00 0.000000000000000000e+00 0.000000000000000000e+00 0.000000000000000000e+00 0.000000000000000000e+00 0.000000000000000000e+00 0.000000000000000000e+00 0.000000000000000000e+00 0.000000000000000000e+00 0.000000000000000000e+00 0.000000000000000000e+00 0.000000000000000000e+00 0.000000000000000000e+00 0.000000000000000000e+00 0.000000000000000000e+00 0.000000000000000000e+00 0.000000000000000000e+00 0.000000000000000000e+00 0.000000000000000000e+00 0.000000000000000000e+00
-2.367794080734794360e+00 1.763287651666064994e+04 1.656549481391936133e+05 -3.035433283865508614e+01 1.814195412834802846e+04 5.493303691973159403e+03 4.655293140845392372e+03 -6.797216634420200535e+03 4.784184113700393027e+03 2.044048236182124310e+04 3.828018997733935294e+02 -7.387740259059512482e+02 -5.844346652353370786e+01 1.103889365955390895e+04 -8.644558297329536799e+03 1.304611846280192913e+04 2.296379619818904030e+04 6.062720556580321499e+03 0.000000000000000000e+00 0.000000000000000000e+00 0.000000000000000000e+00 0.000000000000000000e+00 0.000000000000000000e+00 0.000000000000000000e+00 0.000000000000000000e+00 0.000000000000000000e+00 0.000000000000000000e+00 0.000000000000000000e+00 0.000000000000000000e+00 3.819417520224490411e-05 2.517095108590089621e-03 1.356654282594897502e-02 3.814494894386428331e-02 8.430846036751110661e-02 1.622868820987847793e-01 2.883576532533597692e-01 4.893601206577316010e-01 8.010592405367361613e-01 1.272416844201964103e+00 1.979386592910887588e+00 3.049929498721104082e+00 4.615173162155641329e+00 6.899232419279026196e+00 1.023244142223684783e+01 1.510482695694139998e+01 2.203866721459418088e+01 3.199363719976841125e+01 4.645735260079590034e+01 6.715781565448907031e+01 9.658757967451451520e+01 1.377562173809051558e+02 1.940553959139418794e+02 2.673556346911376522e+02 3.659349888311202221e+02 5.062540334706637282e+02 6.908131621869777064e+02 8.911926036194118979e+02 1.120511444507598299e+03 1.422068222827394038e+03 1.535894840703173031e+03 1.254074587477853697e+02 0.000000000000000000e+00 0.000000000000000000e+00 0.000000000000000000e+00 0.000000000000000000e+00 0.000000000000000000e+00 0.000000000000000000e+00 0.000000000000000000e+00 0.000000000000000000e+00 0.000000000000000000e+00 0.000000000000000000e+00 0.000000000000000000e+00 0.000000000000000000e+00 0.000000000000000000e+00 0.000000000000000000e+00 0.000000000000000000e+00 0.000000000000000000e+00 0.000000000000000000e+00 0.000000000000000000e+00 0.000000000000000000e+00 0.000000000000000000e+00 0.000000000000000000e+00 0.000000000000000000e+00 0.000000000000000000e+00 0.000000000000000000e+00 0.000000000000000000e+00 0.000000000000000000e+00 0.000000000000000000e+00 0.000000000000000000e+00 0.000000000000000000e+00 0.000000000000000000e+00 0.000000000000000000e+00 0.000000000000000000e+00 0.000000000000000000e+00 0.000000000000000000e+00 0.000000000000000000e+00 0.000000000000000000e+00 0.000000000000000000e+00 0.000000000000000000e+00 0.000000000000000000e+00 0.000000000000000000e+00 0.000000000000000000e+00 0.000000000000000000e+00 0.000000000000000000e+00 0.000000000000000000e+00 0.000000000000000000e+00 0.000000000000000000e+00 0.000000000000000000e+00
-2.285131369822378034e+01 1.656549481391936133e+05 1.611702115848354762e+06 -3.473974023220072240e+02 1.765080136918911594e+05 5.330221452210365533e+04 5.193925186667819798e+04 -7.583979486164616537e+04 3.188501984884142439e+04 1.903516306971888407e+05 4.989188027533233253e+03 -7.668197499938803048e+03 -6.096322482499984972e+02 9.990852677501505241e+04 -8.121271960801766545e+04 1.225638979171229585e+05 2.157371467267803382e+05 6.764196377294702688e+04 0.000000000000000000e+00 0.000000000000000000e+00 0.000000000000000000e+00 0.000000000000000000e+00 0.000000000000000000e+00 0.000000000000000000e+00 0.000000000000000000e+00 0.000000000000000000e+00 0.000000000000000000e+00 0.000000000000000000e+00 0.000000000000000000e+00 5.311704297768430998e-04 3.341922200043388053e-02 1.722063307813908872e-01 4.653057256459982582e-01 9.935195058825662118e-01 1.857421035544134957e+00 3.220007971086022103e+00 5.348214921345528339e+00 8.594524759534275304e+00 1.343838713359082782e+01 2.062471793807927867e+01 3.140441028700418258e+01 4.705172514858193011e+01 6.975008096757686360e+01 1.027116251963640252e+02 1.506691850139158362e+02 2.187494847727193417e+02 3.162105217770231320e+02 4.575209076594794055e+02 6.594312987267552444e+02 9.459980366880542988e+02 1.346606723657427665e+03 1.895107704341026192e+03 2.610868299502424634e+03 3.573820530997247715e+03 4.941778148549579782e+03 6.739848133586070617e+03 8.697873482625689576e+03 1.092666499653163373e+04 1.380988562909348911e+04 1.481526174650026223e+04 1.204696469120380016e+03 0.000000000000000000e+00 0.000000000000000000e+00 0.000000000000000000e+00 0.000000000000000000e+00 0.000000000000000000e+00 0.000000000000000000e+00 0.000000000000000000e+00 0.000000000000000000e+00 0.000000000000000000e+00 0.000000000000000000e+00 0.000000000000000000e+00 0.000000000000000000e+00 0.000000000000000000e+00 0.000000000000000000e+00 0.000000000000000000e+00 0.000000000000000000e+00 0.000000000000000000e+00 0.000000000000000000e+00 0.000000000000000000e+00 0.000000000000000000e+00 0.000000000000000000e+00 0.000000000000000000e+00 0.000000000000000000e+00 0.000000000000000000e+00 0.000000000000000000e+00 0.000000000000000000e+00 0.000000000000000000e+00 0.000000000000000000e+00 0.000000000000000000e+00 0.000000000000000000e+00 0.000000000000000000e+00 0.000000000000000000e+00 0.000000000000000000e+00 0.000000000000000000e+00 0.000000000000000000e+00 0.000000000000000000e+00 0.000000000000000000e+00 0.000000000000000000e+00 0.000000000000000000e+00 0.000000000000000000e+00 0.000000000000000000e+00 0.000000000000000000e+00 0.000000000000000000e+00 0.000000000000000000e+00 0.000000000000000000e+00 0.000000000000000000e+00 0.000000000000000000e+00
1.608478759961704321e-02 -3.035433283865508614e+01 -3.473974023220072240e+02 1.545476226727124369e-01 -3.804575600082525000e+01 -1.408622768065035658e+01 -1.722460829179874509e+01 2.502111800278739295e+01 1.281126658452723177e+01 -3.062435322909744784e+01 -3.299470553761643998e+00 2.677898716320180839e+00 2.089541057679231428e-01 -7.717172752489475762e+00 1.488128153976275669e+01 -2.245840159421757321e+01 -3.953131029870567659e+01 -2.243209688633446319e+01 0.000000000000000000e+00 0.000000000000000000e+00 0.000000000000000000e+00 0.000000000000000000e+00 0.000000000000000000e+00 0.000000000000000000e+00 0.000000000000000000e+00 0.000000000000000000e+00 0.000000000000000000e+00 0.000000000000000000e+00 0.000000000000000000e+00 -4.071343959115525741e-10 -2.754148930859327205e-08 -1.577846199236281521e-07 -4.868713978081919901e-07 -1.213809473447126334e-06 -2.674946621995059187e-06 -5.516306332812305989e-06 -1.100342880594565274e-05 -2.141390588190883980e-05 -4.070139590764880959e-05 -7.623667459808561059e-05 -1.429923818183887981e-04 -2.644358975090415178e-04 -4.851048307037700768e-04 -8.878785492142615655e-04 -1.627580144093211971e-03 -2.955938595648042143e-03 -5.349587828254684721e-03 -9.749688950890176772e-03 -1.771628552582295291e-02 -3.201617712599608839e-02 -5.750398830209697137e-02 -1.029611342565965731e-01 -1.804591713250143781e-01 -3.141165231031173843e-01 -5.523467182984537205e-01 -9.574887516850508762e-01 -1.570781273071990780e+00 -2.496814220834270515e+00 -3.952373756087179224e+00 -5.158042581645201352e+00 -4.535994124836514874e-01 0.000000000000000000e+00 0.000000000000000000e+00 0.000000000000000000e+00 0.000000000000000000e+00 0.000000000000000000e+00 0.000000000000000000e+00 0.000000000000000000e+00 0.000000000000000000e+00 0.000000000000000000e+00 0.000000000000000000e+00 0.000000000000000000e+00 0.000000000000000000e+00 0.000000000000000000e+00 0.000000000000000000e+00 0.000000000000000000e+00 0.000000000000000000e+00 0.000000000000000000e+00 0.000000000000000000e+00 0.000000000000000000e+00 0.000000000000000000e+00 0.000000000000000000e+00 0.000000000000000000e+00 0.000000000000000000e+00 0.000000000000000000e+00 0.000000000000000000e+00 0.000000000000000000e+00 0.000000000000000000e+00 0.000000000000000000e+00 0.000000000000000000e+00 0.000000000000000000e+00 0.000000000000000000e+00 0.000000000000000000e+00 0.000000000000000000e+00 0.000000000000000000e+00 0.000000000000000000e+00 0.000000000000000000e+00 0.000000000000000000e+00 0.000000000000000000e+00 0.000000000000000000e+00 0.000000000000000000e+00 0.000000000000000000e+00 0.000000000000000000e+00 0.000000000000000000e+00 0.000000000000000000e+00 0.000000000000000000e+00 0.000000000000000000e+00 0.000000000000000000e+00
-2.502596448476277491e+00 1.814195412834802846e+04 1.765080136918911594e+05 -3.804575600082525000e+01 1.933054414404468480e+04 5.837473263924669482e+03 5.688206331357083400e+03 -8.305710725448463563e+03 3.491936546278667265e+03 2.084664896011994279e+04 5.463985311030721732e+02 -8.397943366841581110e+02 -6.676480483770343710e+01 1.094163458528355113e+04 -8.894134768187182999e+03 1.342277208608106412e+04 2.362678243941882465e+04 7.407912759050515888e+03 0.000000000000000000e+00 0.000000000000000000e+00 0.000000000000000000e+00 0.000000000000000000e+00 0.000000000000000000e+00 0.000000000000000000e+00 0.000000000000000000e+00 0.000000000000000000e+00 0.000000000000000000e+00 0.000000000000000000e+00 0.000000000000000000e+00 5.817193920008492122e-05 3.659957033263550909e-03 1.885943878369396309e-02 5.095866573954841577e-02 1.088068029588546010e-01 2.034182956947102883e-01 3.526440807265944777e-01 5.857179085895389825e-01 9.412424783798625239e-01 1.471725449044434919e+00 2.258747420139527673e+00 3.439301857593302980e+00 5.152941393504022471e+00 7.638786426705891586e+00 1.124862018123826068e+01 1.650076543914186189e+01 2.395668323177296344e+01 3.463027724447707811e+01 5.010609953252937743e+01 7.221862375185668270e+01 1.036024168302003687e+02 1.474756877711278378e+02 2.075456086681139709e+02 2.859332211732722158e+02 3.913924024884619257e+02 5.412063659464411103e+02 7.381247408849407066e+02 9.525608713081091992e+02 1.196650370964692684e+03 1.512410672998605378e+03 1.622515970839778902e+03 1.319341699530785661e+02 0.000000000000000000e+00 0.000000000000000000e+00 0.000000000000000000e+00 0.000000000000000000e+00 0.000000000000000000e+00 0.000000000000000000e+00 0.000000000000000000e+00 0.000000000000000000e+00 0.000000000000000000e+00 0.000000000000000000e+00 0.000000000000000000e+00 0.000000000000000000e+00 0.000000000000000000e+00 0.000000000000000000e+00 0.000000000000000000e+00 0.000000000000000000e+00 0.000000000000000000e+00 0.000000000000000000e+00 0.000000000000000000e+00 0.000000000000000000e+00 0.000000000000000000e+00 0.000000000000000000e+00 0.000000000000000000e+00 0.000000000000000000e+00 0.000000000000000000e+00 0.000000000000000000e+00 0.000000000000000000e+00 0.000000000000000000e+00 0.000000000000000000e+00 0.000000000000000000e+00 0.000000000000000000e+00 0.000000000000000000e+00 0.000000000000000000e+00 0.000000000000000000e+00 0.000000000000000000e+00 0.000000000000000000e+00 0.000000000000000000e+00 0.000000000000000000e+00 0.000000000000000000e+00 0.000000000000000000e+00 0.000000000000000000e+00 0.000000000000000000e+00 0.000000000000000000e+00 0.000000000000000000e+00 0.000000000000000000e+00 0.000000000000000000e+00 0.000000000000000000e+00
-2.037619090148145684e+00 5.493303691973159403e+03 5.330221452210365533e+04 -1.408622768065035658e+01 5.837473263924669482e+03 2.213881699305749862e+03 1.701104052352356348e+03 -2.221230228344593343e+03 5.753673155660225120e+02 6.022214622507230160e+03 2.654910997094449954e+02 -3.098312059242760483e+02 -2.376990763564838005e+01 2.538261661895333873e+03 -2.693104778753976461e+03 4.064356184308001957e+03 7.154085512822560304e+03 2.215396151230519990e+03 0.000000000000000000e+00 0.000000000000000000e+00 0.000000000000000000e+00 0.000000000000000000e+00 0.000000000000000000e+00 0.000000000000000000e+00 0.000000000000000000e+00 0.000000000000000000e+00 0.000000000000000000e+00 0.000000000000000000e+00 0.000000000000000000e+00 -5.983550869725787967e-05 -3.630293376874389483e-03 -1.788037786453107458e-02 -4.588972965026216072e-02 -9.254508545624479110e-02 -1.629309565122479264e-01 -2.650229364017813172e-01 -4.108762656333664331e-01 -6.129160839528298155e-01 -8.850430491069476435e-01 -1.246309474169128295e+00 -1.723344691993952571e+00 -2.324149696577433755e+00 -3.065111108341421975e+00 -3.951089127371400611e+00 -4.961397070671535126e+00 -6.007343499314516500e+00 -6.961997933062062494e+00 -7.541540136945556583e+00 -7.241533017026574370e+00 -5.225055199027759834e+00 -9.677867510661881945e-02 1.037944141667940023e+01 2.856131926383043051e+01 5.859439221217385807e+01 1.082739555540427290e+02 1.847201834774486997e+02 2.855961466692892827e+02 4.183945632974035220e+02 6.053294378474525956e+02 7.258988776727528602e+02 6.174431830406960131e+01 0.000000000000000000e+00 0.000000000000000000e+00 0.000000000000000000e+00 0.000000000000000000e+00 0.000000000000000000e+00 0.000000000000000000e+00 0.000000000000000000e+00 0.000000000000000000e+00 0.000000000000000000e+00 0.000000000000000000e+00 0.000000000000000000e+00 0.000000000000000000e+00 0.000000000000000000e+00 0.000000000000000000e+00 0.000000000000000000e+00 0.000000000000000000e+00 0.000000000000000000e+00 0.000000000000000000e+00 0.000000000000000000e+00 0.000000000000000000e+00 0.000000000000000000e+00 0.000000000000000000e+00 0.000000000000000000e+00 0.000000000000000000e+00 0.000000000000000000e+00 0.000000000000000000e+00 0.000000000000000000e+00 0.000000000000000000e+00 0.000000000000000000e+00 0.000000000000000000e+00 0.000000000000000000e+00 0.000000000000000000e+00 0.000000000000000000e+00 0.000000000000000000e+00 0.000000000000000000e+00 0.000000000000000000e+00 0.000000000000000000e+00 0.000000000000000000e+00 0.000000000000000000e+00 0.000000000000000000e+00 0.000000000000000000e+00 0.000000000000000000e+00 0.000000000000000000e+00 0.000000000000000000e+00 0.000000000000000000e+00 0.000000000000000000e+00 0.000000000000000000e+00
-7.149239470352598547e-01 4.655293140845392372e+03 5.193925186667819798e+04 -1.722460829179874509e+01 5.688206331357083400e+03 1.701104052352356348e+03 2.443408707858202433e+03 -3.568082450199413870e+03 -6.700928969150353396e+02 5.147897054964359086e+03 3.072316561588085051e+02 -3.027495629841308187e+02 -2.439579500003177870e+01 2.352220474816394926e+03 -2.282268177241089688e+03 3.444333415319583310e+03 6.062720556580321499e+03 3.182120599728579691e+03 0.000000000000000000e+00 0.000000000000000000e+00 0.000000000000000000e+00 0.000000000000000000e+00 0.000000000000000000e+00 0.000000000000000000e+00 0.000000000000000000e+00 0.000000000000000000e+00 0.000000000000000000e+00 0.000000000000000000e+00 0.000000000000000000e+00 3.559374836523325025e-05 2.110928137043144824e-03 1.020582447770327847e-02 2.590032025568179616e-02 5.207876777420393510e-02 9.210325315955099346e-02 1.517626912454245747e-01 2.403318175463614870e-01 3.696927442781418605e-01 5.556537719702062672e-01 8.229088224274002661e-01 1.212455702413929526e+00 1.765183733945518085e+00 2.551797386753813512e+00 3.675608208833029078e+00 5.285111144318758392e+00 7.550771247654279428e+00 1.076179932017078933e+01 1.538390913552196793e+01 2.194978644591038375e+01 3.121217123062931265e+01 4.413017081255296148e+01 6.189329602236919925e+01 8.526098545412503427e+01 1.167388222804021041e+02 1.611421240270929900e+02 2.193703075416586898e+02 2.834520701672458358e+02 3.550099244066051938e+02 4.420542769519759077e+02 4.626349717144776719e+02 3.703671532325548554e+01 0.000000000000000000e+00 0.000000000000000000e+00 0.000000000000000000e+00 0.000000000000000000e+00 0.000000000000000000e+00 0.000000000000000000e+00 0.000000000000000000e+00 0.000000000000000000e+00 0.000000000000000000e+00 0.000000000000000000e+00 0.000000000000000000e+00 0.000000000000000000e+00 0.000000000000000000e+00 0.000000000000000000e+00 0.000000000000000000e+00 0.000000000000000000e+00 0.000000000000000000e+00 0.000000000000000000e+00 0.000000000000000000e+00 0.000000000000000000e+00 0.000000000000000000e+00 0.000000000000000000e+00 0.000000000000000000e+00 0.000000000000000000e+00 0.000000000000000000e+00 0.000000000000000000e+00 0.000000000000000000e+00 0.000000000000000000e+00 0.000000000000000000e+00 0.000000000000000000e+00 0.000000000000000000e+00 0.000000000000000000e+00 0.000000000000000000e+00 0.000000000000000000e+00 0.000000000000000000e+00 0.000000000000000000e+00 0.000000000000000000e+00 0.000000000000000000e+00 0.000000000000000000e+00 0.000000000000000000e+00 0.000000000000000000e+00 0.000000000000000000e+00 0.000000000000000000e+00 0.000000000000000000e+00 0.000000000000000000e+00 0.000000000000000000e+00 0.000000000000000000e+00
-5.110289904000778094e+00 -6.797216634420200535e+03 -7.583979486164616537e+04 2.502111800278739295e+01 -8.305710725448463563e+03 -2.221230228344593343e+03 -3.568082450199413870e+03 6.136584057798037975e+03 1.466963458416851381e+03 -7.601963980880453164e+03 -4.690575468331845173e+02 4.506045119394561311e+02 3.702886158624227875e+01 -3.705177143263632843e+03 3.332351099964000241e+03 -5.029088325219422586e+03 -8.852208393808145047e+03 -4.646815176598973267e+03 -0.000000000000000000e+00 -0.000000000000000000e+00 -0.000000000000000000e+00 -0.000000000000000000e+00 -0.000000000000000000e+00 -0.000000000000000000e+00 -0.000000000000000000e+00 -0.000000000000000000e+00 -0.000000000000000000e+00 -0.000000000000000000e+00 -0.000000000000000000e+00 -8.058228870474035317e-05 -4.819079775426115229e-03 -2.385245162406136876e-02 -6.263577372257157772e-02 -1.310674816901147566e-01 -2.407992908007695887e-01 -4.105474965225798245e-01 -6.684105374552287149e-01 -1.044494486733175354e+00 -1.577292254271042360e+00 -2.314496221092423589e+00 -3.328495404505426691e+00 -4.648914619037396001e+00 -6.380267970436545255e+00 -8.684215938629032294e+00 -1.233472931194078015e+01 -1.942241448355611411e+01 -2.705497231430900484e+01 -3.740564238222695082e+01 -5.131967681483110510e+01 -6.925145954914866309e+01 -9.178126851062307878e+01 -1.202926691845547964e+02 -1.534376326322924342e+02 -1.980269617412905916e+02 -2.672233304672748773e+02 -3.598202531433820468e+02 -4.054972808364101979e+02 -4.430224560984942173e+02 -6.107462755300829258e+02 -5.339493575689514273e+02 -3.397765366163277889e+01 -0.000000000000000000e+00 -0.000000000000000000e+00 -0.000000000000000000e+00 -0.000000000000000000e+00 -0.000000000000000000e+00 -0.000000000000000000e+00 -0.000000000000000000e+00 -0.000000000000000000e+00 -0.000000000000000000e+00 -0.000000000000000000e+00 -0.000000000000000000e+00 -0.000000000000000000e+00 -0.000000000000000000e+00 -0.000000000000000000e+00 -0.000000000000000000e+00 -0.000000000000000000e+00 -0.000000000000000000e+00 -0.000000000000000000e+00 -0.000000000000000000e+00 -0.000000000000000000e+00 -0.000000000000000000e+00 -0.000000000000000000e+00 -0.000000000000000000e+00 -0.000000000000000000e+00 -0.000000000000000000e+00 -0.000000000000000000e+00 -0.000000000000000000e+00 -0.000000000000000000e+00 -0.000000000000000000e+00 -0.000000000000000000e+00 -0.000000000000000000e+00 -0.000000000000000000e+00 -0.000000000000000000e+00 -0.000000000000000000e+00 -0.000000000000000000e+00 -0.000000000000000000e+00 -0.000000000000000000e+00 -0.000000000000000000e+00 -0.000000000000000000e+00 -0.000000000000000000e+00 -0.000000000000000000e+00 -0.000000000000000000e+00 -0.000000000000000000e+00 -0.000000000000000000e+00 -0.000000000000000000e+00 -0.000000000000000000e+00 -0.000000000000000000e+00
3.810306431298809304e+00 4.784184113700393027e+03 3.188501984884142439e+04 1.281126658452723177e+01 3.491936546278667265e+03 5.753673155660225120e+02 -6.700928969150353396e+02 1.466963458416851381e+03 6.040850107806279993e+03 6.478257405095791000e+03 -4.706844636878136612e+02 1.043413784470698857e+02 8.003172008440913032e+00 5.271227504946479712e+03 -2.345457273347548380e+03 3.539696579637290597e+03 6.230578933495282399e+03 -8.726810230918104025e+02 0.000000000000000000e+00 0.000000000000000000e+00 0.000000000000000000e+00 0.000000000000000000e+00 0.000000000000000000e+00 0.000000000000000000e+00 0.000000000000000000e+00 0.000000000000000000e+00 0.000000000000000000e+00 0.000000000000000000e+00 0.000000000000000000e+00 5.674154820625662576e-05 3.692556370611247037e-03 1.933343571067219074e-02 5.207404116697776641e-02 1.093892332310102133e-01 1.990826427698345613e-01 3.342973922177172041e-01 5.347319417437305100e-01 8.217001816580341567e-01 1.224222949324554444e+00 1.781062484046814998e+00 2.554823413636742035e+00 3.586612221166108228e+00 4.979824786152240890e+00 6.888311339428963009e+00 9.813728389787886641e+00 1.491781653162676946e+01 2.082318707786938461e+01 2.889868444369136569e+01 3.978322440943911431e+01 5.395190401947954228e+01 7.177851062967236828e+01 9.348349522347966456e+01 1.170385518500253141e+02 1.444705474323963017e+02 1.800131155600020918e+02 2.150430568590905409e+02 2.023198295403280724e+02 1.528361519946120097e+02 1.214922895089319752e+02 -2.396843406455595726e+01 -9.393796532685591671e+00 0.000000000000000000e+00 0.000000000000000000e+00 0.000000000000000000e+00 0.000000000000000000e+00 0.000000000000000000e+00 0.000000000000000000e+00 0.000000000000000000e+00 0.000000000000000000e+00 0.000000000000000000e+00 0.000000000000000000e+00 0.000000000000000000e+00 0.000000000000000000e+00 0.000000000000000000e+00 0.000000000000000000e+00 0.000000000000000000e+00 0.000000000000000000e+00 0.000000000000000000e+00 0.000000000000000000e+00 0.000000000000000000e+00 0.000000000000000000e+00 0.000000000000000000e+00 0.000000000000000000e+00 0.000000000000000000e+00 0.000000000000000000e+00 0.000000000000000000e+00 0.000000000000000000e+00 0.000000000000000000e+00 0.000000000000000000e+00 0.000000000000000000e+00 0.000000000000000000e+00 0.000000000000000000e+00 0.000000000000000000e+00 0.000000000000000000e+00 0.000000000000000000e+00 0.000000000000000000e+00 0.000000000000000000e+00 0.000000000000000000e+00 0.000000000000000000e+00 0.000000000000000000e+00 0.000000000000000000e+00 0.000000000000000000e+00 0.000000000000000000e+00 0.000000000000000000e+00 0.000000000000000000e+00 0.000000000000000000e+00 0.000000000000000000e+00 0.000000000000000000e+00
9.606630229044742508e-01 2.044048236182124310e+04 1.903516306971888407e+05 -3.062435322909744784e+01 2.084664896011994279e+04 6.022214622507230160e+03 5.147897054964359086e+03 -7.601963980880453164e+03 6.478257405095791000e+03 2.399410988358098984e+04 3.061338908555508738e+02 -7.819354413189373645e+02 -6.238997591857239655e+01 1.356599129592652935e+04 -1.002099352509748678e+04 1.512339487418106546e+04 2.662022107998264983e+04 6.704252633299050103e+03 0.000000000000000000e+00 0.000000000000000000e+00 0.000000000000000000e+00 0.000000000000000000e+00 0.000000000000000000e+00 0.000000000000000000e+00 0.000000000000000000e+00 0.000000000000000000e+00 0.000000000000000000e+00 0.000000000000000000e+00 0.000000000000000000e+00 8.383929686137087502e-05 5.353546414294743302e-03 2.796211933259745014e-02 7.630405243190378772e-02 1.640076674164179793e-01 3.073969675315939565e-01 5.328008665125281151e-01 8.819614891647564736e-01 1.406190655974374204e+00 2.174824969707588984e+00 3.289115526104978482e+00 4.916061089107298443e+00 7.203466604976751952e+00 1.043433497740833538e+01 1.502875629070712549e+01 2.188836805688788800e+01 3.262537208415982093e+01 4.666487094790823420e+01 6.662575408649831843e+01 9.463691510116305494e+01 1.333477395481278904e+02 1.858844394286448392e+02 2.559133406244711182e+02 3.439143613361271719e+02 4.605149936196544900e+02 6.268136465991132127e+02 8.411950819348828645e+02 1.035991696697369662e+03 1.239928954403067337e+03 1.558725145693712875e+03 1.580453670445071566e+03 1.229932541502631551e+02 0.000000000000000000e+00 0.000000000000000000e+00 0.000000000000000000e+00 0.000000000000000000e+00 0.000000000000000000e+00 0.000000000000000000e+00 0.000000000000000000e+00 0.000000000000000000e+00 0.000000000000000000e+00 0.000000000000000000e+00 0.000000000000000000e+00 0.000000000000000000e+00 0.000000000000000000e+00 0.000000000000000000e+00 0.000000000000000000e+00 0.000000000000000000e+00 0.000000000000000000e+00 0.000000000000000000e+00 0.000000000000000000e+00 0.000000000000000000e+00 0.000000000000000000e+00 0.000000000000000000e+00 0.000000000000000000e+00 0.000000000000000000e+00 0.000000000000000000e+00 0.000000000000000000e+00 0.000000000000000000e+00 0.000000000000000000e+00 0.000000000000000000e+00 0.000000000000000000e+00 0.000000000000000000e+00 0.000000000000000000e+00 0.000000000000000000e+00 0.000000000000000000e+00 0.000000000000000000e+00 0.000000000000000000e+00 0.000000000000000000e+00 0.000000000000000000e+00 0.000000000000000000e+00 0.000000000000000000e+00 0.000000000000000000e+00 0.000000000000000000e+00 0.000000000000000000e+00 0.000000000000000000e+00 0.000000000000000000e+00 0.000000000000000000e+00 0.000000000000000000e+00
-1.194437234576097628e+00 3.828018997733935294e+02 4.989188027533233253e+03 -3.299470553761643998e+00 5.463985311030721732e+02 2.654910997094449954e+02 3.072316561588085051e+02 -4.690575468331845173e+02 -4.706844636878136612e+02 3.061338908555508738e+02 8.317522849666306684e+01 -5.606543091945173529e+01 -4.301890646015730901e+00 -1.047591701411889886e+02 -1.876695124469851805e+02 2.832254242528497343e+02 4.985337929616815131e+02 4.001165170638365680e+02 0.000000000000000000e+00 0.000000000000000000e+00 0.000000000000000000e+00 0.000000000000000000e+00 0.000000000000000000e+00 0.000000000000000000e+00 0.000000000000000000e+00 0.000000000000000000e+00 0.000000000000000000e+00 0.000000000000000000e+00 0.000000000000000000e+00 -1.128290872436150084e-05 -7.032447598948912649e-04 -3.554988838790428419e-03 -9.320340952293216380e-03 -1.915823558233608476e-02 -3.419726429420213293e-02 -5.636635270811850978e-02 -8.833342186646260530e-02 -1.323430109906748864e-01 -1.912615699617663256e-01 -2.676943790313929261e-01 -3.650529510257226606e-01 -4.800324159314094952e-01 -6.160898370177819716e-01 -7.790664553948020155e-01 -1.058678503625451794e+00 -1.739113933101924747e+00 -2.309915966530489584e+00 -3.006009945405723194e+00 -3.830173905600289253e+00 -4.661161154294654274e+00 -5.321232894071261654e+00 -5.624723014684619216e+00 -4.970035514465578785e+00 -3.380066820129848271e+00 -9.092136790171180261e-01 4.196338207212120253e+00 2.185666392866977503e+01 4.888472109235132024e+01 7.095960935598934327e+01 1.109082725905756348e+02 1.093576564137843476e+01 0.000000000000000000e+00 0.000000000000000000e+00 0.000000000000000000e+00 0.000000000000000000e+00 0.000000000000000000e+00 0.000000000000000000e+00 0.000000000000000000e+00 0.000000000000000000e+00 0.000000000000000000e+00 0.000000000000000000e+00 0.000000000000000000e+00 0.000000000000000000e+00 0.000000000000000000e+00 0.000000000000000000e+00 0.000000000000000000e+00 0.000000000000000000e+00 0.000000000000000000e+00 0.000000000000000000e+00 0.000000000000000000e+00 0.000000000000000000e+00 0.000000000000000000e+00 0.000000000000000000e+00 0.000000000000000000e+00 0.000000000000000000e+00 0.000000000000000000e+00 0.000000000000000000e+00 0.000000000000000000e+00 0.000000000000000000e+00 0.000000000000000000e+00 0.000000000000000000e+00 0.000000000000000000e+00 0.000000000000000000e+00 0.000000000000000000e+00 0.000000000000000000e+00 0.000000000000000000e+00 0.000000000000000000e+00 0.000000000000000000e+00 0.000000000000000000e+00 0.000000000000000000e+00 0.000000000000000000e+00 0.000000000000000000e+00 0.000000000000000000e+00 0.000000000000000000e+00 0.000000000000000000e+00 0.000000000000000000e+00 0.000000000000000000e+00 0.000000000000000000e+00
7.414070288559627686e-01 -7.387740259059512482e+02 -7.668197499938803048e+03 2.677898716320180839e+00 -8.397943366841582247e+02 -3.098312059242760483e+02 -3.027495629841308187e+02 4.506045119394561311e+02 1.043413784470698857e+02 -7.819354413189371371e+02 -5.606543091945173529e+01 5.237076798049059079e+01 4.066118719523903025e+00 -2.757218093278465290e+02 3.621856666133055001e+02 -5.466001789386676819e+02 -9.621264092327901380e+02 -3.942793597453841130e+02 0.000000000000000000e+00 0.000000000000000000e+00 0.000000000000000000e+00 0.000000000000000000e+00 0.000000000000000000e+00 0.000000000000000000e+00 0.000000000000000000e+00 0.000000000000000000e+00 0.000000000000000000e+00 0.000000000000000000e+00 0.000000000000000000e+00 5.210604894557917624e-06 3.199413648291242322e-04 1.589683588501270006e-03 4.087870895698391717e-03 8.225700611219011887e-03 1.433511352133901365e-02 2.301759468286209906e-02 3.497672791674409642e-02 5.041249712057265658e-02 6.947812362968948385e-02 9.137013838512400565e-02 1.141776434049491945e-01 1.320967010317357915e-01 1.403402244268147081e-01 1.322817170984328938e-01 1.439334069107798819e-01 3.203955495295983669e-01 3.444311877947574541e-01 3.043932200286836309e-01 1.504260831328347869e-01 -2.600549487629899570e-01 -1.116260402738772362e+00 -2.621343920218127455e+00 -5.166340217856898676e+00 -8.976991292861404403e+00 -1.449840727970136989e+01 -2.277092847546624554e+01 -3.853489861522973570e+01 -6.034552974736770636e+01 -8.132550748566531240e+01 -1.069326423114226543e+02 -9.786602838390965786e+00 0.000000000000000000e+00 0.000000000000000000e+00 0.000000000000000000e+00 0.000000000000000000e+00 0.000000000000000000e+00 0.000000000000000000e+00 0.000000000000000000e+00 0.000000000000000000e+00 0.000000000000000000e+00 0.000000000000000000e+00 0.000000000000000000e+00 0.000000000000000000e+00 0.000000000000000000e+00 0.000000000000000000e+00 0.000000000000000000e+00 0.000000000000000000e+00 0.000000000000000000e+00 0.000000000000000000e+00 0.000000000000000000e+00 0.000000000000000000e+00 0.000000000000000000e+00 0.000000000000000000e+00 0.000000000000000000e+00 0.000000000000000000e+00 0.000000000000000000e+00 0.000000000000000000e+00 0.000000000000000000e+00 0.000000000000000000e+00 0.000000000000000000e+00 0.000000000000000000e+00 0.000000000000000000e+00 0.000000000000000000e+00 0.000000000000000000e+00 0.000000000000000000e+00 0.000000000000000000e+00 0.000000000000000000e+00 0.000000000000000000e+00 0.000000000000000000e+00 0.000000000000000000e+00 0.000000000000000000e+00 0.000000000000000000e+00 0.000000000000000000e+00 0.000000000000000000e+00 0.000000000000000000e+00 0.000000000000000000e+00 0.000000000000000000e+00 0.000000000000000000e+00
4.660972737176936193e-02 -5.844346652353370786e+01 -6.096322482499984972e+02 2.089541057679231428e-01 -6.676480483770342289e+01 -2.376990763564838005e+01 -2.439579500003177870e+01 3.702886158624227875e+01 8.003172008440913032e+00 -6.238997591857238945e+01 -4.301890646015730901e+00 4.066118719523903913e+00 3.176115981742819172e-01 -2.327574448110436123e+01 2.865204398064902946e+01 -4.324083974174033074e+01 -7.611258736451915752e+01 -3.177133713516328584e+01 0.000000000000000000e+00 0.000000000000000000e+00 0.000000000000000000e+00 0.000000000000000000e+00 0.000000000000000000e+00 0.000000000000000000e+00 0.000000000000000000e+00 0.000000000000000000e+00 0.000000000000000000e+00 0.000000000000000000e+00 0.000000000000000000e+00 2.827378475069462820e-07 1.745820929267207514e-05 8.672355541653176657e-05 2.215454051031119111e-04 4.406165068654483872e-04 7.554256633806534678e-04 1.189131028280129929e-03 1.762575803507442172e-03 2.459387288610725541e-03 3.251284361579839539e-03 4.033551371841992764e-03 4.598555956804820967e-03 4.508923836402966602e-03 3.321829367531064711e-03 4.073146541829642930e-04 -2.494492985514910194e-03 2.677765446302928995e-03 -3.389407576297330700e-03 -1.669720846359488975e-02 -4.158376071762689974e-02 -8.848171718699435195e-02 -1.711864711492620816e-01 -3.051989717480824704e-01 -5.163552095743878523e-01 -8.269838162997501518e-01 -1.280888774432880295e+00 -1.948675622246645922e+00 -3.090821130184101317e+00 -4.643717132999666930e+00 -6.261835139627435431e+00 -7.963052391220532655e+00 -7.141423227838666898e-01 0.000000000000000000e+00 0.000000000000000000e+00 0.000000000000000000e+00 0.000000000000000000e+00 0.000000000000000000e+00 0.000000000000000000e+00 0.000000000000000000e+00 0.000000000000000000e+00 0.000000000000000000e+00 0.000000000000000000e+00 0.000000000000000000e+00 0.000000000000000000e+00 0.000000000000000000e+00 0.000000000000000000e+00 0.000000000000000000e+00 0.000000000000000000e+00 0.000000000000000000e+00 0.000000000000000000e+00 0.000000000000000000e+00 0.000000000000000000e+00 0.000000000000000000e+00 0.000000000000000000e+00 0.000000000000000000e+00 0.000000000000000000e+00 0.000000000000000000e+00 0.000000000000000000e+00 0.000000000000000000e+00 0.000000000000000000e+00 0.000000000000000000e+00 0.000000000000000000e+00 0.000000000000000000e+00 0.000000000000000000e+00 0.000000000000000000e+00 0.000000000000000000e+00 0.000000000000000000e+00 0.000000000000000000e+00 0.000000000000000000e+00 0.000000000000000000e+00 0.000000000000000000e+00 0.000000000000000000e+00 0.000000000000000000e+00 0.000000000000000000e+00 0.000000000000000000e+00 0.000000000000000000e+00 0.000000000000000000e+00 0.000000000000000000e+00 0.000000000000000000e+00
8.530238879782858774e+00 1.103889365955390895e+04 9.990852677501505241e+04 -7.717172752489474874e+00 1.094163458528355113e+04 2.538261661895333873e+03 2.352220474816394926e+03 -3.705177143263632843e+03 5.271227504946479712e+03 1.356599129592653117e+04 -1.047591701411890313e+02 -2.757218093278464721e+02 -2.327574448110436123e+01 8.899169433169212425e+03 -5.411843024470248565e+03 8.167397658841386146e+03 1.437626492829796007e+04 3.063363572350405775e+03 0.000000000000000000e+00 0.000000000000000000e+00 0.000000000000000000e+00 0.000000000000000000e+00 0.000000000000000000e+00 0.000000000000000000e+00 0.000000000000000000e+00 0.000000000000000000e+00 0.000000000000000000e+00 0.000000000000000000e+00 0.000000000000000000e+00 1.308942931430048221e-04 8.151675826918867301e-03 4.149092714114356595e-02 1.103659631778078631e-01 2.314017201814626556e-01 4.230909869120978439e-01 7.157968944990044102e-01 1.155067280044657974e+00 1.789929410800358056e+00 2.684982941169282267e+00 3.923302116983889753e+00 5.635059017415342097e+00 7.890282112056356212e+00 1.089098721362204714e+01 1.494306921905009133e+01 2.125684683644421824e+01 3.289240147539734238e+01 4.586489517715021691e+01 6.352976955885921484e+01 8.730733897264161669e+01 1.181035569846970361e+02 1.568233335717497710e+02 2.048984568856699298e+02 2.589716262448156954e+02 3.271099411876145950e+02 4.252464538521733743e+02 5.430100368517882998e+02 5.686371095270080787e+02 5.474575721218690205e+02 6.581954352370493098e+02 4.345686421791423300e+02 1.913953440309877152e+01 0.000000000000000000e+00 0.000000000000000000e+00 0.000000000000000000e+00 0.000000000000000000e+00 0.000000000000000000e+00 0.000000000000000000e+00 0.000000000000000000e+00 0.000000000000000000e+00 0.000000000000000000e+00 0.000000000000000000e+00 0.000000000000000000e+00 0.000000000000000000e+00 0.000000000000000000e+00 0.000000000000000000e+00 0.000000000000000000e+00 0.000000000000000000e+00 0.000000000000000000e+00 0.000000000000000000e+00 0.000000000000000000e+00 0.000000000000000000e+00 0.000000000000000000e+00 0.000000000000000000e+00 0.000000000000000000e+00 0.000000000000000000e+00 0.000000000000000000e+00 0.000000000000000000e+00 0.000000000000000000e+00 0.000000000000000000e+00 0.000000000000000000e+00 0.000000000000000000e+00 0.000000000000000000e+00 0.000000000000000000e+00 0.000000000000000000e+00 0.000000000000000000e+00 0.000000000000000000e+00 0.000000000000000000e+00 0.000000000000000000e+00 0.000000000000000000e+00 0.000000000000000000e+00 0.000000000000000000e+00 0.000000000000000000e+00 0.000000000000000000e+00 0.000000000000000000e+00 0.000000000000000000e+00 0.000000000000000000e+00 0.000000000000000000e+00 0.000000000000000000e+00
