3.936129854266966266e+00 -3.037067275306378988e+01 -2.029611808199387895e+02 1.264953535309242261e-01 -3.455526280239379133e+01 -1.696907736296796188e+01 -8.699159858636022591e+00 -8.957751915222379735e-02 4.555493413699363892e+00 -4.468949495899259716e+01 -1.280054162154729624e+01
-3.037067275306378988e+01 2.964659970655659345e+04 1.912505441234982281e+05 -6.790781978726043633e+01 3.256146218005768969e+04 1.208185131661060041e+04 7.138089536558390137e+03 5.458703580516298643e+03 5.208374694599682698e+03 4.362404412012168905e+04 1.050347547301807754e+04
-2.029611808199387895e+02 1.912505441234982281e+05 1.282599810802999185e+06 -5.457689850916822252e+02 2.183697067269138643e+05 8.085650014386803377e+04 5.566894237435743707e+04 4.403382698976421671e+04 1.874791271353517732e+04 2.814191933449829230e+05 8.191510737477242947e+04
1.264953535309242261e-01 -6.790781978726043633e+01 -5.457689850916822252e+02 4.790148029988282041e-01 -9.292018618067723423e+01 -3.962299386643098131e+01 -3.756509752722907791e+01 -3.225181641366074103e+01 3.268427749985510644e+01 -9.992423265476746508e+01 -5.527586597197834806e+01
-3.455526280239379133e+01 3.256146218005768969e+04 2.183697067269138643e+05 -9.292018618067723423e+01 3.717864950108166522e+04 1.376626604390876309e+04 9.477945121849907082e+03 7.497002420262631858e+03 3.191935759317892462e+03 4.791317307274071209e+04 1.394649977589945593e+04
-1.696907736296796188e+01 1.208185131661060041e+04 8.085650014386803377e+04 -3.962299386643098131e+01 1.376626604390876309e+04 5.816379394057184072e+03 3.483467764302572050e+03 2.503091561038871987e+03 5.313010586281205860e+02 1.777806629108995185e+04 5.125813852013157884e+03
-8.699159858636022591e+00 7.138089536558390137e+03 5.566894237435743707e+04 -3.756509752722907791e+01 9.477945121849907082e+03 3.483467764302572050e+03 3.613901159509129684e+03 3.051688022242670286e+03 -1.671528900461657486e+03 1.050347547301807754e+04 5.317742513092282934e+03
-8.957751915222379735e-02 5.458703580516298643e+03 4.403382698976421671e+04 -3.225181641366074103e+01 7.497002420262631858e+03 2.503091561038871987e+03 3.051688022242670286e+03 3.246802462822248344e+03 -2.240457710592493186e+03 8.032311570032922646e+03 4.490463467677845983e+03
4.555493413699363892e+00 5.208374694599682698e+03 1.874791271353517732e+04 3.268427749985510644e+01 3.191935759317892462e+03 5.313010586281205860e+02 -1.671528900461657486e+03 -2.240457710592493186e+03 7.523631077044002268e+03 7.663960444714755795e+03 -2.459602491467890104e+03
-4.468949495899259716e+01 4.362404412012168905e+04 2.814191933449829230e+05 -9.992423265476746508e+01 4.791317307274071209e+04 1.777806629108995185e+04 1.050347547301807754e+04 8.032311570032922646e+03 7.663960444714755795e+03 6.419141635907224554e+04 1.545553560896971612e+04
-1.280054162154729624e+01 1.050347547301807754e+04 8.191510737477242947e+04 -5.527586597197834806e+01 1.394649977589945593e+04 5.125813852013157884e+03 5.317742513092282934e+03 4.490463467677845983e+03 -2.459602491467890104e+03 1.545553560896971612e+04 7.824891768592263361e+03
