1.1424258778024625193836527614621445536613464355468750000000000000 2.5364572084544323438137780613033100962638854980468750000000000000 13.4640304350849486780816732789389789104461669921875000000000000000 -0.0014225919506798598811181388867908026441000401973724365234375000 3.5437014824300017146185837191296741366386413574218750000000000000 0.4522354918143071111913400272896979004144668579101562500000000000 1.0157376884395725724630210606846958398818969726562500000000000000 1.8185359182680516099139822472352534532546997070312500000000000000 1.4957075110415956054055186541518196463584899902343750000000000000 4.5062566648984212491768630570732057094573974609375000000000000000 1.8045542866100252599181885670986957848072052001953125000000000000
2.5364572084544323438137780613033100962638854980468750000000000000 3615.5086482338219866505824029445648193359375000000000000000000000000 18209.3745311767779639922082424163818359375000000000000000000000000000 -7.3907504652475779494125163182616233825683593750000000000000000000 4792.6650070623600186081603169441223144531250000000000000000000000000 966.4548547699724849735503084957599639892578125000000000000000000000 1188.9587000000644820829620584845542907714843750000000000000000000000 1334.6874187357436767342733219265937805175781250000000000000000000000 972.3478645740837009725510142743587493896484375000000000000000000000 6423.2938323564922029618173837661743164062500000000000000000000000000 2112.2978334923086549679283052682876586914062500000000000000000000000
13.4640304350849486780816732789389789104461669921875000000000000000 18209.3745311767779639922082424163818359375000000000000000000000000000 95963.4017312740033958107233047485351562500000000000000000000000000000 -44.8012867533113663398580683860927820205688476562500000000000000000 25257.3440481825346068944782018661499023437500000000000000000000000000 4967.8647938318781598354689776897430419921875000000000000000000000000 7108.7287616137573422747664153575897216796875000000000000000000000000 8010.5116807793392581515945494174957275390625000000000000000000000000 3641.7219401816446406883187592029571533203125000000000000000000000000 32350.6799449405916675459593534469604492187500000000000000000000000000 12629.3304906557168578729033470153808593750000000000000000000000000000
-0.0014225919506798598811181388867908026441000401973724365234375000 -7.3907504652475779494125163182616233825683593750000000000000000000 -44.8012867533113663398580683860927820205688476562500000000000000000 0.0506392288435827397918842507351655513048171997070312500000000000 -11.7915944299096011604888190049678087234497070312500000000000000000 -4.1082876432990858006633061449974775314331054687500000000000000000 -4.4273173052082857026334750116802752017974853515625000000000000000 -4.6937136780883763620408899441827088594436645507812500000000000000 3.1880282046174825971718291839351877570152282714843750000000000000 -13.1303687803654423049692923086695373058319091796875000000000000000 -7.8655488638705106652082577056717127561569213867187500000000000000
3.5437014824300017146185837191296741366386413574218750000000000000 4792.6650070623600186081603169441223144531250000000000000000000000000 25257.3440481825346068944782018661499023437500000000000000000000000000 -11.7915944299096011604888190049678087234497070312500000000000000000 6647.6741847341399989090859889984130859375000000000000000000000000000 1307.5304545167391552240587770938873291015625000000000000000000000000 1871.0008694780931364221032708883285522460937500000000000000000000000 2108.3480355354286075453273952007293701171875000000000000000000000000 958.4927411030563462190912105143070220947265625000000000000000000000 8514.6236879983061953680589795112609863281250000000000000000000000000 3324.0103992347148960107006132602691650390625000000000000000000000000
0.4522354918143071111913400272896979004144668579101562500000000000 966.4548547699724849735503084957599639892578125000000000000000000000 4967.8647938318781598354689776897430419921875000000000000000000000000 -4.1082876432990858006633061449974775314331054687500000000000000000 1307.5304545167391552240587770938873291015625000000000000000000000000 598.4298970971800599727430380880832672119140625000000000000000000000 344.2615442771448215353302657604217529296875000000000000000000000000 282.0391196572469425518647767603397369384765625000000000000000000000 -55.8281892785502620313309307675808668136596679687500000000000000000 1716.9986610120483874197816476225852966308593750000000000000000000000 611.6132664080678296159021556377410888671875000000000000000000000000
1.0157376884395725724630210606846958398818969726562500000000000000 1188.9587000000644820829620584845542907714843750000000000000000000000 7108.7287616137573422747664153575897216796875000000000000000000000000 -4.4273173052082857026334750116802752017974853515625000000000000000 1871.0008694780931364221032708883285522460937500000000000000000000000 344.2615442771448215353302657604217529296875000000000000000000000000 686.2704552549819254636531695723533630371093750000000000000000000000 778.4165968174054341943701729178428649902343750000000000000000000000 -11.0698956843762932322761116665787994861602783203125000000000000000 2112.2978334923086549679283052682876586914062500000000000000000000000 1219.2245162298738705430878326296806335449218750000000000000000000000
1.8185359182680516099139822472352534532546997070312500000000000000 1334.6874187357436767342733219265937805175781250000000000000000000000 8010.5116807793392581515945494174957275390625000000000000000000000000 -4.6937136780883763620408899441827088594436645507812500000000000000 2108.3480355354286075453273952007293701171875000000000000000000000000 282.0391196572469425518647767603397369384765625000000000000000000000 778.4165968174054341943701729178428649902343750000000000000000000000 1022.2092934324297175407991744577884674072265625000000000000000000000 -63.5845556605724979704064026009291410446166992187500000000000000000 2371.1987161411061606486327946186065673828125000000000000000000000000 1382.9308713681746212387224659323692321777343750000000000000000000000
1.4957075110415956054055186541518196463584899902343750000000000000 972.3478645740837009725510142743587493896484375000000000000000000000 3641.7219401816446406883187592029571533203125000000000000000000000000 3.1880282046174825971718291839351877570152282714843750000000000000 958.4927411030563462190912105143070220947265625000000000000000000000 -55.8281892785502620313309307675808668136596679687500000000000000000 -11.0698956843762932322761116665787994861602783203125000000000000000 -63.5845556605724979704064026009291410446166992187500000000000000000 1130.2551026834087224415270611643791198730468750000000000000000000000 1727.4681515351187499618390575051307678222656250000000000000000000000 -19.6667190131100930727825470967218279838562011718750000000000000000
4.5062566648984212491768630570732057094573974609375000000000000000 6423.2938323564922029618173837661743164062500000000000000000000000000 32350.6799449405916675459593534469604492187500000000000000000000000000 -13.1303687803654423049692923086695373058319091796875000000000000000 8514.6236879983061953680589795112609863281250000000000000000000000000 1716.9986610120483874197816476225852966308593750000000000000000000000 2112.2978334923086549679283052682876586914062500000000000000000000000 2371.1987161411061606486327946186065673828125000000000000000000000000 1727.4681515351187499618390575051307678222656250000000000000000000000 11411.5903655613819864811375737190246582031250000000000000000000000000 3752.6973286591519354260526597499847412109375000000000000000000000000
1.8045542866100252599181885670986957848072052001953125000000000000 2112.2978334923086549679283052682876586914062500000000000000000000000 12629.3304906557168578729033470153808593750000000000000000000000000000 -7.8655488638705106652082577056717127561569213867187500000000000000 3324.0103992347148960107006132602691650390625000000000000000000000000 611.6132664080678296159021556377410888671875000000000000000000000000 1219.2245162298738705430878326296806335449218750000000000000000000000 1382.9308713681746212387224659323692321777343750000000000000000000000 -19.6667190131100930727825470967218279838562011718750000000000000000 3752.6973286591519354260526597499847412109375000000000000000000000000 2166.0679249606660050631035119295120239257812500000000000000000000000
