9.5971222242872276098069050931371748447418212890625000000000000000 -80.4223676956456188236188609153032302856445312500000000000000000000 -674.7407994617437907436396926641464233398437500000000000000000000000 0.3235462988142555063042493657121667638421058654785156250000000000 -86.4852017628073070909522357396781444549560546875000000000000000000 -42.9197969326031767423046403564512729644775390625000000000000000000 -23.2041541790117911148172424873337149620056152343750000000000000000 -0.6830162868923705943302593368571251630783081054687500000000000000 12.6112865630426487228987753042019903659820556640625000000000000000 -108.7036791428739377352030714973807334899902343750000000000000000000 -31.3641217354217261004123429302126169204711914062500000000000000000
-80.4223676956456188236188609153032302856445312500000000000000000000 68245.9322561748995212838053703308105468750000000000000000000000000000 555902.8576026024529710412025451660156250000000000000000000000000000000 -133.6521335994845856021129293367266654968261718750000000000000000000 71253.0957645285816397517919540405273437500000000000000000000000000000 24608.4971336880807939451187849044799804687500000000000000000000000000 16954.7547737239983689505606889724731445312500000000000000000000000000 13184.8467676378131727688014507293701171875000000000000000000000000000 12533.3219919854818726889789104461669921875000000000000000000000000000 92245.2811990912887267768383026123046875000000000000000000000000000000 22917.0599632668199774343520402908325195312500000000000000000000000000
-674.7407994617437907436396926641464233398437500000000000000000000000 555902.8576026024529710412025451660156250000000000000000000000000000000 4693130.0462548816576600074768066406250000000000000000000000000000000000 -1338.8082129406468538945773616433143615722656250000000000000000000000 601544.0288674280745908617973327636718750000000000000000000000000000000 207240.2926229479198809713125228881835937500000000000000000000000000000 165172.0085832662007305771112442016601562500000000000000000000000000000 130863.4789219682279508560895919799804687500000000000000000000000000000 65943.2609763050713809207081794738769531250000000000000000000000000000 751391.5294825602322816848754882812500000000000000000000000000000000000 223256.3593796247732825577259063720703125000000000000000000000000000000
0.3235462988142555063042493657121667638421058654785156250000000000 -133.6521335994845856021129293367266654968261718750000000000000000000 -1338.8082129406468538945773616433143615722656250000000000000000000000 0.7796131680492232041146394294628407806158065795898437500000000000 -171.6023375350080470980174141004681587219238281250000000000000000000 -68.6264252202994384788325987756252288818359375000000000000000000000 -74.2401103250607690142715000547468662261962890625000000000000000000 -61.6128022524479064259139704518020153045654296875000000000000000000 50.0698505199425554224035295192152261734008789062500000000000000000 -180.6522123613816006582055706530809402465820312500000000000000000000 -100.3473705580035613138534245081245899200439453125000000000000000000
-86.4852017628073070909522357396781444549560546875000000000000000000 71253.0957645285816397517919540405273437500000000000000000000000000000 601544.0288674280745908617973327636718750000000000000000000000000000000 -171.6023375350080470980174141004681587219238281250000000000000000000 77103.1731700717646162956953048706054687500000000000000000000000000000 26563.1165851785481208935379981994628906250000000000000000000000000000 21170.9955871756101259961724281311035156250000000000000000000000000000 16773.4845543321789591573178768157958984375000000000000000000000000000 8452.3067746647429885342717170715332031250000000000000000000000000000 96309.9431396515719825401902198791503906250000000000000000000000000000 28615.9830577599459502380341291427612304687500000000000000000000000000
-42.9197969326031767423046403564512729644775390625000000000000000000 24608.4971336880807939451187849044799804687500000000000000000000000000 207240.2926229479198809713125228881835937500000000000000000000000000000 -68.6264252202994384788325987756252288818359375000000000000000000000 26563.1165851785481208935379981994628906250000000000000000000000000000 10615.4003053062315302668139338493347167968750000000000000000000000000 7227.5435198082732313196174800395965576171875000000000000000000000000 5213.2816961693297344027087092399597167968750000000000000000000000000 1684.4096511841278243082342669367790222167968750000000000000000000000 33262.3156126451358431950211524963378906250000000000000000000000000000 9769.1798224803387711290270090103149414062500000000000000000000000000
-23.2041541790117911148172424873337149620056152343750000000000000000 16954.7547737239983689505606889724731445312500000000000000000000000000 165172.0085832662007305771112442016601562500000000000000000000000000000 -74.2401103250607690142715000547468662261962890625000000000000000000 21170.9955871756101259961724281311035156250000000000000000000000000000 7227.5435198082732313196174800395965576171875000000000000000000000000 8652.4732246266576112248003482818603515625000000000000000000000000000 7125.2170024841288977768272161483764648437500000000000000000000000000 -2816.5787633732593349122907966375350952148437500000000000000000000000 22917.0599632668199774343520402908325195312500000000000000000000000000 11695.1999816967436345294117927551269531250000000000000000000000000000
-0.6830162868923705943302593368571251630783081054687500000000000000 13184.8467676378131727688014507293701171875000000000000000000000000000 130863.4789219682279508560895919799804687500000000000000000000000000000 -61.6128022524479064259139704518020153045654296875000000000000000000 16773.4845543321789591573178768157958984375000000000000000000000000000 5213.2816961693297344027087092399597167968750000000000000000000000000 7125.2170024841288977768272161483764648437500000000000000000000000000 7132.1842600161462542018853127956390380859375000000000000000000000000 -3645.2443017773452993424143642187118530273437500000000000000000000000 17821.4269691895678988657891750335693359375000000000000000000000000000 9630.8691854557400802150368690490722656250000000000000000000000000000
12.6112865630426487228987753042019903659820556640625000000000000000 12533.3219919854818726889789104461669921875000000000000000000000000000 65943.2609763050713809207081794738769531250000000000000000000000000000 50.0698505199425554224035295192152261734008789062500000000000000000 8452.3067746647429885342717170715332031250000000000000000000000000000 1684.4096511841278243082342669367790222167968750000000000000000000000 -2816.5787633732593349122907966375350952148437500000000000000000000000 -3645.2443017773452993424143642187118530273437500000000000000000000000 13910.6610061458250129362568259239196777343750000000000000000000000000 16940.7871398056522593833506107330322265625000000000000000000000000000 -3807.0562077089493868697900325059890747070312500000000000000000000000
-108.7036791428739377352030714973807334899902343750000000000000000000 92245.2811990912887267768383026123046875000000000000000000000000000000 751391.5294825602322816848754882812500000000000000000000000000000000000 -180.6522123613816006582055706530809402465820312500000000000000000000 96309.9431396515719825401902198791503906250000000000000000000000000000 33262.3156126451358431950211524963378906250000000000000000000000000000 22917.0599632668199774343520402908325195312500000000000000000000000000 17821.4269691895678988657891750335693359375000000000000000000000000000 16940.7871398056522593833506107330322265625000000000000000000000000000 124684.2357073891325853765010833740234375000000000000000000000000000000 30976.0680333692762360442429780960083007812500000000000000000000000000
-31.3641217354217261004123429302126169204711914062500000000000000000 22917.0599632668199774343520402908325195312500000000000000000000000000 223256.3593796247732825577259063720703125000000000000000000000000000000 -100.3473705580035613138534245081245899200439453125000000000000000000 28615.9830577599459502380341291427612304687500000000000000000000000000 9769.1798224803387711290270090103149414062500000000000000000000000000 11695.1999816967436345294117927551269531250000000000000000000000000000 9630.8691854557400802150368690490722656250000000000000000000000000000 -3807.0562077089493868697900325059890747070312500000000000000000000000 30976.0680333692762360442429780960083007812500000000000000000000000000 15807.9313348908217449206858873367309570312500000000000000000000000000
