0.0246344206827723913311167791562183992937207221984863281250000000 0.2225553266930812013058016418654005974531173706054687500000000000 2.5432284576573978007729692762950435280799865722656250000000000000 -0.0006891822656925452109111240872607595520094037055969238281250000 0.2268703190185232809739090953371487557888031005859375000000000000 0.0997218390262091525233500988179002888500690460205078125000000000 0.0652419527614341299148748021252686157822608947753906250000000000 0.0739510846466712584712510647477756720036268234252929687500000000 0.0178686262313831542569708688006357988342642784118652343750000000 0.2784978032636594158510945362650090828537940979003906250000000000 0.0816414542607113435934707013075239956378936767578125000000000000
0.2225553266930812013058016418654005974531173706054687500000000000 177.3185787717575863098318222910165786743164062500000000000000000000 1974.9202075149619304283987730741500854492187500000000000000000000000 -0.2823185211038888309253991337754996493458747863769531250000000000 176.1740185652661807580443564802408218383789062500000000000000000000 54.9651410186513373901107115671038627624511718750000000000000000000 45.3577797781261580212230910547077655792236328125000000000000000000 37.6728126555388840301930031273514032363891601562500000000000000000 35.4034379774418610509201243985444307327270507812500000000000000000 221.8901492924989042876404710114002227783203125000000000000000000000 56.7591089228136596034346439410001039505004882812500000000000000000
2.5432284576573978007729692762950435280799865722656250000000000000 1974.9202075149619304283987730741500854492187500000000000000000000000 22695.5470709214423550292849540710449218750000000000000000000000000000 -3.7988117354996440155900927493348717689514160156250000000000000000 2024.5707729389844189427094534039497375488281250000000000000000000000 629.6909718561671525094425305724143981933593750000000000000000000000 595.3651994819081210152944549918174743652343750000000000000000000000 492.2514817503583230973163153976202011108398437500000000000000000000 294.2710242559633115888573229312896728515625000000000000000000000000 2471.3447554208833025768399238586425781250000000000000000000000000000 745.0187899748726749749039299786090850830078125000000000000000000000
-0.0006891822656925452109111240872607595520094037055969238281250000 -0.2823185211038888309253991337754996493458747863769531250000000000 -3.7988117354996440155900927493348717689514160156250000000000000000 0.0012788809957343138298119233908778369368519634008407592773437500 -0.3388754273054827015343448692874517291784286499023437500000000000 -0.1229906373271368175137396860918670427054166793823242187500000000 -0.1565918736486018869591418933850945904850959777832031250000000000 -0.1287447658100893954635779437012388370931148529052734375000000000 0.0685163922595726226916212908690795302391052246093750000000000000 -0.3532833346042866806691051806410541757941246032714843750000000000 -0.1959534892652466664397792328600189648568630218505859375000000000
0.2268703190185232809739090953371487557888031005859375000000000000 176.1740185652661807580443564802408218383789062500000000000000000000 2024.5707729389844189427094534039497375488281250000000000000000000000 -0.3388754273054827015343448692874517291784286499023437500000000000 180.6031289675512994108430575579404830932617187500000000000000000000 56.1719853511238369492275523953139781951904296875000000000000000000 53.1099329013496017637407931033521890640258789062500000000000000000 43.9116078485972920475433056708425283432006835937500000000000000000 26.2506346804379475656787690240889787673950195312500000000000000000 220.4578874457607184922380838543176651000976562500000000000000000000 66.4598770305057939822290791198611259460449218750000000000000000000
0.0997218390262091525233500988179002888500690460205078125000000000 54.9651410186513373901107115671038627624511718750000000000000000000 629.6909718561671525094425305724143981933593750000000000000000000000 -0.1229906373271368175137396860918670427054166793823242187500000000 56.1719853511238369492275523953139781951904296875000000000000000000 20.6676431607690567204826948000118136405944824218750000000000000000 16.3170114379790973657691210974007844924926757812500000000000000000 12.5632120237272690843610689626075327396392822265625000000000000000 5.8706946091805285448117501800879836082458496093750000000000000000 68.7814183431429313486660248599946498870849609375000000000000000000 20.4185265247414804434811230748891830444335937500000000000000000000
0.0652419527614341299148748021252686157822608947753906250000000000 45.3577797781261580212230910547077655792236328125000000000000000000 595.3651994819081210152944549918174743652343750000000000000000000000 -0.1565918736486018869591418933850945904850959777832031250000000000 53.1099329013496017637407931033521890640258789062500000000000000000 16.3170114379790973657691210974007844924926757812500000000000000000 23.2297497562191495035222033038735389709472656250000000000000000000 19.0050034987740694703006738563999533653259277343750000000000000000 -3.8420953157014183787509864487219601869583129882812500000000000000 56.7591089228136596034346439410001039505004882812500000000000000000 29.0688808648168190984506509266793727874755859375000000000000000000
0.0739510846466712584712510647477756720036268234252929687500000000 37.6728126555388840301930031273514032363891601562500000000000000000 492.2514817503583230973163153976202011108398437500000000000000000000 -0.1287447658100893954635779437012388370931148529052734375000000000 43.9116078485972920475433056708425283432006835937500000000000000000 12.5632120237272690843610689626075327396392822265625000000000000000 19.0050034987740694703006738563999533653259277343750000000000000000 17.9365814833049377341467334190383553504943847656250000000000000000 -4.7541376540870476929967480828054249286651611328125000000000000000 47.1424149816007940216877614147961139678955078125000000000000000000 23.7821839812710500439152383478358387947082519531250000000000000000
0.0178686262313831542569708688006357988342642784118652343750000000 35.4034379774418610509201243985444307327270507812500000000000000000 294.2710242559633115888573229312896728515625000000000000000000000000 0.0685163922595726226916212908690795302391052246093750000000000000 26.2506346804379475656787690240889787673950195312500000000000000000 5.8706946091805285448117501800879836082458496093750000000000000000 -3.8420953157014183787509864487219601869583129882812500000000000000 -4.7541376540870476929967480828054249286651611328125000000000000000 27.6708592136922888471417536493390798568725585937500000000000000000 44.3026003969614095012730103917419910430908203125000000000000000000 -4.8078611339105998823129084485117346048355102539062500000000000000
0.2784978032636594158510945362650090828537940979003906250000000000 221.8901492924989042876404710114002227783203125000000000000000000000 2471.3447554208833025768399238586425781250000000000000000000000000000 -0.3532833346042866806691051806410541757941246032714843750000000000 220.4578874457607184922380838543176651000976562500000000000000000000 68.7814183431429313486660248599946498870849609375000000000000000000 56.7591089228136596034346439410001039505004882812500000000000000000 47.1424149816007940216877614147961139678955078125000000000000000000 44.3026003969614095012730103917419910430908203125000000000000000000 277.6654239735503892916312906891107559204101562500000000000000000000 71.0263258358479845355759607627987861633300781250000000000000000000
0.0816414542607113435934707013075239956378936767578125000000000000 56.7591089228136596034346439410001039505004882812500000000000000000 745.0187899748726749749039299786090850830078125000000000000000000000 -0.1959534892652466664397792328600189648568630218505859375000000000 66.4598770305057939822290791198611259460449218750000000000000000000 20.4185265247414804434811230748891830444335937500000000000000000000 29.0688808648168190984506509266793727874755859375000000000000000000 23.7821839812710500439152383478358387947082519531250000000000000000 -4.8078611339105998823129084485117346048355102539062500000000000000 71.0263258358479845355759607627987861633300781250000000000000000000 36.3757614094265946391715260688215494155883789062500000000000000000
