0.1635206281977877595945614075390039943158626556396484375000000000 0.5697896920997388425789154098310973495244979858398437500000000000 6.0083582888883677597391397284809499979019165039062500000000000000 -0.0015649003695346387111941854897168013849295675754547119140625000 0.5915787983189509935399996720661874860525131225585937500000000000 0.2189896600858081410212463424613815732300281524658203125000000000 0.1708013691708746006892027935464284382760524749755859375000000000 0.2961968855556648683169385094515746459364891052246093750000000000 0.1329491690599135245154371887110755778849124908447265625000000000 0.7260379317634023665917197831731755286455154418945312500000000000 0.2176386735923467319331336966570233926177024841308593750000000000
0.5697896920997388425789154098310973495244979858398437500000000000 1042.5158897640035320364404469728469848632812500000000000000000000000 10805.1738682659124606288969516754150390625000000000000000000000000000 -1.7303809997326782266213740513194352388381958007812500000000000000 1063.8699400529119429847924038767814636230468750000000000000000000000 310.3917629725729625533858779817819595336914062500000000000000000000 286.5836706966529732198978308588266372680664062500000000000000000000 242.9254776347104041178681654855608940124511718750000000000000000000 205.1790000141315033488353947177529335021972656250000000000000000000 1328.3955307184569392120465636253356933593750000000000000000000000000 365.1709015356138365859806071966886520385742187500000000000000000000
6.0083582888883677597391397284809499979019165039062500000000000000 10805.1738682659124606288969516754150390625000000000000000000000000000 115810.3196453157288488000631332397460937500000000000000000000000000000 -21.6419864270595709854205779265612363815307617187500000000000000000 11402.6039118557637266349047422409057617187500000000000000000000000000 3314.5726223441652109613642096519470214843750000000000000000000000000 3496.9661869705905701266601681709289550781250000000000000000000000000 2960.7884444524543141596950590610504150390625000000000000000000000000 1545.2698596761506451002787798643112182617187500000000000000000000000 13768.1783233918322366662323474884033203125000000000000000000000000000 4455.9073865980826667509973049163818359375000000000000000000000000000
-0.0015649003695346387111941854897168013849295675754547119140625000 -1.7303809997326782266213740513194352388381958007812500000000000000 -21.6419864270595709854205779265612363815307617187500000000000000000 0.0081769442701894231445569616312241123523563146591186523437500000 -2.1308550036758351353682883200235664844512939453125000000000000000 -0.7621109688853985320022843552578706294298171997070312500000000000 -0.9868310693919291054498899029567837715148925781250000000000000000 -0.8296876691835745054603989956376608461141586303710937500000000000 0.4672369292751394898033368008327670395374298095703125000000000000 -2.2048876271855881725514336721971631050109863281250000000000000000 -1.2574407690333675446936467778868973255157470703125000000000000000
0.5915787983189509935399996720661874860525131225585937500000000000 1063.8699400529119429847924038767814636230468750000000000000000000000 11402.6039118557637266349047422409057617187500000000000000000000000000 -2.1308550036758351353682883200235664844512939453125000000000000000 1122.6924886216511367820203304290771484375000000000000000000000000000 326.3505261484727384413417894393205642700195312500000000000000000000 344.3088702742479085827653761953115463256835937500000000000000000000 291.5171808720281774185423273593187332153320312500000000000000000000 152.1462007943674734633532352745532989501953125000000000000000000000 1355.6053078019933764153392985463142395019531250000000000000000000000 438.7255570392981098848395049571990966796875000000000000000000000000
0.2189896600858081410212463424613815732300281524658203125000000000 310.3917629725729625533858779817819595336914062500000000000000000000 3314.5726223441652109613642096519470214843750000000000000000000000000 -0.7621109688853985320022843552578706294298171997070312500000000000 326.3505261484727384413417894393205642700195312500000000000000000000 120.3037851874234007709674187935888767242431640625000000000000000000 98.7698352610700567311141639947891235351562500000000000000000000000 75.9030699316431878287403378635644912719726562500000000000000000000 25.0547991937115206440012116217985749244689941406250000000000000000 395.5076701976475987976300530135631561279296875000000000000000000000 125.8545879433117988810408860445022583007812500000000000000000000000
0.1708013691708746006892027935464284382760524749755859375000000000 286.5836706966529732198978308588266372680664062500000000000000000000 3496.9661869705905701266601681709289550781250000000000000000000000000 -0.9868310693919291054498899029567837715148925781250000000000000000 344.3088702742479085827653761953115463256835937500000000000000000000 98.7698352610700567311141639947891235351562500000000000000000000000 151.3939606695676332037692191079258918762207031250000000000000000000 127.8549948667014035663669346831738948822021484375000000000000000000 -23.7445918191842402222846430959179997444152832031250000000000000000 365.1709015356138365859806071966886520385742187500000000000000000000 192.9093481507945284647576045244932174682617187500000000000000000000
0.2961968855556648683169385094515746459364891052246093750000000000 242.9254776347104041178681654855608940124511718750000000000000000000 2960.7884444524543141596950590610504150390625000000000000000000000000 -0.8296876691835745054603989956376608461141586303710937500000000000 291.5171808720281774185423273593187332153320312500000000000000000000 75.9030699316431878287403378635644912719726562500000000000000000000 127.8549948667014035663669346831738948822021484375000000000000000000 124.3358940946353499157339683733880519866943359375000000000000000000 -30.8500240846422180140962154837325215339660644531250000000000000000 309.5407196725282688021252397447824478149414062500000000000000000000 162.9155060642816010840761009603738784790039062500000000000000000000
0.1329491690599135245154371887110755778849124908447265625000000000 205.1790000141315033488353947177529335021972656250000000000000000000 1545.2698596761506451002787798643112182617187500000000000000000000000 0.4672369292751394898033368008327670395374298095703125000000000000 152.1462007943674734633532352745532989501953125000000000000000000000 25.0547991937115206440012116217985749244689941406250000000000000000 -23.7445918191842402222846430959179997444152832031250000000000000000 -30.8500240846422180140962154837325215339660644531250000000000000000 175.6238482971192809145577484741806983947753906250000000000000000000 261.4433691535907655634218826889991760253906250000000000000000000000 -30.2558550531816372597404551925137639045715332031250000000000000000
0.7260379317634023665917197831731755286455154418945312500000000000 1328.3955307184569392120465636253356933593750000000000000000000000000 13768.1783233918322366662323474884033203125000000000000000000000000000 -2.2048876271855881725514336721971631050109863281250000000000000000 1355.6053078019933764153392985463142395019531250000000000000000000000 395.5076701976475987976300530135631561279296875000000000000000000000 365.1709015356138365859806071966886520385742187500000000000000000000 309.5407196725282688021252397447824478149414062500000000000000000000 261.4433691535907655634218826889991760253906250000000000000000000000 1692.6693428454459535714704543352127075195312500000000000000000000000 465.3083931969136983752832747995853424072265625000000000000000000000
0.2176386735923467319331336966570233926177024841308593750000000000 365.1709015356138365859806071966886520385742187500000000000000000000 4455.9073865980826667509973049163818359375000000000000000000000000000 -1.2574407690333675446936467778868973255157470703125000000000000000 438.7255570392981098848395049571990966796875000000000000000000000000 125.8545879433117988810408860445022583007812500000000000000000000000 192.9093481507945284647576045244932174682617187500000000000000000000 162.9155060642816010840761009603738784790039062500000000000000000000 -30.2558550531816372597404551925137639045715332031250000000000000000 465.3083931969136983752832747995853424072265625000000000000000000000 245.8091223677525078983308048918843269348144531250000000000000000000
