0.8657816335072606728218147509323898702859878540039062500000000000 2.0281714753019230990105370437959209084510803222656250000000000000 12.7396381820682407237654842901974916458129882812500000000000000000 -0.0023340675535053184014300242665740370284765958786010742187500000 2.4476653671179740001662139547988772392272949218750000000000000000 0.4299213782894943380874508420674828812479972839355468750000000000 0.6608211369783418831502785906195640563964843750000000000000000000 1.2744959359291501144184621807653456926345825195312500000000000000 1.0892762344860371648280761291971430182456970214843750000000000000 3.1199757709959956564205185713944956660270690917968750000000000000 1.0165540544482449814012170463684014976024627685546875000000000000
2.0281714753019230990105370437959209084510803222656250000000000000 3511.5926512250489395228214561939239501953125000000000000000000000000 21837.2316050037225068081170320510864257812500000000000000000000000000 -6.7991324967035504656109878851566463708877563476562500000000000000 4195.5850511151811588206328451633453369140625000000000000000000000000 984.1060237980777856137137860059738159179687500000000000000000000000 1097.2169185433654092776123434305191040039062500000000000000000000000 1083.1541153672676500718807801604270935058593750000000000000000000000 820.6490411723942770549911074340343475341796875000000000000000000000 5401.9515227620240693795494735240936279296875000000000000000000000000 1687.8702038113292474008630961179733276367187500000000000000000000000
12.7396381820682407237654842901974916458129882812500000000000000000 21837.2316050037225068081170320510864257812500000000000000000000000000 141832.2787008712184615433216094970703125000000000000000000000000000000 -51.2949190649494255467288894578814506530761718750000000000000000000 27250.2210466378382989205420017242431640625000000000000000000000000000 6307.6571799250741605646908283233642578125000000000000000000000000000 8109.0109450312802437110804021358489990234375000000000000000000000000 8053.5727027804023236967623233795166015625000000000000000000000000000 3656.7548858166846912354230880737304687500000000000000000000000000000 33592.6396475411966093815863132476806640625000000000000000000000000000 12474.2498271614967961795628070831298828125000000000000000000000000000
-0.0023340675535053184014300242665740370284765958786010742187500000 -6.7991324967035504656109878851566463708877563476562500000000000000 -51.2949190649494255467288894578814506530761718750000000000000000000 0.0415487052269876908083823252582078566774725914001464843750000000 -9.8552874979698330548671947326511144638061523437500000000000000000 -3.4920211450889775406380977074149996042251586914062500000000000000 -4.0449351880438131345840702124405652284622192382812500000000000000 -3.8960208452953764002302250446518883109092712402343750000000000000 2.5965701663831279866201384720625355839729309082031250000000000000 -10.4592382408635646839911714778281748294830322265625000000000000000 -6.2224027581628025274085302953608334064483642578125000000000000000
2.4476653671179740001662139547988772392272949218750000000000000000 4195.5850511151811588206328451633453369140625000000000000000000000000 27250.2210466378382989205420017242431640625000000000000000000000000000 -9.8552874979698330548671947326511144638061523437500000000000000000 5235.5821530353969137649983167648315429687500000000000000000000000000 1211.8895220028268795431358739733695983886718750000000000000000000000 1557.9834346999787157983519136905670166015625000000000000000000000000 1547.3320909465617205569287762045860290527343750000000000000000000000 702.5719382400747008432517759501934051513671875000000000000000000000 6454.1503832577473076526075601577758789062500000000000000000000000000 2396.6763299209878823603503406047821044921875000000000000000000000000
0.4299213782894943380874508420674828812479972839355468750000000000 984.1060237980777856137137860059738159179687500000000000000000000000 6307.6571799250741605646908283233642578125000000000000000000000000000 -3.4920211450889775406380977074149996042251586914062500000000000000 1211.8895220028268795431358739733695983886718750000000000000000000000 498.8186897346233763528289273381233215332031250000000000000000000000 347.5207852561933350443723611533641815185546875000000000000000000000 276.9490670846444118069484829902648925781250000000000000000000000000 -2.1288146695264624774779349536402150988578796386718750000000000000 1513.8695064647497474652482196688652038574218750000000000000000000000 534.5980076735949069188791327178478240966796875000000000000000000000
0.6608211369783418831502785906195640563964843750000000000000000000 1097.2169185433654092776123434305191040039062500000000000000000000000 8109.0109450312802437110804021358489990234375000000000000000000000000 -4.0449351880438131345840702124405652284622192382812500000000000000 1557.9834346999787157983519136905670166015625000000000000000000000000 347.5207852561933350443723611533641815185546875000000000000000000000 616.7990809060515857709106057882308959960937500000000000000000000000 619.2258749556184511675382964313030242919921875000000000000000000000 -51.7900624269610148076026234775781631469726562500000000000000000000 1687.8702038113292474008630961179733276367187500000000000000000000000 948.8340662679922843381064012646675109863281250000000000000000000000
1.2744959359291501144184621807653456926345825195312500000000000000 1083.1541153672676500718807801604270935058593750000000000000000000000 8053.5727027804023236967623233795166015625000000000000000000000000000 -3.8960208452953764002302250446518883109092712402343750000000000000 1547.3320909465617205569287762045860290527343750000000000000000000000 276.9490670846444118069484829902648925781250000000000000000000000000 619.2258749556184511675382964313030242919921875000000000000000000000 725.1924244156587064935592934489250183105468750000000000000000000000 -107.9252886401914111047517508268356323242187500000000000000000000000 1666.2371191752390586771070957183837890625000000000000000000000000000 952.5672509262167295673862099647521972656250000000000000000000000000
1.0892762344860371648280761291971430182456970214843750000000000000 820.6490411723942770549911074340343475341796875000000000000000000000 3656.7548858166846912354230880737304687500000000000000000000000000000 2.5965701663831279866201384720625355839729309082031250000000000000 702.5719382400747008432517759501934051513671875000000000000000000000 -2.1288146695264624774779349536402150988578796386718750000000000000 -51.7900624269610148076026234775781631469726562500000000000000000000 -107.9252886401914111047517508268356323242187500000000000000000000000 890.5899443501544965329230763018131256103515625000000000000000000000 1262.4204393604377401061356067657470703125000000000000000000000000000 -79.6696639895470610781558207236230373382568359375000000000000000000
3.1199757709959956564205185713944956660270690917968750000000000000 5401.9515227620240693795494735240936279296875000000000000000000000000 33592.6396475411966093815863132476806640625000000000000000000000000000 -10.4592382408635646839911714778281748294830322265625000000000000000 6454.1503832577473076526075601577758789062500000000000000000000000000 1513.8695064647497474652482196688652038574218750000000000000000000000 1687.8702038113292474008630961179733276367187500000000000000000000000 1666.2371191752390586771070957183837890625000000000000000000000000000 1262.4204393604377401061356067657470703125000000000000000000000000000 8309.9274752414385147858411073684692382812500000000000000000000000000 2596.4836822751744875859003514051437377929687500000000000000000000000
1.0165540544482449814012170463684014976024627685546875000000000000 1687.8702038113292474008630961179733276367187500000000000000000000000 12474.2498271614967961795628070831298828125000000000000000000000000000 -6.2224027581628025274085302953608334064483642578125000000000000000 2396.6763299209878823603503406047821044921875000000000000000000000000 534.5980076735949069188791327178478240966796875000000000000000000000 948.8340662679922843381064012646675109863281250000000000000000000000 952.5672509262167295673862099647521972656250000000000000000000000000 -79.6696639895470610781558207236230373382568359375000000000000000000 2596.4836822751744875859003514051437377929687500000000000000000000000 1459.6099656766198222612729296088218688964843750000000000000000000000
