0.0141866943387625194655798921417044766712933778762817382812500000 0.1199730222837169235639009912119945511221885681152343750000000000 1.4364737452566394004804806172614917159080505371093750000000000000 -0.0003708625995167298401537780971892743764328770339488983154296875 0.1217602702970710520924413344800996128469705581665039062500000000 0.0530558491022840653106307229336380260065197944641113281250000000 0.0355744339781105117781478952565521467477083206176757812500000000 0.0407888766978656697181904178250988479703664779663085937500000000 0.0097786879619310620309624582091601041611284017562866210937500000 0.1488369506496838856612896506703691557049751281738281250000000000 0.0441331740553233889401418821307743201032280921936035156250000000
0.1199730222837169235639009912119945511221885681152343750000000000 100.5922172434054147061033290810883045196533203125000000000000000000 1175.6805155180109068169258534908294677734375000000000000000000000000 -0.1593748006070975498094099975787685252726078033447265625000000000 99.6545727516220551933656679466366767883300781250000000000000000000 30.5681064683542338400457083480432629585266113281250000000000000000 26.2501993054039246544562047347426414489746093750000000000000000000 21.8351359814363057409991597523912787437438964843750000000000000000 19.7849212815370094631362007930874824523925781250000000000000000000 124.7933792831609878248855238780379295349121093750000000000000000000 32.5656513788853629876030026935040950775146484375000000000000000000
1.4364737452566394004804806172614917159080505371093750000000000000 1175.6805155180109068169258534908294677734375000000000000000000000000 14172.3065941161476075649261474609375000000000000000000000000000000000 -2.2424457154490817778480504784965887665748596191406250000000000000 1201.2916263389447522058617323637008666992187500000000000000000000000 367.3041608917400822065246757119894027709960937500000000000000000000 360.5031137663054892072977963835000991821289062500000000000000000000 298.4005144318342672704602591693401336669921875000000000000000000000 172.4721234406486587431572843343019485473632812500000000000000000000 1458.5337564818396458576899021863937377929687500000000000000000000000 447.2354128564397797163110226392745971679687500000000000000000000000
-0.0003708625995167298401537780971892743764328770339488983154296875 -0.1593748006070975498094099975787685252726078033447265625000000000 -2.2424457154490817778480504784965887665748596191406250000000000000 0.0007118453689363546778648417223678279697196558117866516113281250 -0.1900771227745673974673934480961179360747337341308593750000000000 -0.0684239151404790468813388315538759343326091766357421875000000000 -0.0888566312443066774751088132688892073929309844970703125000000000 -0.0728836510350050897910634262188978027552366256713867187500000000 0.0383482969700684114822131220989831490442156791687011718750000000 -0.1977182776696728705445593732292763888835906982421875000000000000 -0.1102343659237880607593140780409157741814851760864257812500000000
0.1217602702970710520924413344800996128469705581665039062500000000 99.6545727516220551933656679466366767883300781250000000000000000000 1201.2916263389447522058617323637008666992187500000000000000000000000 -0.1900771227745673974673934480961179360747337341308593750000000000 101.8254552940022676921216771006584167480468750000000000000000000000 31.1339166894602286106419342104345560073852539062500000000000000000 30.5574374192817899142937676515430212020874023437500000000000000000 25.2934155002699938563637260813266038894653320312500000000000000000 14.6193081761416294739319710060954093933105468750000000000000000000 123.6301498813002979204611619934439659118652343750000000000000000000 37.9091542296815546819743758533149957656860351562500000000000000000
0.0530558491022840653106307229336380260065197944641113281250000000 30.5681064683542338400457083480432629585266113281250000000000000000 367.3041608917400822065246757119894027709960937500000000000000000000 -0.0684239151404790468813388315538759343326091766357421875000000000 31.1339166894602286106419342104345560073852539062500000000000000000 11.3958428912893179330012571881525218486785888671875000000000000000 9.2262325927018320470551770995371043682098388671875000000000000000 7.0919874632534130043381992436479777097702026367187500000000000000 3.1167718939773538799897778517333790659904479980468750000000000000 37.9223901113826968867215327918529510498046875000000000000000000000 11.4459425872848310490326184662990272045135498046875000000000000000
0.0355744339781105117781478952565521467477083206176757812500000000 26.2501993054039246544562047347426414489746093750000000000000000000 360.5031137663054892072977963835000991821289062500000000000000000000 -0.0888566312443066774751088132688892073929309844970703125000000000 30.5574374192817899142937676515430212020874023437500000000000000000 9.2262325927018320470551770995371043682098388671875000000000000000 13.5344917812656628797185476287268102169036865234375000000000000000 11.0752547836246328927245485829189419746398925781250000000000000000 -2.1516927020215481647369415441062301397323608398437500000000000000 32.5656513788853629876030026935040950775146484375000000000000000000 16.7907121698824965960739064030349254608154296875000000000000000000
0.0407888766978656697181904178250988479703664779663085937500000000 21.8351359814363057409991597523912787437438964843750000000000000000 298.4005144318342672704602591693401336669921875000000000000000000000 -0.0728836510350050897910634262188978027552366256713867187500000000 25.2934155002699938563637260813266038894653320312500000000000000000 7.0919874632534130043381992436479777097702026367187500000000000000 11.0752547836246328927245485829189419746398925781250000000000000000 10.3982487035692852117563234060071408748626708984375000000000000000 -2.6098485322431108635043983667856082320213317871093750000000000000 27.0883819931846048234547197353094816207885742187500000000000000000 13.7398151541502127059857230051420629024505615234375000000000000000
0.0097786879619310620309624582091601041611284017562866210937500000 19.7849212815370094631362007930874824523925781250000000000000000000 172.4721234406486587431572843343019485473632812500000000000000000000 0.0383482969700684114822131220989831490442156791687011718750000000 14.6193081761416294739319710060954093933105468750000000000000000000 3.1167718939773538799897778517333790659904479980468750000000000000 -2.1516927020215481647369415441062301397323608398437500000000000000 -2.6098485322431108635043983667856082320213317871093750000000000000 15.4740025203915028129131314926780760288238525390625000000000000000 24.5449126506473866982105391798540949821472167968750000000000000000 -2.6693616148697416612378674471983686089515686035156250000000000000
0.1488369506496838856612896506703691557049751281738281250000000000 124.7933792831609878248855238780379295349121093750000000000000000000 1458.5337564818396458576899021863937377929687500000000000000000000000 -0.1977182776696728705445593732292763888835906982421875000000000000 123.6301498813002979204611619934439659118652343750000000000000000000 37.9223901113826968867215327918529510498046875000000000000000000000 32.5656513788853629876030026935040950775146484375000000000000000000 27.0883819931846048234547197353094816207885742187500000000000000000 24.5449126506473866982105391798540949821472167968750000000000000000 154.8170220289266865165700437501072883605957031250000000000000000000 40.4005180072204979069283581338822841644287109375000000000000000000
0.0441331740553233889401418821307743201032280921936035156250000000 32.5656513788853629876030026935040950775146484375000000000000000000 447.2354128564397797163110226392745971679687500000000000000000000000 -0.1102343659237880607593140780409157741814851760864257812500000000 37.9091542296815546819743758533149957656860351562500000000000000000 11.4459425872848310490326184662990272045135498046875000000000000000 16.7907121698824965960739064030349254608154296875000000000000000000 13.7398151541502127059857230051420629024505615234375000000000000000 -2.6693616148697416612378674471983686089515686035156250000000000000 40.4005180072204979069283581338822841644287109375000000000000000000 20.8303362792005763992619904456660151481628417968750000000000000000
