1.0607251348808339752594065430457703769207000732421875000000000000 2.5976041648429926134156175976386293768882751464843750000000000000 14.5254446779586334770328903687186539173126220703125000000000000000 -0.0027537590301999789570153165385590909863822162151336669921875000 3.3999537511539612566480172972660511732101440429687500000000000000 0.5673693853996616409673947600822430104017257690429687500000000000 0.9389109152888555076543752875295467674732208251953125000000000000 1.6503601609868892019505892676534131169319152832031250000000000000 1.3708681929604953353418750339187681674957275390625000000000000000 4.3511964542919141507582025951705873012542724609375000000000000000 1.5727514995525813112919877312378957867622375488281250000000000000
2.5976041648429926134156175976386293768882751464843750000000000000 3689.7418352836120902793481945991516113281250000000000000000000000000 20050.9835586184490239247679710388183593750000000000000000000000000000 -7.3656306453913318321724545967299491167068481445312500000000000000 4693.3101378919045600923709571361541748046875000000000000000000000000 1000.7163613448011574291740544140338897705078125000000000000000000000 1192.3627020870064825430745258927345275878906250000000000000000000000 1272.3786477567145993816666305065155029296875000000000000000000000000 942.6810242034346174477832391858100891113281250000000000000000000000 6180.6151253645693941507488489151000976562500000000000000000000000000 1997.3036815116520301671698689460754394531250000000000000000000000000
14.5254446779586334770328903687186539173126220703125000000000000000 20050.9835586184490239247679710388183593750000000000000000000000000000 113983.6011749386816518381237983703613281250000000000000000000000000000 -48.3878562813480215254458016715943813323974609375000000000000000000 26680.0074611715062928851693868637084960937500000000000000000000000000 5580.2082115408702520653605461120605468750000000000000000000000000000 7699.7327494461487731314264237880706787109375000000000000000000000000 8254.2927448369791818549856543540954589843750000000000000000000000000 3756.0094774853955641447100788354873657226562500000000000000000000000 33587.0144289668969577178359031677246093750000000000000000000000000000 12897.6732836469127505552023649215698242187500000000000000000000000000
-0.0027537590301999789570153165385590909863822162151336669921875000 -7.3656306453913318321724545967299491167068481445312500000000000000 -48.3878562813480215254458016715943813323974609375000000000000000000 0.0480293102627504658874713072691520210355520248413085937500000000 -11.3260886066855217535476185730658471584320068359375000000000000000 -3.9561782004175714000382413360057398676872253417968750000000000000 -4.4118541369972046339853477547876536846160888671875000000000000000 -4.5113588961047978997953578073065727949142456054687500000000000000 3.0034710694159900690181075333384796977043151855468750000000000000 -12.3380253164122066777963482309132814407348632812500000000000000000 -7.3902114639224363301650555513333529233932495117187500000000000000
3.3999537511539612566480172972660511732101440429687500000000000000 4693.3101378919045600923709571361541748046875000000000000000000000000 26680.0074611715062928851693868637084960937500000000000000000000000000 -11.3260886066855217535476185730658471584320068359375000000000000000 6244.9579658014336018823087215423583984375000000000000000000000000000 1306.1527727159998448769329115748405456542968750000000000000000000000 1802.2673883496929647662909701466560363769531250000000000000000000000 1932.0725942054607457976089790463447570800781250000000000000000000000 879.1647206315346920746378600597381591796875000000000000000000000000 7861.6729628326156671391800045967102050781250000000000000000000000000 3018.9432154483524755050893872976303100585937500000000000000000000000
0.5673693853996616409673947600822430104017257690429687500000000000 1000.7163613448011574291740544140338897705078125000000000000000000000 5580.2082115408702520653605461120605468750000000000000000000000000000 -3.9561782004175714000382413360057398676872253417968750000000000000 1306.1527727159998448769329115748405456542968750000000000000000000000 569.3601678769354066389496438205242156982421875000000000000000000000 357.9065406519203520474547985941171646118164062500000000000000000000 292.0934175112410002839169465005397796630859375000000000000000000000 -33.2509218454515576013363897800445556640625000000000000000000000000 1676.2806058630549159715883433818817138671875000000000000000000000000 599.5223181922526691778330132365226745605468750000000000000000000000
0.9389109152888555076543752875295467674732208251953125000000000000 1192.3627020870064825430745258927345275878906250000000000000000000000 7699.7327494461487731314264237880706787109375000000000000000000000000 -4.4118541369972046339853477547876536846160888671875000000000000000 1802.2673883496929647662909701466560363769531250000000000000000000000 357.9065406519203520474547985941171646118164062500000000000000000000 681.7888044582765587620087899267673492431640625000000000000000000000 736.7393540239005460534826852381229400634765625000000000000000000000 -27.4625573323240601553152373526245355606079101562500000000000000000 1997.3036815116520301671698689460754394531250000000000000000000000000 1142.0512288538341181265423074364662170410156250000000000000000000000
1.6503601609868892019505892676534131169319152832031250000000000000 1272.3786477567145993816666305065155029296875000000000000000000000000 8254.2927448369791818549856543540954589843750000000000000000000000000 -4.5113588961047978997953578073065727949142456054687500000000000000 1932.0725942054607457976089790463447570800781250000000000000000000000 292.0934175112410002839169465005397796630859375000000000000000000000 736.7393540239005460534826852381229400634765625000000000000000000000 924.5998888470204519762773998081684112548828125000000000000000000000 -86.8579616734385240306437481194734573364257812500000000000000000000 2131.3368432216057044570334255695343017578125000000000000000000000000 1234.0978307446914641332114115357398986816406250000000000000000000000
1.3708681929604953353418750339187681674957275390625000000000000000 942.6810242034346174477832391858100891113281250000000000000000000000 3756.0094774853955641447100788354873657226562500000000000000000000000 3.0034710694159900690181075333384796977043151855468750000000000000 879.1647206315346920746378600597381591796875000000000000000000000000 -33.2509218454515576013363897800445556640625000000000000000000000000 -27.4625573323240601553152373526245355606079101562500000000000000000 -86.8579616734385240306437481194734573364257812500000000000000000000 1061.3712800530693129985593259334564208984375000000000000000000000000 1579.0667360167949482274707406759262084960937500000000000000000000000 -46.0019981902898678072233451530337333679199218750000000000000000000
4.3511964542919141507582025951705873012542724609375000000000000000 6180.6151253645693941507488489151000976562500000000000000000000000000 33587.0144289668969577178359031677246093750000000000000000000000000000 -12.3380253164122066777963482309132814407348632812500000000000000000 7861.6729628326156671391800045967102050781250000000000000000000000000 1676.2806058630549159715883433818817138671875000000000000000000000000 1997.3036815116520301671698689460754394531250000000000000000000000000 2131.3368432216057044570334255695343017578125000000000000000000000000 1579.0667360167949482274707406759262084960937500000000000000000000000 10353.0287573491004877723753452301025390625000000000000000000000000000 3345.6447347754315160273108631372451782226562500000000000000000000000
1.5727514995525813112919877312378957867622375488281250000000000000 1997.3036815116520301671698689460754394531250000000000000000000000000 12897.6732836469127505552023649215698242187500000000000000000000000000 -7.3902114639224363301650555513333529233932495117187500000000000000 3018.9432154483524755050893872976303100585937500000000000000000000000 599.5223181922526691778330132365226745605468750000000000000000000000 1142.0512288538341181265423074364662170410156250000000000000000000000 1234.0978307446914641332114115357398986816406250000000000000000000000 -46.0019981902898678072233451530337333679199218750000000000000000000 3345.6447347754315160273108631372451782226562500000000000000000000000 1913.0279065859474485478131100535392761230468750000000000000000000000
