3.264996703916070775e+00 -3.332194663556500558e+01 -2.612181153962073381e+02 1.486875981784950840e-01 -3.708367493780827573e+01 -1.851726076633635643e+01 -1.029317165459100458e+01 -1.820763076574901662e+00 6.199449981791943287e+00 -4.630507467222171414e+01 -1.430366860893781933e+01
-3.332194663556500558e+01 2.317770627827938733e+04 1.782443328824665223e+05 -5.599597041191334768e+01 2.530435107876844268e+04 9.210348569876867259e+03 6.554859574059487386e+03 4.635233729482203671e+03 3.418957835629105375e+03 3.220836500593450182e+04 9.108809439085922349e+03
-2.612181153962073381e+02 1.782443328824665223e+05 1.420036149563331157e+06 -5.181527107853236203e+02 2.015945903693171858e+05 7.290797233697189949e+04 5.904480435189603304e+04 4.405731686919108324e+04 1.332100175071619014e+04 2.476931265238192573e+05 8.205025067782652332e+04
1.486875981784950840e-01 -5.599597041191334768e+01 -5.181527107853236203e+02 3.543913207340026461e-01 -7.355924249649534374e+01 -3.026964664552061279e+01 -3.117464943819802770e+01 -2.614735673853571640e+01 2.351742035570500633e+01 -7.781350890526084640e+01 -4.332113264281438347e+01
-3.708367493780827573e+01 2.530435107876844268e+04 2.015945903693171858e+05 -7.355924249649534374e+01 2.861925654404639499e+04 1.035033708293203199e+04 8.382260656122896762e+03 6.254570878175855796e+03 1.891108118670342265e+03 3.516360790830547194e+04 1.164821520929776671e+04
-1.851726076633635643e+01 9.210348569876867259e+03 7.290797233697189949e+04 -3.026964664552061279e+01 1.035033708293203199e+04 4.224157497275244168e+03 2.968809319582788248e+03 2.069837598255291141e+03 2.408568071884823780e+02 1.279894848130343053e+04 4.125537404352719932e+03
-1.029317165459100458e+01 6.554859574059487386e+03 5.904480435189603304e+04 -3.117464943819802770e+01 8.382260656122896762e+03 2.968809319582788248e+03 3.367160462369849029e+03 2.784856574218293190e+03 -1.306382776055553677e+03 9.108809439085922349e+03 4.679096883162771519e+03
-1.820763076574901662e+00 4.635233729482203671e+03 4.405731686919108324e+04 -2.614735673853571640e+01 6.254570878175855796e+03 2.069837598255291141e+03 2.784856574218293190e+03 2.769084985109797344e+03 -1.850436236484646088e+03 6.441245654531816399e+03 3.869911714070514790e+03
6.199449981791943287e+00 3.418957835629105375e+03 1.332100175071619014e+04 2.351742035570500633e+01 1.891108118670342265e+03 2.408568071884823780e+02 -1.306382776055553677e+03 -1.850436236484646088e+03 5.433150966836210500e+03 4.751075908362784503e+03 -1.815384696979033606e+03
-4.630507467222171414e+01 3.220836500593450182e+04 2.476931265238192573e+05 -7.781350890526084640e+01 3.516360790830547194e+04 1.279894848130343053e+04 9.108809439085922349e+03 6.441245654531816399e+03 4.751075908362784503e+03 4.475761164199707855e+04 1.265784696989266376e+04
-1.430366860893781933e+01 9.108809439085922349e+03 8.205025067782652332e+04 -4.332113264281438347e+01 1.164821520929776671e+04 4.125537404352719932e+03 4.679096883162771519e+03 3.869911714070514790e+03 -1.815384696979033606e+03 1.265784696989266376e+04 6.502199074473074688e+03
