0.0115916254564259087189714847454524715431034564971923828125000000 0.0428919823604040628683975455714971758425235748291015625000000000 0.4532701606612241085336734158772742375731468200683593750000000000 -0.0000737694007773294731971150395288816525862785056233406066894531 0.0457137853899826085424251687072683125734329223632812500000000000 0.0110314284414676274520550336433188931550830602645874023437500000 0.0142783819249222166530843836085296061355620622634887695312500000 0.0204362810045339987619072985580714885145425796508789062500000000 0.0132322381611008101087723076716429204680025577545166015625000000 0.0549121065807259764457448625307733891531825065612792968750000000 0.0182797806702784705612518934003674075938761234283447265625000000
0.0428919823604040628683975455714971758425235748291015625000000000 56.7419607373607917111257847864180803298950195312500000000000000000 594.8591441066843117368989624083042144775390625000000000000000000000 -0.0847625216411497794943841199710732325911521911621093750000000000 59.9934997073103417619677202310413122177124023437500000000000000000 12.8744907461914817048409531707875430583953857421875000000000000000 18.2200774678467887213173526106402277946472167968750000000000000000 16.7977789957028917910974996630102396011352539062500000000000000000 12.3000783340585506664410786470398306846618652343750000000000000000 72.6434271428244073831592686474323272705078125000000000000000000000 23.3261038722030455971889750799164175987243652343750000000000000000
0.4532701606612241085336734158772742375731468200683593750000000000 594.8591441066843117368989624083042144775390625000000000000000000000 6460.4132922917142423102632164955139160156250000000000000000000000000 -1.0573203661664067887215878727147355675697326660156250000000000000 651.5539128884873889546724967658519744873046875000000000000000000000 138.5326525059789162241941085085272789001464843750000000000000000000 222.4191019887528284471045481041073799133300781250000000000000000000 203.9264191439039279885037103667855262756347656250000000000000000000 99.3861675207671737553027924150228500366210937500000000000000000000 761.5635119690920191715122200548648834228515625000000000000000000000 284.7502204810822377112344838678836822509765625000000000000000000000
-0.0000737694007773294731971150395288816525862785056233406066894531 -0.0847625216411497794943841199710732325911521911621093750000000000 -1.0573203661664067887215878727147355675697326660156250000000000000 0.0003620605363744040794404810412743245251476764678955078125000000 -0.1066342338460571637082097140591940842568874359130859375000000000 -0.0334944784852957908038995071819954318925738334655761718750000000 -0.0508554376286091333603245345784671371802687644958496093750000000 -0.0448280868096614520945664139617292676120996475219726562500000000 0.0197754861258699655979231835090104141272604465484619140625000000 -0.1085165190850847366510478764212166424840688705444335937500000000 -0.0651072544935490798989619065650913398712873458862304687500000000
0.0457137853899826085424251687072683125734329223632812500000000000 59.9934997073103417619677202310413122177124023437500000000000000000 651.5539128884873889546724967658519744873046875000000000000000000000 -0.1066342338460571637082097140591940842568874359130859375000000000 65.7113534681783590940540307201445102691650390625000000000000000000 13.9714732973489184075788216432556509971618652343750000000000000000 22.4316974232632126984299247851595282554626464843750000000000000000 20.5666495815495231624936423031613230705261230468750000000000000000 10.0234216303792731395105874980799853801727294921875000000000000000 76.8061830856246245957663631998002529144287109375000000000000000000 28.7179955764865972867028176551684737205505371093750000000000000000
0.0110314284414676274520550336433188931550830602645874023437500000 12.8744907461914817048409531707875430583953857421875000000000000000 138.5326525059789162241941085085272789001464843750000000000000000000 -0.0334944784852957908038995071819954318925738334655761718750000000 13.9714732973489184075788216432556509971618652343750000000000000000 5.1896707168210545191300298029091209173202514648437500000000000000 4.6331128983618485861484259658027440309524536132812500000000000000 3.6032396578141510090631527418736368417739868164062500000000000000 0.5455893189080821548131439158169087022542953491210937500000000000 16.4824605700685680176320602186024188995361328125000000000000000000 5.9315045673954518434811689076013863086700439453125000000000000000
0.0142783819249222166530843836085296061355620622634887695312500000 18.2200774678467887213173526106402277946472167968750000000000000000 222.4191019887528284471045481041073799133300781250000000000000000000 -0.0508554376286091333603245345784671371802687644958496093750000000 22.4316974232632126984299247851595282554626464843750000000000000000 4.6331128983618485861484259658027440309524536132812500000000000000 10.2511308701195016368501455872319638729095458984375000000000000000 9.2925539238795202834353403886780142784118652343750000000000000000 -0.1925252964606405658987142714977380819618701934814453125000000000 23.3261038722030455971889750799164175987243652343750000000000000000 13.1239257300596605659848137293010950088500976562500000000000000000
0.0204362810045339987619072985580714885145425796508789062500000000 16.7977789957028917910974996630102396011352539062500000000000000000 203.9264191439039279885037103667855262756347656250000000000000000000 -0.0448280868096614520945664139617292676120996475219726562500000000 20.5666495815495231624936423031613230705261230468750000000000000000 3.6032396578141510090631527418736368417739868164062500000000000000 9.2925539238795202834353403886780142784118652343750000000000000000 9.4479537357290812593646478489972651004791259765625000000000000000 -0.5274932146107136343715637849527411162853240966796875000000000000 21.5052179864513810514381475513800978660583496093750000000000000000 11.8967155023890143183962209150195121765136718750000000000000000000
0.0132322381611008101087723076716429204680025577545166015625000000 12.3000783340585506664410786470398306846618652343750000000000000000 99.3861675207671737553027924150228500366210937500000000000000000000 0.0197754861258699655979231835090104141272604465484619140625000000 10.0234216303792731395105874980799853801727294921875000000000000000 0.5455893189080821548131439158169087022542953491210937500000000000 -0.1925252964606405658987142714977380819618701934814453125000000000 -0.5274932146107136343715637849527411162853240966796875000000000000 9.6560611982236785877375950803980231285095214843750000000000000000 15.7470738180341385259453090839087963104248046875000000000000000000 -0.2464789225618099210990408209909219294786453247070312500000000000
0.0549121065807259764457448625307733891531825065612792968750000000 72.6434271428244073831592686474323272705078125000000000000000000000 761.5635119690920191715122200548648834228515625000000000000000000000 -0.1085165190850847366510478764212166424840688705444335937500000000 76.8061830856246245957663631998002529144287109375000000000000000000 16.4824605700685680176320602186024188995361328125000000000000000000 23.3261038722030455971889750799164175987243652343750000000000000000 21.5052179864513810514381475513800978660583496093750000000000000000 15.7470738180341385259453090839087963104248046875000000000000000000 93.0011483297270160619518719613552093505859375000000000000000000000 29.8630520543614004225219105137512087821960449218750000000000000000
0.0182797806702784705612518934003674075938761234283447265625000000 23.3261038722030455971889750799164175987243652343750000000000000000 284.7502204810822377112344838678836822509765625000000000000000000000 -0.0651072544935490798989619065650913398712873458862304687500000000 28.7179955764865972867028176551684737205505371093750000000000000000 5.9315045673954518434811689076013863086700439453125000000000000000 13.1239257300596605659848137293010950088500976562500000000000000000 11.8967155023890143183962209150195121765136718750000000000000000000 -0.2464789225618099210990408209909219294786453247070312500000000000 29.8630520543614004225219105137512087821960449218750000000000000000 16.8017976504590400566030439222231507301330566406250000000000000000
