0.0136443574588618055098976356021012179553508758544921875000000000 0.0363433518905743463411894822456815745681524276733398437500000000 0.3631736340771620219491921943699708208441734313964843750000000000 -0.0000219713721133920612566415436761602109072555322200059890747070 0.0402294048596683467833301506288989912718534469604492187500000000 0.0050210986360593361579884863488132396014407277107238769531250000 0.0133239638512005677956073768086753261741250753402709960937500000 0.0217861686636873462530328282582559040747582912445068359375000000 0.0174459142912975276318299222566565731540322303771972656250000000 0.0474493434532876970366466196082910755649209022521972656250000000 0.0173955704151429746406876120090601034462451934814453125000000000
0.0363433518905743463411894822456815745681524276733398437500000000 62.0179516872717897513211937621235847473144531250000000000000000000 605.5856904550686294896877370774745941162109375000000000000000000000 -0.0929817797695903641708170539459388237446546554565429687500000000 67.0818298262329193448749720118939876556396484375000000000000000000 13.2101470531685958320622376049868762493133544921875000000000000000 20.6264100295137353668906143866479396820068359375000000000000000000 19.4428805485379427864245371893048286437988281250000000000000000000 13.8971432448918612578836473403498530387878417968750000000000000000 80.9697217455045148426506784744560718536376953125000000000000000000 26.9295362916859417623527406249195337295532226562500000000000000000
0.3631736340771620219491921943699708208441734313964843750000000000 605.5856904550686294896877370774745941162109375000000000000000000000 6135.1638272712916659656912088394165039062500000000000000000000000000 -1.0787957323326828884546557674184441566467285156250000000000000000 679.6032705261025057552615180611610412597656250000000000000000000000 132.0948825766780032608949113637208938598632812500000000000000000000 234.4885449430786650282243499532341957092285156250000000000000000000 220.1447608350951554712082725018262863159179687500000000000000000000 105.2087325206436503322038333863019943237304687500000000000000000000 790.6437332284489230005419813096523284912109375000000000000000000000 306.1447809867926252991310320794582366943359375000000000000000000000
-0.0000219713721133920612566415436761602109072555322200059890747070 -0.0929817797695903641708170539459388237446546554565429687500000000 -1.0787957323326828884546557674184441566467285156250000000000000000 0.0004072500303739673985572999903581603575730696320533752441406250 -0.1195001679766022201212294362449028994888067245483398437500000000 -0.0369515059336068402151553868861810769885778427124023437500000000 -0.0564042709933870387017940117857506265863776206970214843750000000 -0.0506145113442926786184727916406700387597084045410156250000000000 0.0226843142488241215903865821701401728205382823944091796875000000 -0.1213956383678931050251748047230648808181285858154296875000000000 -0.0736405831431207053006104956693889107555150985717773437500000000
0.0402294048596683467833301506288989912718534469604492187500000000 67.0818298262329193448749720118939876556396484375000000000000000000 679.6032705261025057552615180611610412597656250000000000000000000000 -0.1195001679766022201212294362449028994888067245483398437500000000 75.2808919717461861864649108611047267913818359375000000000000000000 14.6323907146256892986002640100196003913879394531250000000000000000 25.9747231746052129608415270922705531120300292968750000000000000000 24.3858360860200775732664624229073524475097656250000000000000000000 11.6541629077794564040004843263886868953704833984375000000000000000 87.5810462525177939596687792800366878509521484375000000000000000000 33.9122149417252316538906597997993230819702148437500000000000000000
0.0050210986360593361579884863488132396014407277107238769531250000 13.2101470531685958320622376049868762493133544921875000000000000000 132.0948825766780032608949113637208938598632812500000000000000000000 -0.0369515059336068402151553868861810769885778427124023437500000000 14.6323907146256892986002640100196003913879394531250000000000000000 5.7152119773310685602041303354781121015548706054687500000000000000 4.8561230624171374259390177030581980943679809570312500000000000000 3.7191205585550695111862751218723133206367492675781250000000000000 0.2261587808394122101063317131774965673685073852539062500000000000 17.2469728846556016321756032994017004966735839843750000000000000000 6.3400825475269710906900400004815310239791870117187500000000000000
0.0133239638512005677956073768086753261741250753402709960937500000 20.6264100295137353668906143866479396820068359375000000000000000000 234.4885449430786650282243499532341957092285156250000000000000000000 -0.0564042709933870387017940117857506265863776206970214843750000000 25.9747231746052129608415270922705531120300292968750000000000000000 4.8561230624171374259390177030581980943679809570312500000000000000 11.7929634058052563716501026647165417671203613281250000000000000000 10.9837181174452087617510187556035816669464111328125000000000000000 0.0747457247963243393007459758337063249200582504272460937500000000 26.9295362916859417623527406249195337295532226562500000000000000000 15.3967188458264043759982087067328393459320068359375000000000000000
0.0217861686636873462530328282582559040747582912445068359375000000 19.4428805485379427864245371893048286437988281250000000000000000000 220.1447608350951554712082725018262863159179687500000000000000000000 -0.0506145113442926786184727916406700387597084045410156250000000000 24.3858360860200775732664624229073524475097656250000000000000000000 3.7191205585550695111862751218723133206367492675781250000000000000 10.9837181174452087617510187556035816669464111328125000000000000000 11.4665338521108211011778621468693017959594726562500000000000000000 -0.3248561051251466214040419799857772886753082275390625000000000000 25.3843376815248262801105738617479801177978515625000000000000000000 14.3401801495343459436071498203091323375701904296875000000000000000
0.0174459142912975276318299222566565731540322303771972656250000000 13.8971432448918612578836473403498530387878417968750000000000000000 105.2087325206436503322038333863019943237304687500000000000000000000 0.0226843142488241215903865821701401728205382823944091796875000000 11.6541629077794564040004843263886868953704833984375000000000000000 0.2261587808394122101063317131774965673685073852539062500000000000 0.0747457247963243393007459758337063249200582504272460937500000000 -0.3248561051251466214040419799857772886753082275390625000000000000 11.1687268257384371139551149099133908748626708984375000000000000000 18.1439049659431290706379513721913099288940429687500000000000000000 0.0975869143331698218890579710205201990902423858642578125000000000
0.0474493434532876970366466196082910755649209022521972656250000000 80.9697217455045148426506784744560718536376953125000000000000000000 790.6437332284489230005419813096523284912109375000000000000000000000 -0.1213956383678931050251748047230648808181285858154296875000000000 87.5810462525177939596687792800366878509521484375000000000000000000 17.2469728846556016321756032994017004966735839843750000000000000000 26.9295362916859417623527406249195337295532226562500000000000000000 25.3843376815248262801105738617479801177978515625000000000000000000 18.1439049659431290706379513721913099288940429687500000000000000000 105.7128728243690289900769130326807498931884765625000000000000000000 35.1588048452233081775375467259436845779418945312500000000000000000
0.0173955704151429746406876120090601034462451934814453125000000000 26.9295362916859417623527406249195337295532226562500000000000000000 306.1447809867926252991310320794582366943359375000000000000000000000 -0.0736405831431207053006104956693889107555150985717773437500000000 33.9122149417252316538906597997993230819702148437500000000000000000 6.3400825475269710906900400004815310239791870117187500000000000000 15.3967188458264043759982087067328393459320068359375000000000000000 14.3401801495343459436071498203091323375701904296875000000000000000 0.0975869143331698218890579710205201990902423858642578125000000000 35.1588048452233081775375467259436845779418945312500000000000000000 20.1017287224626031161278660874813795089721679687500000000000000000
