1.1782754195463085444828266190597787499427795410156250000000000000 2.7738630206945784628658202564110979437828063964843750000000000000 13.6002616702663772230152972042560577392578125000000000000000000000 -0.0024149778840475270326459966696575065725483000278472900390625000 4.1042869321243289348899452306795865297317504882812500000000000000 0.6497341522718731443575279627111740410327911376953125000000000000 1.1478998499642740771520266207517124712467193603515625000000000000 1.9642651866129385851422739506233483552932739257812500000000000000 1.4821178715460425756589302181964740157127380371093750000000000000 5.3241087416736911919201702403370290994644165039062500000000000000 2.2032607883536994286544086207868531346321105957031250000000000000
2.7738630206945784628658202564110979437828063964843750000000000000 3270.1286799848207920149434357881546020507812500000000000000000000000 15180.8652906520965188974514603614807128906250000000000000000000000000 -6.7509971514141149384613527217879891395568847656250000000000000000 4581.2814886482174188131466507911682128906250000000000000000000000000 833.4556701032482806112966500222682952880859375000000000000000000000 1105.3845420241232204716652631759643554687500000000000000000000000000 1340.4894089426675236609298735857009887695312500000000000000000000000 950.7963503846332287139375694096088409423828125000000000000000000000 6276.6331868635006685508415102958679199218750000000000000000000000000 2121.6575797704476826766040176153182983398437500000000000000000000000
13.6002616702663772230152972042560577392578125000000000000000000000 15180.8652906520965188974514603614807128906250000000000000000000000000 73703.9496132182248402386903762817382812500000000000000000000000000000 -37.4939452752503683541362988762557506561279296875000000000000000000 22242.3777260718561592511832714080810546875000000000000000000000000000 3925.8110062758005369687452912330627441406250000000000000000000000000 6070.6247024303065700223669409751892089843750000000000000000000000000 7361.6524812777106490102596580982208251953125000000000000000000000000 3365.1953449858697240415494889020919799804687500000000000000000000000 29137.9123616179676901083439588546752929687500000000000000000000000000 11651.8608902094620134448632597923278808593750000000000000000000000000
-0.0024149778840475270326459966696575065725483000278472900390625000 -6.7509971514141149384613527217879891395568847656250000000000000000 -37.4939452752503683541362988762557506561279296875000000000000000000 0.0476414343595534667263891037691792007535696029663085937500000000 -11.3149227094231967782889114459976553916931152343750000000000000000 -3.8435373983563048128075934073422104120254516601562500000000000000 -4.0712025422220623482871815213002264499664306640625000000000000000 -4.5794912857801772787524896557442843914031982421875000000000000000 2.9794261671568276206301106867613270878791809082031250000000000000 -12.9577569911357386445160955190658569335937500000000000000000000000 -7.8142016683798054543785838177427649497985839843750000000000000000
4.1042869321243289348899452306795865297317504882812500000000000000 4581.2814886482174188131466507911682128906250000000000000000000000000 22242.3777260718561592511832714080810546875000000000000000000000000000 -11.3149227094231967782889114459976553916931152343750000000000000000 6712.3046933774185163201764225959777832031250000000000000000000000000 1184.7312354492407848738366737961769104003906250000000000000000000000 1831.9931071979049193032551556825637817382812500000000000000000000000 2221.5994670017985299637075513601303100585937500000000000000000000000 1015.5486426167133231501793488860130310058593750000000000000000000000 8793.2391180845825147116556763648986816406250000000000000000000000000 3516.2985496940518714836798608303070068359375000000000000000000000000
0.6497341522718731443575279627111740410327911376953125000000000000 833.4556701032482806112966500222682952880859375000000000000000000000 3925.8110062758005369687452912330627441406250000000000000000000000000 -3.8435373983563048128075934073422104120254516601562500000000000000 1184.7312354492407848738366737961769104003906250000000000000000000000 576.7324419204574041941668838262557983398437500000000000000000000000 298.2059822968106459484260994940996170043945312500000000000000000000 249.3931203505978544399113161489367485046386718750000000000000000000 -77.2003049486263108747152728028595447540283203125000000000000000000 1599.7216105801339836034458130598068237304687500000000000000000000000 572.3718385950730862532509490847587585449218750000000000000000000000
1.1478998499642740771520266207517124712467193603515625000000000000 1105.3845420241232204716652631759643554687500000000000000000000000000 6070.6247024303065700223669409751892089843750000000000000000000000000 -4.0712025422220623482871815213002264499664306640625000000000000000 1831.9931071979049193032551556825637817382812500000000000000000000000 298.2059822968106459484260994940996170043945312500000000000000000000 646.6879480660061290109297260642051696777343750000000000000000000000 784.1925898862078838646993972361087799072265625000000000000000000000 16.4998624981481363249713467666879296302795410156250000000000000000 2121.6575797704476826766040176153182983398437500000000000000000000000 1241.2426034545510447060223668813705444335937500000000000000000000000
1.9642651866129385851422739506233483552932739257812500000000000000 1340.4894089426675236609298735857009887695312500000000000000000000000 7361.6524812777106490102596580982208251953125000000000000000000000000 -4.5794912857801772787524896557442843914031982421875000000000000000 2221.5994670017985299637075513601303100585937500000000000000000000000 249.3931203505978544399113161489367485046386718750000000000000000000 784.1925898862078838646993972361087799072265625000000000000000000000 1091.0817503049308925255900248885154724121093750000000000000000000000 -15.9364819184900934345705536543391644954681396484375000000000000000 2572.9141370814922993304207921028137207031250000000000000000000000000 1505.1668347788254322949796915054321289062500000000000000000000000000
1.4821178715460425756589302181964740157127380371093750000000000000 950.7963503846332287139375694096088409423828125000000000000000000000 3365.1953449858697240415494889020919799804687500000000000000000000000 2.9794261671568276206301106867613270878791809082031250000000000000 1015.5486426167133231501793488860130310058593750000000000000000000000 -77.2003049486263108747152728028595447540283203125000000000000000000 16.4998624981481363249713467666879296302795410156250000000000000000 -15.9364819184900934345705536543391644954681396484375000000000000000 1119.0176024851518832292640581727027893066406250000000000000000000000 1824.9434535403627251071156933903694152832031250000000000000000000000 31.6695747076967677458014804869890213012695312500000000000000000000
5.3241087416736911919201702403370290994644165039062500000000000000 6276.6331868635006685508415102958679199218750000000000000000000000000 29137.9123616179676901083439588546752929687500000000000000000000000000 -12.9577569911357386445160955190658569335937500000000000000000000000 8793.2391180845825147116556763648986816406250000000000000000000000000 1599.7216105801339836034458130598068237304687500000000000000000000000 2121.6575797704476826766040176153182983398437500000000000000000000000 2572.9141370814922993304207921028137207031250000000000000000000000000 1824.9434535403627251071156933903694152832031250000000000000000000000 12047.2703118885001458693295717239379882812500000000000000000000000000 4072.2759498288310169300530105829238891601562500000000000000000000000
2.2032607883536994286544086207868531346321105957031250000000000000 2121.6575797704476826766040176153182983398437500000000000000000000000 11651.8608902094620134448632597923278808593750000000000000000000000000 -7.8142016683798054543785838177427649497985839843750000000000000000 3516.2985496940518714836798608303070068359375000000000000000000000000 572.3718385950730862532509490847587585449218750000000000000000000000 1241.2426034545510447060223668813705444335937500000000000000000000000 1505.1668347788254322949796915054321289062500000000000000000000000000 31.6695747076967677458014804869890213012695312500000000000000000000 4072.2759498288310169300530105829238891601562500000000000000000000000 2382.4213907777630083728581666946411132812500000000000000000000000000
