1.6673061206536468059624667148455046117305755615234375000000000000 -0.7877178861248476104961468990950379520654678344726562500000000000 -6.3754162521402024665917451784480363130569458007812500000000000000 0.0128591336296915662723572282288841961417347192764282226562500000 -0.8441820264170990517627046756388153880834579467773437500000000000 -1.4971249953937895149636005953652784228324890136718750000000000000 -0.2171503918001675970117503311485052108764648437500000000000000000 1.6719875240118997616889373603044077754020690917968750000000000000 2.1725213030465071462060677731642499566078186035156250000000000000 -1.0738199172197224751101884976378642022609710693359375000000000000 -0.2960202121272297870469003555626841261982917785644531250000000000
-0.7877178861248476104961468990950379520654678344726562500000000000 8428.6377374970888922689482569694519042968750000000000000000000000000 69246.8225956931564724072813987731933593750000000000000000000000000000 -14.7954356520915251138603707659058272838592529296875000000000000000 9169.1147228471436392283067107200622558593750000000000000000000000000 2387.4184245445258056861348450183868408203125000000000000000000000000 2495.9949010867690049053635448217391967773437500000000000000000000000 2234.0655753628202546678949147462844848632812500000000000000000000000 1770.0988327858276534243486821651458740234375000000000000000000000000 11489.9499389045813586562871932983398437500000000000000000000000000000 3402.5494219145739407395012676715850830078125000000000000000000000000
-6.3754162521402024665917451784480363130569458007812500000000000000 69246.8225956931564724072813987731933593750000000000000000000000000000 591211.3171847934136167168617248535156250000000000000000000000000000000 -147.2539416434351835505367489531636238098144531250000000000000000000 78283.5109180893341545015573501586914062500000000000000000000000000000 20259.3265969156527717132121324539184570312500000000000000000000000000 24242.9355400728709355462342500686645507812500000000000000000000000000 21781.3463840989534219261258840560913085937500000000000000000000000000 10426.2935613937988819088786840438842773437500000000000000000000000000 94397.5230437404097756370902061462402343750000000000000000000000000000 33048.0588207418186357244849205017089843750000000000000000000000000000
0.0128591336296915662723572282288841961417347192764282226562500000 -14.7954356520915251138603707659058272838592529296875000000000000000 -147.2539416434351835505367489531636238098144531250000000000000000000 0.0766341744305855249175252197346708271652460098266601562500000000 -19.4981983823770548269749269820749759674072265625000000000000000000 -6.8391145262718495700937637593597173690795898437500000000000000000 -8.6871943281454857554990667267702519893646240234375000000000000000 -7.7004515807422420081707059580367058515548706054687500000000000000 4.6298490797482765302106599847320467233657836914062500000000000000 -20.1691922539901966615616402123123407363891601562500000000000000000 -11.8424152334690315768739310442470014095306396484375000000000000000
-0.8441820264170990517627046756388153880834579467773437500000000000 9169.1147228471436392283067107200622558593750000000000000000000000000 78283.5109180893341545015573501586914062500000000000000000000000000000 -19.4981983823770548269749269820749759674072265625000000000000000000 10365.6812776253118499880656599998474121093750000000000000000000000000 2682.5792550704186396615114063024520874023437500000000000000000000000 3210.0571384100098839553538709878921508789062500000000000000000000000 2884.1130369250545300019439309835433959960937500000000000000000000000 1380.5670529704293585382401943206787109375000000000000000000000000000 12499.3708865783446526620537042617797851562500000000000000000000000000 4375.9616880042776756454259157180786132812500000000000000000000000000
-1.4971249953937895149636005953652784228324890136718750000000000000 2387.4184245445258056861348450183868408203125000000000000000000000000 20259.3265969156527717132121324539184570312500000000000000000000000000 -6.8391145262718495700937637593597173690795898437500000000000000000 2682.5792550704186396615114063024520874023437500000000000000000000000 1016.2600688099377066464512608945369720458984375000000000000000000000 815.0755156207596883177757263183593750000000000000000000000000000000 629.0620974352038956567412242293357849121093750000000000000000000000 108.7244902040664413789272657595574855804443359375000000000000000000 3254.5375700748613780888263136148452758789062500000000000000000000000 1111.1139382875398951000533998012542724609375000000000000000000000000
-0.2171503918001675970117503311485052108764648437500000000000000000 2495.9949010867690049053635448217391967773437500000000000000000000000 24242.9355400728709355462342500686645507812500000000000000000000000000 -8.6871943281454857554990667267702519893646240234375000000000000000 3210.0571384100098839553538709878921508789062500000000000000000000000 815.0755156207596883177757263183593750000000000000000000000000000000 1365.1993006390587197529384866356849670410156250000000000000000000000 1235.7511700624420427629956975579261779785156250000000000000000000000 -165.4597884812476138449710560962557792663574218750000000000000000000 3402.5494219145739407395012676715850830078125000000000000000000000000 1861.0447037231863305350998416543006896972656250000000000000000000000
1.6719875240118997616889373603044077754020690917968750000000000000 2234.0655753628202546678949147462844848632812500000000000000000000000 21781.3463840989534219261258840560913085937500000000000000000000000000 -7.7004515807422420081707059580367058515548706054687500000000000000 2884.1130369250545300019439309835433959960937500000000000000000000000 629.0620974352038956567412242293357849121093750000000000000000000000 1235.7511700624420427629956975579261779785156250000000000000000000000 1299.1071826872907877259422093629837036132812500000000000000000000000 -261.5849617035170808776456397026777267456054687500000000000000000000 3045.4864025003707865835167467594146728515625000000000000000000000000 1684.5805364007235311873955652117729187011718750000000000000000000000
2.1725213030465071462060677731642499566078186035156250000000000000 1770.0988327858276534243486821651458740234375000000000000000000000000 10426.2935613937988819088786840438842773437500000000000000000000000000 4.6298490797482765302106599847320467233657836914062500000000000000 1380.5670529704293585382401943206787109375000000000000000000000000000 108.7244902040664413789272657595574855804443359375000000000000000000 -165.4597884812476138449710560962557792663574218750000000000000000000 -261.5849617035170808776456397026777267456054687500000000000000000000 1685.9691206131810758961364626884460449218750000000000000000000000000 2413.0052339468720674631185829639434814453125000000000000000000000000 -225.5553917204919684991182293742895126342773437500000000000000000000
-1.0738199172197224751101884976378642022609710693359375000000000000 11489.9499389045813586562871932983398437500000000000000000000000000000 94397.5230437404097756370902061462402343750000000000000000000000000000 -20.1691922539901966615616402123123407363891601562500000000000000000 12499.3708865783446526620537042617797851562500000000000000000000000000 3254.5375700748613780888263136148452758789062500000000000000000000000 3402.5494219145739407395012676715850830078125000000000000000000000000 3045.4864025003707865835167467594146728515625000000000000000000000000 2413.0052339468720674631185829639434814453125000000000000000000000000 15663.1419821510680776555091142654418945312500000000000000000000000000 4638.3678762846675454056821763515472412109375000000000000000000000000
-0.2960202121272297870469003555626841261982917785644531250000000000 3402.5494219145739407395012676715850830078125000000000000000000000000 33048.0588207418186357244849205017089843750000000000000000000000000000 -11.8424152334690315768739310442470014095306396484375000000000000000 4375.9616880042776756454259157180786132812500000000000000000000000000 1111.1139382875398951000533998012542724609375000000000000000000000000 1861.0447037231863305350998416543006896972656250000000000000000000000 1684.5805364007235311873955652117729187011718750000000000000000000000 -225.5553917204919684991182293742895126342773437500000000000000000000 4638.3678762846675454056821763515472412109375000000000000000000000000 2536.9829794337283601635135710239410400390625000000000000000000000000
