4.145095170523849681e+00 -4.027020311450564805e+01 -3.001687264854604109e+02 1.825599551004926380e-01 -4.539220497408613397e+01 -2.272248266150858953e+01 -1.243029447703845491e+01 -2.005362336822977820e+00 7.690421941601699451e+00 -5.701536104915415137e+01 -1.759906016715293120e+01
-4.027020311450564805e+01 2.847079704854414376e+04 2.079607425884144905e+05 -6.894439544715662294e+01 3.144830164242217506e+04 1.138119115483014866e+04 8.011202108472437430e+03 5.735774460066601023e+03 4.375853015514761864e+03 4.030952534468893282e+04 1.134242058212444863e+04
-3.001687264854604109e+02 2.079607425884144905e+05 1.574859977162190247e+06 -6.077559987349278572e+02 2.381539467013510293e+05 8.563812066817554296e+04 6.870874550056905719e+04 5.192375370035356900e+04 1.657641602886061810e+04 2.944349892900761333e+05 9.727921959594717191e+04
1.825599551004926380e-01 -6.894439544715662294e+01 -6.077559987349278572e+02 4.415591576548704711e-01 -9.190625949549934148e+01 -3.772458286873038702e+01 -3.841128032609537257e+01 -3.261711462768909087e+01 2.915239583097013920e+01 -9.761285751547045209e+01 -5.438346089105598935e+01
-4.539220497408613397e+01 3.144830164242217506e+04 2.381539467013510293e+05 -9.190625949549934148e+01 3.601418738930134714e+04 1.295039350861103594e+04 1.039029447135033479e+04 7.852029418876115415e+03 2.506723744767644803e+03 4.452513605225750507e+04 1.471078725395552101e+04
-2.272248266150858953e+01 1.138119115483014866e+04 8.563812066817554296e+04 -3.772458286873038702e+01 1.295039350861103594e+04 5.274348057735715884e+03 3.659846654619172568e+03 2.578709325417058153e+03 3.336942097791835522e+02 1.611371864743192236e+04 5.181684279175822667e+03
-1.243029447703845491e+01 8.011202108472437430e+03 6.870874550056905719e+04 -3.841128032609537257e+01 1.039029447135033479e+04 3.659846654619172568e+03 4.114467006620754546e+03 3.444181948347373236e+03 -1.577008292674862560e+03 1.134242058212444863e+04 5.825344889378379776e+03
-2.005362336822977820e+00 5.735774460066601023e+03 5.192375370035356900e+04 -3.261711462768909087e+01 7.852029418876115415e+03 2.578709325417058153e+03 3.444181948347373236e+03 3.480328105042497555e+03 -2.295068157541981691e+03 8.120824491680217761e+03 4.876341863626465056e+03
7.690421941601699451e+00 4.375853015514761864e+03 1.657641602886061810e+04 2.915239583097013920e+01 2.506723744767644803e+03 3.336942097791835522e+02 -1.577008292674862560e+03 -2.295068157541981691e+03 6.837004070438772033e+03 6.195420441962842233e+03 -2.232759962215830456e+03
-5.701536104915415137e+01 4.030952534468893282e+04 2.944349892900761333e+05 -9.761285751547045209e+01 4.452513605225750507e+04 1.611371864743192236e+04 1.134242058212444863e+04 8.120824491680217761e+03 6.195420441962842233e+03 5.707103425111896649e+04 1.605882649318545373e+04
-1.759906016715293120e+01 1.134242058212444863e+04 9.727921959594717191e+04 -5.438346089105598935e+01 1.471078725395552101e+04 5.181684279175822667e+03 5.825344889378379776e+03 4.876341863626465056e+03 -2.232759962215830456e+03 1.605882649318545373e+04 8.247640101524990314e+03
