0.0446414864523110715976983442487835418432950973510742187500000000 0.0317313946496269247421473380654788343235850334167480468750000000 0.2906318482505563238760259991977363824844360351562500000000000000 0.0001998597607421733694365445499485645086679141968488693237304688 0.0368405419005127937603916166153794620186090469360351562500000000 -0.0201708065821595908251318007842201041057705879211425781250000000 0.0127341714736971152455158318161920760758221149444580078125000000 0.0541529774091656992962562355842237593606114387512207031250000000 0.0596608815694243815874742153937404509633779525756835937500000000 0.0427690008033980370583115870886103948578238487243652343750000000 0.0171636890216411083787129143729544011875987052917480468750000000
0.0317313946496269247421473380654788343235850334167480468750000000 211.3331764571722146683896426111459732055664062500000000000000000000 1820.3174777227163758652750402688980102539062500000000000000000000000 -0.3513226213766384997683189794770441949367523193359375000000000000 230.7437492275967088062316179275512695312500000000000000000000000000 53.6270527644831531688396353274583816528320312500000000000000000000 66.0292084705037183312015258707106113433837890625000000000000000000 60.8044195126209601198752352502197027206420898437500000000000000000 45.8152968580596962056006304919719696044921875000000000000000000000 284.8443597731287582064396701753139495849609375000000000000000000000 88.9971367884996169550504419021308422088623046875000000000000000000
0.2906318482505563238760259991977363824844360351562500000000000000 1820.3174777227163758652750402688980102539062500000000000000000000000 16291.9888686871327081462368369102478027343750000000000000000000000000 -3.6381477549933372017676447285339236259460449218750000000000000000 2065.1752454951601976063102483749389648437500000000000000000000000000 475.7242231638745124655542895197868347167968750000000000000000000000 668.5351685819941849331371486186981201171875000000000000000000000000 616.0043389096742885158164426684379577636718750000000000000000000000 292.3312223978412589531217236071825027465820312500000000000000000000 2453.5057638280572973599191755056381225585937500000000000000000000000 901.0817670606027149915462359786033630371093750000000000000000000000
0.0001998597607421733694365445499485645086679141968488693237304688 -0.3513226213766384997683189794770441949367523193359375000000000000 -3.6381477549933372017676447285339236259460449218750000000000000000 0.0017249255362483926785205357035124507092405110597610473632812500 -0.4611722205081206782395497612014878541231155395507812500000000000 -0.1542679571570175489636511656499351374804973602294921875000000000 -0.2094530770293185351071940658584935590624809265136718750000000000 -0.1874711151100107164868546760772005654871463775634765625000000000 0.1019728469741749965482568995867040939629077911376953125000000000 -0.4735284295512687258167261461494490504264831542968750000000000000 -0.2823102772082677902609759712504455819725990295410156250000000000
0.0368405419005127937603916166153794620186090469360351562500000000 230.7437492275967088062316179275512695312500000000000000000000000000 2065.1752454951601976063102483749389648437500000000000000000000000000 -0.4611722205081206782395497612014878541231155395507812500000000000 261.7819609982141741966188419610261917114257812500000000000000000000 60.3028824337527638022038445342332124710083007812500000000000000000 84.7436302606389659786145784892141819000244140625000000000000000000 78.0848134679817889036712585948407649993896484375000000000000000000 37.0559548528596138794455328024923801422119140625000000000000000000 311.0068027284201548354758415371179580688476562500000000000000000000 114.2212761437118331286910688504576683044433593750000000000000000000
-0.0201708065821595908251318007842201041057705879211425781250000000 53.6270527644831531688396353274583816528320312500000000000000000000 475.7242231638745124655542895197868347167968750000000000000000000000 -0.1542679571570175489636511656499351374804973602294921875000000000 60.3028824337527638022038445342332124710083007812500000000000000000 23.0450039403180930719372554449364542961120605468750000000000000000 19.0042693930011559189097170019522309303283691406250000000000000000 14.6668387877586408052366095944307744503021240234375000000000000000 1.6988263414668680617580776015529409050941467285156250000000000000 72.2809535506822555817052489146590232849121093750000000000000000000 25.6148089900238922211883618729189038276672363281250000000000000000
0.0127341714736971152455158318161920760758221149444580078125000000 66.0292084705037183312015258707106113433837890625000000000000000000 668.5351685819941849331371486186981201171875000000000000000000000000 -0.2094530770293185351071940658584935590624809265136718750000000000 84.7436302606389659786145784892141819000244140625000000000000000000 19.0042693930011559189097170019522309303283691406250000000000000000 36.8841265796214869965297111775726079940795898437500000000000000000 34.0256966048499975840968545526266098022460937500000000000000000000 -2.3474231241001697334525033511454239487648010253906250000000000000 88.9971367884996169550504419021308422088623046875000000000000000000 49.7140846387290622487853397615253925323486328125000000000000000000
0.0541529774091656992962562355842237593606114387512207031250000000 60.8044195126209601198752352502197027206420898437500000000000000000 616.0043389096742885158164426684379577636718750000000000000000000000 -0.1874711151100107164868546760772005654871463775634765625000000000 78.0848134679817889036712585948407649993896484375000000000000000000 14.6668387877586408052366095944307744503021240234375000000000000000 34.0256966048499975840968545526266098022460937500000000000000000000 35.9229471135249767144159704912453889846801757812500000000000000000 -4.3902354716470055606691857974510639905929565429687500000000000000 81.9549312502724802698139683343470096588134765625000000000000000000 45.8613641630818804628688667435199022293090820312500000000000000000
0.0596608815694243815874742153937404509633779525756835937500000000 45.8152968580596962056006304919719696044921875000000000000000000000 292.3312223978412589531217236071825027465820312500000000000000000000 0.1019728469741749965482568995867040939629077911376953125000000000 37.0559548528596138794455328024923801422119140625000000000000000000 1.6988263414668680617580776015529409050941467285156250000000000000 -2.3474231241001697334525033511454239487648010253906250000000000000 -4.3902354716470055606691857974510639905929565429687500000000000000 41.1845033527575310472457204014062881469726562500000000000000000000 61.7519176123988700055633671581745147705078125000000000000000000000 -3.1639624601793476799116433539893478155136108398437500000000000000
0.0427690008033980370583115870886103948578238487243652343750000000 284.8443597731287582064396701753139495849609375000000000000000000000 2453.5057638280572973599191755056381225585937500000000000000000000000 -0.4735284295512687258167261461494490504264831542968750000000000000 311.0068027284201548354758415371179580688476562500000000000000000000 72.2809535506822555817052489146590232849121093750000000000000000000 88.9971367884996169550504419021308422088623046875000000000000000000 81.9549312502724802698139683343470096588134765625000000000000000000 61.7519176123988700055633671581745147705078125000000000000000000000 383.9260387542905164082185365259647369384765625000000000000000000000 119.9543435400883026886731386184692382812500000000000000000000000000
0.0171636890216411083787129143729544011875987052917480468750000000 88.9971367884996169550504419021308422088623046875000000000000000000 901.0817670606027149915462359786033630371093750000000000000000000000 -0.2823102772082677902609759712504455819725990295410156250000000000 114.2212761437118331286910688504576683044433593750000000000000000000 25.6148089900238922211883618729189038276672363281250000000000000000 49.7140846387290622487853397615253925323486328125000000000000000000 45.8613641630818804628688667435199022293090820312500000000000000000 -3.1639624601793476799116433539893478155136108398437500000000000000 119.9543435400883026886731386184692382812500000000000000000000000000 67.0068791281130131665122462436556816101074218750000000000000000000
