0.0105183869045960172450282499312379513867199420928955078125000000 0.0714943433052896704094081314906361512839794158935546875000000000 0.8592403903055521041665087977889925241470336914062500000000000000 -0.0002165129225904173688749959625354790659912396222352981567382812 0.0728320601189082345028324994018475990742444992065429687500000000 0.0302227918418688894230950126029711100272834300994873046875000000 0.0215999132450978952035836044842653791420161724090576171875000000 0.0261818489444446168834534915959011414088308811187744140625000000 0.0074045452274004207662838616954559256555512547492980957031250000 0.0886949402766290112554159463797986973077058792114257812500000000 0.0267965677658386358661601889252779074013233184814453125000000000
0.0714943433052896704094081314906361512839794158935546875000000000 68.2892569472010961817431962117552757263183593750000000000000000000 805.6247905727924489838187582790851593017578125000000000000000000000 -0.1068887875692913907998971012602851260453462600708007812500000000 68.2874243835477727770921774208545684814453125000000000000000000000 19.6278816090757928236598672810941934585571289062500000000000000000 18.7525753029400945592897187452763319015502929687500000000000000000 15.9058957170460626429076000931672751903533935546875000000000000000 13.5012192708080807079795704339630901813507080078125000000000000000 84.7187523718291544128078385256230831146240234375000000000000000000 23.2641978320570146365753316786140203475952148437500000000000000000
0.8592403903055521041665087977889925241470336914062500000000000000 805.6247905727924489838187582790851593017578125000000000000000000000 9808.6845202514996344689279794692993164062500000000000000000000000000 -1.5125657515696513399916511843912303447723388671875000000000000000 831.4165729712967731757089495658874511718750000000000000000000000000 238.0979607335808339030336355790495872497558593750000000000000000000 259.1346671567298471927642822265625000000000000000000000000000000000 218.6217657679163721695658750832080841064453125000000000000000000000 119.1916961732432014287041965872049331665039062500000000000000000000 999.4475000645101090412936173379421234130859375000000000000000000000 321.4790536494064099315437488257884979248046875000000000000000000000
-0.0002165129225904173688749959625354790659912396222352981567382812 -0.1068887875692913907998971012602851260453462600708007812500000000 -1.5125657515696513399916511843912303447723388671875000000000000000 0.0004679256384232789809513031187293563561979681253433227539062500 -0.1282100806654905555959089724638033658266067504882812500000000000 -0.0447814716754471459081443640570796560496091842651367187500000000 -0.0606659440995881427127756069239694625139236450195312500000000000 -0.0503668474164638696466411715846334118396043777465820312500000000 0.0253252723851354541451108559613203397020697593688964843750000000 -0.1326048214642199796209354190068552270531654357910156250000000000 -0.0752613708998174507636136354449263308197259902954101562500000000
0.0728320601189082345028324994018475990742444992065429687500000000 68.2874243835477727770921774208545684814453125000000000000000000000 831.4165729712967731757089495658874511718750000000000000000000000000 -0.1282100806654905555959089724638033658266067504882812500000000000 70.4736212469815939130057813599705696105957031250000000000000000000 20.1819714086892005866502586286514997482299804687500000000000000000 21.9651122901016435662313597276806831359863281250000000000000000000 18.5311046447066267717218579491600394248962402343750000000000000000 10.1030827685803643589679268188774585723876953125000000000000000000 84.7164789175071604176991968415677547454833984375000000000000000000 27.2496288891134419429818080971017479896545410156250000000000000000
0.0302227918418688894230950126029711100272834300994873046875000000 19.6278816090757928236598672810941934585571289062500000000000000000 238.0979607335808339030336355790495872497558593750000000000000000000 -0.0447814716754471459081443640570796560496091842651367187500000000 20.1819714086892005866502586286514997482299804687500000000000000000 7.2757433606500452327736638835631310939788818359375000000000000000 6.2043493973139751673784303420688956975936889648437500000000000000 4.7965920507119417237618108629249036312103271484375000000000000000 1.8056857110252211295886581865488551557064056396484375000000000000 24.3500913021872484875984810059890151023864746093750000000000000000 7.6970341121993008925983303925022482872009277343750000000000000000
0.0215999132450978952035836044842653791420161724090576171875000000 18.7525753029400945592897187452763319015502929687500000000000000000 259.1346671567298471927642822265625000000000000000000000000000000000 -0.0606659440995881427127756069239694625139236450195312500000000000 21.9651122901016435662313597276806831359863281250000000000000000000 6.2043493973139751673784303420688956975936889648437500000000000000 9.8677827399594804091975674964487552642822265625000000000000000000 8.2234884182178742406676974496804177761077880859375000000000000000 -1.2820026485804909555099584395065903663635253906250000000000000000 23.2641978320570217420026892796158790588378906250000000000000000000 12.2418412467424069234311900800094008445739746093750000000000000000
0.0261818489444446168834534915959011414088308811187744140625000000 15.9058957170460626429076000931672751903533935546875000000000000000 218.6217657679163721695658750832080841064453125000000000000000000000 -0.0503668474164638696466411715846334118396043777465820312500000000 18.5311046447066267717218579491600394248962402343750000000000000000 4.7965920507119417237618108629249036312103271484375000000000000000 8.2234884182178742406676974496804177761077880859375000000000000000 7.8073938670747695667273546860087662935256958007812500000000000000 -1.6015574228856519489738730044336989521980285644531250000000000000 19.7326446463815727838664315640926361083984375000000000000000000000 10.2019513768359892935677635250613093376159667968750000000000000000
0.0074045452274004207662838616954559256555512547492980957031250000 13.5012192708080807079795704339630901813507080078125000000000000000 119.1916961732432014287041965872049331665039062500000000000000000000 0.0253252723851354541451108559613203397020697593688964843750000000 10.1030827685803643589679268188774585723876953125000000000000000000 1.8056857110252211295886581865488551557064056396484375000000000000 -1.2820026485804909555099584395065903663635253906250000000000000000 -1.6015574228856519489738730044336989521980285644531250000000000000 10.5727346514600561988572735572233796119689941406250000000000000000 16.7494347318160023974087380338460206985473632812500000000000000000 -1.5904355938312957352565035762381739914417266845703125000000000000
0.0886949402766290112554159463797986973077058792114257812500000000 84.7187523718291544128078385256230831146240234375000000000000000000 999.4475000645101090412936173379421234130859375000000000000000000000 -0.1326048214642199796209354190068552270531654357910156250000000000 84.7164789175071604176991968415677547454833984375000000000000000000 24.3500913021872484875984810059890151023864746093750000000000000000 23.2641978320570217420026892796158790588378906250000000000000000000 19.7326446463815727838664315640926361083984375000000000000000000000 16.7494347318160023974087380338460206985473632812500000000000000000 105.1009679163520615929883206263184547424316406250000000000000000000 28.8612572953770118999727856134995818138122558593750000000000000000
0.0267965677658386358661601889252779074013233184814453125000000000 23.2641978320570146365753316786140203475952148437500000000000000000 321.4790536494064099315437488257884979248046875000000000000000000000 -0.0752613708998174507636136354449263308197259902954101562500000000 27.2496288891134419429818080971017479896545410156250000000000000000 7.6970341121993008925983303925022482872009277343750000000000000000 12.2418412467424069234311900800094008445739746093750000000000000000 10.2019513768359892935677635250613093376159667968750000000000000000 -1.5904355938312957352565035762381739914417266845703125000000000000 28.8612572953770118999727856134995818138122558593750000000000000000 15.1870669490499015097384472028352320194244384765625000000000000000
