1.318281648945677897e+00 4.838220442766973051e+00 5.240564700550182664e+01 -1.387225220979284093e-02 4.975565954762312337e+00 1.994761710882573924e+00 1.419942283208628364e+00 2.504843999116224129e+00 1.009801304392493604e+00 6.122635168088895519e+00 1.796897984015298766e+00
4.838220442766973051e+00 9.200862092195595324e+03 9.727899919341014174e+04 -1.506788856818297440e+01 9.235990855131829449e+03 2.832969794204633217e+03 2.380002125619500021e+03 2.004928248188833322e+03 1.808515026238693963e+03 1.164343842716592917e+04 3.011827362316429117e+03
5.240564700550182664e+01 9.727899919341014174e+04 1.062831774037847761e+06 -1.933017185749558848e+02 1.009087740103114920e+05 3.087703259061049175e+04 2.978010509589722642e+04 2.495543432175247654e+04 1.393942760532300599e+04 1.231039033098374493e+05 3.768590557755732880e+04
-1.387225220979284093e-02 -1.506788856818297440e+01 -1.933017185749558848e+02 7.202196810956848494e-02 -1.835270633788037742e+01 -6.731061756789849859e+00 -8.470390017671078908e+00 -7.012315834851409413e+00 4.125541054640416760e+00 -1.906799939104078945e+01 -1.071904606726906017e+01
4.975565954762312337e+00 9.235990855131829449e+03 1.009087740103114920e+05 -1.835270633788037742e+01 9.580613716109610323e+03 2.931567892402869802e+03 2.827421957577086232e+03 2.369351710982265104e+03 1.323455493539419649e+03 1.168789291242742183e+04 3.578024878624158646e+03
1.994761710882573924e+00 2.832969794204633217e+03 3.087703259061049175e+04 -6.731061756789849859e+00 2.931567892402869802e+03 1.095800336668604814e+03 8.571873165199785944e+02 6.551324298029082911e+02 2.572046321206532866e+02 3.585045513596138335e+03 1.084747020489935494e+03
1.419942283208628364e+00 2.380002125619500021e+03 2.978010509589722642e+04 -8.470390017671078908e+00 2.827421957577086232e+03 8.571873165199785944e+02 1.236714341744268950e+03 1.024124620232462121e+03 -2.292542050052293234e+02 3.011827362316429117e+03 1.565028053437139988e+03
2.504843999116224129e+00 2.004928248188833322e+03 2.495543432175247654e+04 -7.012315834851409413e+00 2.369351710982265104e+03 6.551324298029082911e+02 1.024124620232462121e+03 9.874402385391692860e+02 -2.738775846851697793e+02 2.537181665669516860e+03 1.296001596147809323e+03
1.009801304392493604e+00 1.808515026238693963e+03 1.393942760532300599e+04 4.125541054640416760e+00 1.323455493539419649e+03 2.572046321206532866e+02 -2.292542050052293234e+02 -2.738775846851697793e+02 1.517044116123284084e+03 2.288626124553695718e+03 -2.901149037340139216e+02
6.122635168088895519e+00 1.164343842716592917e+04 1.231039033098374493e+05 -1.906799939104078945e+01 1.168789291242742183e+04 3.585045513596138335e+03 3.011827362316429117e+03 2.537181665669516860e+03 2.288626124553695718e+03 1.473445173384327609e+04 3.811384856657129603e+03
1.796897984015298766e+00 3.011827362316429117e+03 3.768590557755732880e+04 -1.071904606726906017e+01 3.578024878624158646e+03 1.084747020489935494e+03 1.565028053437139988e+03 1.296001596147809323e+03 -2.901149037340139216e+02 3.811384856657129603e+03 1.980500043842556352e+03
