4.365576665073687579e+00 -1.452713054308366125e+01 -1.386087983541434312e+02 5.915252151951062159e-02 -1.517995381226619500e+01 -7.850489533069974435e+00 -4.150798775421760567e+00 3.528250314687631839e+00 4.369520127623207628e+00 -1.891909495428361865e+01 -5.405703207211573158e+00
-1.452713054308366125e+01 3.208823303899262100e+04 2.974880205457216362e+05 -5.727261048226598206e+01 3.257985398624271329e+04 1.090631354159118928e+04 7.884046612573957646e+03 6.325969055556010062e+03 6.090651939266474983e+03 4.178941780549442046e+04 1.026761796109136776e+04
-1.386087983541434312e+02 2.974880205457216362e+05 2.853327470559973270e+06 -6.506014126745527619e+02 3.124865068356316769e+05 1.043989988305900188e+05 8.720332041115149332e+04 7.034074556639255024e+04 3.894890460879214515e+04 3.874271034995248774e+05 1.135673624116267456e+05
5.915252151951062159e-02 -5.727261048226598206e+01 -6.506014126745527619e+02 3.052493096682067919e-01 -7.125160532278451342e+01 -2.768652637210419343e+01 -3.177879674776590591e+01 -2.608749793575742615e+01 1.873152773550454597e+01 -7.458774826729724339e+01 -4.138643012952790201e+01
-1.517995381226619500e+01 3.257985398624271329e+04 3.124865068356316769e+05 -7.125160532278451342e+01 3.422243607221559068e+04 1.143341547659998287e+04 9.550204545712806066e+03 7.703473960506265030e+03 4.265548652180151294e+03 4.242966973652476008e+04 1.243750278813275872e+04
-7.850489533069974435e+00 1.090631354159118928e+04 1.043989988305900188e+05 -2.768652637210419343e+01 1.143341547659998287e+04 4.459699538296736137e+03 3.166227292805528577e+03 2.333563547015105542e+03 9.196231492899306659e+02 1.420360207286702462e+04 4.123467784761626717e+03
-4.150798775421760567e+00 7.884046612573957646e+03 8.720332041115149332e+04 -3.177879674776590591e+01 9.550204545712806066e+03 3.166227292805528577e+03 4.025696846267874662e+03 3.285020793544802018e+03 -1.096312586677804575e+03 1.026761796109136776e+04 5.242779409589793431e+03
3.528250314687631839e+00 6.325969055556010062e+03 7.034074556639255024e+04 -2.608749793575742615e+01 7.703473960506265030e+03 2.333563547015105542e+03 3.285020793544802018e+03 3.207798857555835184e+03 -1.340576716284260556e+03 8.238489279419616651e+03 4.278175936779169206e+03
4.369520127623207628e+00 6.090651939266474983e+03 3.894890460879214515e+04 1.873152773550454597e+01 4.265548652180151294e+03 9.196231492899306659e+02 -1.096312586677804575e+03 -1.340576716284260556e+03 5.835299001919913280e+03 7.932029111374281456e+03 -1.427759037851320954e+03
-1.891909495428361865e+01 4.178941780549442046e+04 3.874271034995248774e+05 -7.458774826729724339e+01 4.242966973652476008e+04 1.420360207286702462e+04 1.026761796109136776e+04 8.238489279419616651e+03 7.932029111374281456e+03 5.442354642588317802e+04 1.337181066722632568e+04
-5.405703207211573158e+00 1.026761796109136776e+04 1.135673624116267456e+05 -4.138643012952790201e+01 1.243750278813275872e+04 4.123467784761626717e+03 5.242779409589793431e+03 4.278175936779169206e+03 -1.427759037851320954e+03 1.337181066722632568e+04 6.827820620199204313e+03
