# A b_HI Tb sigma_NL sigma8tot n_s f DA H omegak omegaDE w0 wa h gamma sigma_8 fs8 bs8 pk0 pk1 pk2 pk3 pk4 pk5 pk6 pk7 pk8 pk9 pk10 pk11 pk12 pk13 pk14 pk15 pk16 pk17 pk18 pk19 pk20 pk21 pk22 pk23 pk24 pk25 pk26 pk27 pk28 pk29 pk30 pk31 pk32 pk33 pk34 pk35 pk36 pk37 pk38 pk39 pk40 pk41 pk42 pk43 pk44 pk45 pk46 pk47 pk48 pk49 pk50 pk51 pk52 pk53 pk54 pk55 pk56 pk57 pk58 pk59 pk60 pk61 pk62 pk63 pk64 pk65 pk66 pk67 pk68 pk69 pk70 pk71 pk72 pk73 pk74 pk75 pk76 pk77 pk78 pk79 pk80 pk81 pk82 pk83 pk84 pk85 pk86 pk87 pk88 pk89
2.156599393376455343e+00 7.549377585914144539e+00 7.533939206336737016e+01 -2.128531163536794696e-02 7.874635928773802362e+00 3.035649182627419673e+00 2.216131858010455424e+00 -7.595361270068240245e+00 2.390248343483941440e+00 1.009335857056947816e+01 -1.322127686978823713e-01 -1.178614956169012490e-01 -1.269347487544594463e-02 8.451399392059411042e+00 -3.814942106243879749e+00 5.498278283995166937e+00 9.735163405585913310e+00 2.857772779349473158e+00 0.000000000000000000e+00 0.000000000000000000e+00 0.000000000000000000e+00 0.000000000000000000e+00 0.000000000000000000e+00 0.000000000000000000e+00 0.000000000000000000e+00 0.000000000000000000e+00 0.000000000000000000e+00 0.000000000000000000e+00 0.000000000000000000e+00 -7.029737246314221401e-21 -7.100464759687097280e-19 4.552165467840375959e-18 6.202337586479731760e-18 -6.785465312859517879e-18 -9.248814801921842488e-17 -7.133012957870717567e-17 -1.523944777409697462e-16 1.653793841079064883e-16 -9.323619962967978555e-16 -2.910864941469878933e-16 -2.579223946720669925e-16 -1.189247957330540372e-15 -2.552448544502401684e-15 -2.028940264323185094e-15 -8.241632011892537774e-03 -1.849568088608855576e-01 -4.712081117603945657e-01 -5.919123918783658622e-01 -1.328074546734659411e-01 1.140599737741688990e+00 2.607980518759409172e+00 2.139723712268062794e+00 -2.236348452218212213e+00 -6.321199527791828920e+00 2.473716427846627264e-01 9.857490729713408228e+00 -1.833338752250937898e+00 -1.170857774888052205e+01 1.105293758892444522e+01 -2.732181152324059115e-01 0.000000000000000000e+00 0.000000000000000000e+00 0.000000000000000000e+00 0.000000000000000000e+00 0.000000000000000000e+00 0.000000000000000000e+00 0.000000000000000000e+00 0.000000000000000000e+00 0.000000000000000000e+00 0.000000000000000000e+00 0.000000000000000000e+00 0.000000000000000000e+00 0.000000000000000000e+00 0.000000000000000000e+00 0.000000000000000000e+00 0.000000000000000000e+00 0.000000000000000000e+00 0.000000000000000000e+00 0.000000000000000000e+00 0.000000000000000000e+00 0.000000000000000000e+00 0.000000000000000000e+00 0.000000000000000000e+00 0.000000000000000000e+00 0.000000000000000000e+00 0.000000000000000000e+00 0.000000000000000000e+00 0.000000000000000000e+00 0.000000000000000000e+00 0.000000000000000000e+00 0.000000000000000000e+00 0.000000000000000000e+00 0.000000000000000000e+00 0.000000000000000000e+00 0.000000000000000000e+00 0.000000000000000000e+00 0.000000000000000000e+00 0.000000000000000000e+00 0.000000000000000000e+00 0.000000000000000000e+00 0.000000000000000000e+00 0.000000000000000000e+00 0.000000000000000000e+00 0.000000000000000000e+00 0.000000000000000000e+00 0.000000000000000000e+00 0.000000000000000000e+00 0.000000000000000000e+00
7.549377585914144539e+00 1.404415033154291086e+04 1.371571238442806352e+05 -2.303847998675287911e+01 1.433595872930614860e+04 4.259590981853304584e+03 3.692590580146981210e+03 -6.100021352020193262e+03 3.979399536296951737e+03 1.636634858709486980e+04 2.438154328320826494e+02 -5.104459309534634599e+02 -3.633427278988640552e+01 8.994220792660380539e+03 -7.096958634866629836e+03 1.022847856082371072e+04 1.811038020210884497e+04 4.761713436446860214e+03 0.000000000000000000e+00 0.000000000000000000e+00 0.000000000000000000e+00 0.000000000000000000e+00 0.000000000000000000e+00 0.000000000000000000e+00 0.000000000000000000e+00 0.000000000000000000e+00 0.000000000000000000e+00 0.000000000000000000e+00 0.000000000000000000e+00 5.050766387620782962e-06 1.301161116984448285e-03 8.817986305462290758e-03 2.669628227352779590e-02 6.125822903291072707e-02 1.201068001590298029e-01 2.162988547363503544e-01 3.700578736851078965e-01 6.094719698544508457e-01 9.716700079740711038e-01 1.517415039151346789e+00 2.345297780243914776e+00 3.559144779471286046e+00 5.336979316923375904e+00 7.937605689389272356e+00 1.174337762085088599e+01 1.718952730135854168e+01 2.502076974662803011e+01 3.642862316295610015e+01 5.280739923166573391e+01 7.613165526288932483e+01 1.089536290200856570e+02 1.543223280785077520e+02 2.143788277771630533e+02 2.958579589921208139e+02 4.122548201440702087e+02 5.670601857513809136e+02 7.427607110482504140e+02 9.513977680685698033e+02 1.227531780373277115e+03 1.062214190205194654e+03 0.000000000000000000e+00 0.000000000000000000e+00 0.000000000000000000e+00 0.000000000000000000e+00 0.000000000000000000e+00 0.000000000000000000e+00 0.000000000000000000e+00 0.000000000000000000e+00 0.000000000000000000e+00 0.000000000000000000e+00 0.000000000000000000e+00 0.000000000000000000e+00 0.000000000000000000e+00 0.000000000000000000e+00 0.000000000000000000e+00 0.000000000000000000e+00 0.000000000000000000e+00 0.000000000000000000e+00 0.000000000000000000e+00 0.000000000000000000e+00 0.000000000000000000e+00 0.000000000000000000e+00 0.000000000000000000e+00 0.000000000000000000e+00 0.000000000000000000e+00 0.000000000000000000e+00 0.000000000000000000e+00 0.000000000000000000e+00 0.000000000000000000e+00 0.000000000000000000e+00 0.000000000000000000e+00 0.000000000000000000e+00 0.000000000000000000e+00 0.000000000000000000e+00 0.000000000000000000e+00 0.000000000000000000e+00 0.000000000000000000e+00 0.000000000000000000e+00 0.000000000000000000e+00 0.000000000000000000e+00 0.000000000000000000e+00 0.000000000000000000e+00 0.000000000000000000e+00 0.000000000000000000e+00 0.000000000000000000e+00 0.000000000000000000e+00 0.000000000000000000e+00 0.000000000000000000e+00
7.533939206336737016e+01 1.371571238442806352e+05 1.386239436857618857e+06 -2.737442828091567435e+02 1.448927390624640684e+05 4.294582926799607230e+04 4.277005782132496824e+04 -7.029393476015998749e+04 2.845968143637057801e+04 1.586009603918733483e+05 3.339485168372274074e+03 -5.501073424820802757e+03 -3.933173934198068196e+02 8.500696642972536210e+04 -6.930988428783076233e+04 9.989274307001393754e+04 1.768684898415466305e+05 5.515335496449914353e+04 0.000000000000000000e+00 0.000000000000000000e+00 0.000000000000000000e+00 0.000000000000000000e+00 0.000000000000000000e+00 0.000000000000000000e+00 0.000000000000000000e+00 0.000000000000000000e+00 0.000000000000000000e+00 0.000000000000000000e+00 0.000000000000000000e+00 7.378197147919142071e-05 1.806910703601478582e-02 1.170977789261352792e-01 3.404518215741020870e-01 7.538717873699862793e-01 1.434786445052077530e+00 2.519098005435516097e+00 4.216405728883482418e+00 6.814415395390724939e+00 1.069273854170226556e+01 1.646891988107098115e+01 2.514741645031941530e+01 3.777546527400301812e+01 5.615281313732651824e+01 8.289881569576758125e+01 1.218631824371210399e+02 1.774453213790006885e+02 2.571458001157384388e+02 3.729855460922523775e+02 5.389702349304990321e+02 7.749662341979194480e+02 1.106733413048086504e+03 1.565646843996943517e+03 2.173878175367910899e+03 2.999446171409624640e+03 4.176456372070681027e+03 5.741716531129143732e+03 7.522080289831909795e+03 9.625824838496568191e+03 1.237424349929537493e+04 1.065603949855716201e+04 0.000000000000000000e+00 0.000000000000000000e+00 0.000000000000000000e+00 0.000000000000000000e+00 0.000000000000000000e+00 0.000000000000000000e+00 0.000000000000000000e+00 0.000000000000000000e+00 0.000000000000000000e+00 0.000000000000000000e+00 0.000000000000000000e+00 0.000000000000000000e+00 0.000000000000000000e+00 0.000000000000000000e+00 0.000000000000000000e+00 0.000000000000000000e+00 0.000000000000000000e+00 0.000000000000000000e+00 0.000000000000000000e+00 0.000000000000000000e+00 0.000000000000000000e+00 0.000000000000000000e+00 0.000000000000000000e+00 0.000000000000000000e+00 0.000000000000000000e+00 0.000000000000000000e+00 0.000000000000000000e+00 0.000000000000000000e+00 0.000000000000000000e+00 0.000000000000000000e+00 0.000000000000000000e+00 0.000000000000000000e+00 0.000000000000000000e+00 0.000000000000000000e+00 0.000000000000000000e+00 0.000000000000000000e+00 0.000000000000000000e+00 0.000000000000000000e+00 0.000000000000000000e+00 0.000000000000000000e+00 0.000000000000000000e+00 0.000000000000000000e+00 0.000000000000000000e+00 0.000000000000000000e+00 0.000000000000000000e+00 0.000000000000000000e+00 0.000000000000000000e+00 0.000000000000000000e+00
-2.128531163536794696e-02 -2.303847998675287911e+01 -2.737442828091567435e+02 1.109118035252608936e-01 -2.861234349876770722e+01 -1.034546445522517466e+01 -1.305263369685089891e+01 2.117514847133085709e+01 8.774484857617395051e+00 -2.375860152777337575e+01 -2.050993349251612585e+00 1.741143049541772347e+00 1.221316446790669252e-01 -7.021910459102353563e+00 1.164208126631646500e+01 -1.677912818187408561e+01 -2.970885543012640539e+01 -1.683178784820493945e+01 0.000000000000000000e+00 0.000000000000000000e+00 0.000000000000000000e+00 0.000000000000000000e+00 0.000000000000000000e+00 0.000000000000000000e+00 0.000000000000000000e+00 0.000000000000000000e+00 0.000000000000000000e+00 0.000000000000000000e+00 0.000000000000000000e+00 -5.585791817282748697e-11 -1.462412427787874598e-08 -1.046392379881178528e-07 -3.460741754982685394e-07 -8.915810592652173155e-07 -1.996454240601848979e-06 -4.159679695301438585e-06 -8.349178665063738849e-06 -1.631837232090018667e-05 -3.110415767954137240e-05 -5.839468040226158832e-05 -1.097270763503886866e-04 -2.032346597534387834e-04 -3.733807982773126128e-04 -6.843878475690527621e-04 -1.256486148843291876e-03 -2.285823415719387061e-03 -4.143933314878714934e-03 -7.565206573751296140e-03 -1.376917345332321491e-02 -2.492657719732152902e-02 -4.488093324455975919e-02 -8.069037041622133255e-02 -1.422782795784235665e-01 -2.493239935367592142e-01 -4.410376104513042961e-01 -7.706655395213426463e-01 -1.282819285687040400e+00 -2.076210145396942153e+00 -3.349380560531128648e+00 -3.440698362133706834e+00 0.000000000000000000e+00 0.000000000000000000e+00 0.000000000000000000e+00 0.000000000000000000e+00 0.000000000000000000e+00 0.000000000000000000e+00 0.000000000000000000e+00 0.000000000000000000e+00 0.000000000000000000e+00 0.000000000000000000e+00 0.000000000000000000e+00 0.000000000000000000e+00 0.000000000000000000e+00 0.000000000000000000e+00 0.000000000000000000e+00 0.000000000000000000e+00 0.000000000000000000e+00 0.000000000000000000e+00 0.000000000000000000e+00 0.000000000000000000e+00 0.000000000000000000e+00 0.000000000000000000e+00 0.000000000000000000e+00 0.000000000000000000e+00 0.000000000000000000e+00 0.000000000000000000e+00 0.000000000000000000e+00 0.000000000000000000e+00 0.000000000000000000e+00 0.000000000000000000e+00 0.000000000000000000e+00 0.000000000000000000e+00 0.000000000000000000e+00 0.000000000000000000e+00 0.000000000000000000e+00 0.000000000000000000e+00 0.000000000000000000e+00 0.000000000000000000e+00 0.000000000000000000e+00 0.000000000000000000e+00 0.000000000000000000e+00 0.000000000000000000e+00 0.000000000000000000e+00 0.000000000000000000e+00 0.000000000000000000e+00 0.000000000000000000e+00 0.000000000000000000e+00 0.000000000000000000e+00
7.874635928773802362e+00 1.433595872930614860e+04 1.448927390624640684e+05 -2.861234349876770722e+01 1.514450193439388386e+04 4.488790802297747177e+03 4.470418791171819066e+03 -7.347273837458893468e+03 2.974667352927452157e+03 1.657731482607950238e+04 3.490502003036224892e+02 -5.749840720971227483e+02 -4.111038319807801145e+01 8.885111675450705661e+03 -7.244418757361979260e+03 1.044100519076770252e+04 1.848667644680162630e+04 5.764747746179885326e+03 0.000000000000000000e+00 0.000000000000000000e+00 0.000000000000000000e+00 0.000000000000000000e+00 0.000000000000000000e+00 0.000000000000000000e+00 0.000000000000000000e+00 0.000000000000000000e+00 0.000000000000000000e+00 0.000000000000000000e+00 0.000000000000000000e+00 7.711850966584979611e-06 1.888622081619459629e-03 1.223931268699093335e-02 3.558475948317977450e-02 7.879630695081141223e-02 1.499669771800349605e-01 2.633015626807845844e-01 4.407078307059748012e-01 7.122574105854109217e-01 1.117628119784293661e+00 1.721367065113826866e+00 2.628462264852944319e+00 3.948373193967549266e+00 5.869213272400662262e+00 8.664763208888462742e+00 1.273740295125999822e+01 1.854696812457179433e+01 2.687743424875962361e+01 3.898525461555322380e+01 5.633433268154866624e+01 8.100114407969527974e+01 1.156781659537774374e+02 1.636447886271751884e+02 2.272184406549385756e+02 3.135085901401888009e+02 4.365322376745776864e+02 6.001366091570653225e+02 7.862240733189177035e+02 1.006111995880636073e+03 1.293382648601526398e+03 1.113792256555415861e+03 0.000000000000000000e+00 0.000000000000000000e+00 0.000000000000000000e+00 0.000000000000000000e+00 0.000000000000000000e+00 0.000000000000000000e+00 0.000000000000000000e+00 0.000000000000000000e+00 0.000000000000000000e+00 0.000000000000000000e+00 0.000000000000000000e+00 0.000000000000000000e+00 0.000000000000000000e+00 0.000000000000000000e+00 0.000000000000000000e+00 0.000000000000000000e+00 0.000000000000000000e+00 0.000000000000000000e+00 0.000000000000000000e+00 0.000000000000000000e+00 0.000000000000000000e+00 0.000000000000000000e+00 0.000000000000000000e+00 0.000000000000000000e+00 0.000000000000000000e+00 0.000000000000000000e+00 0.000000000000000000e+00 0.000000000000000000e+00 0.000000000000000000e+00 0.000000000000000000e+00 0.000000000000000000e+00 0.000000000000000000e+00 0.000000000000000000e+00 0.000000000000000000e+00 0.000000000000000000e+00 0.000000000000000000e+00 0.000000000000000000e+00 0.000000000000000000e+00 0.000000000000000000e+00 0.000000000000000000e+00 0.000000000000000000e+00 0.000000000000000000e+00 0.000000000000000000e+00 0.000000000000000000e+00 0.000000000000000000e+00 0.000000000000000000e+00 0.000000000000000000e+00 0.000000000000000000e+00
3.035649182627419673e+00 4.259590981853304584e+03 4.294582926799607230e+04 -1.034546445522517466e+01 4.488790802297747177e+03 1.666831461467277450e+03 1.313122769576383007e+03 -1.951306775705618747e+03 5.332174857501862562e+02 4.719836489396345314e+03 1.671404566682978441e+02 -2.069090190117426005e+02 -1.427759374041136731e+01 2.084604792939955132e+03 -2.152507648096552657e+03 3.102297683179100204e+03 5.492878555534692168e+03 1.693313731886109281e+03 0.000000000000000000e+00 0.000000000000000000e+00 0.000000000000000000e+00 0.000000000000000000e+00 0.000000000000000000e+00 0.000000000000000000e+00 0.000000000000000000e+00 0.000000000000000000e+00 0.000000000000000000e+00 0.000000000000000000e+00 0.000000000000000000e+00 -7.920945613896520867e-06 -1.869115554597390117e-03 -1.159558493769467617e-02 -3.203641142777789025e-02 -6.700983080263094027e-02 -1.201056324364857542e-01 -1.978627215607914602e-01 -3.091390926645223303e-01 -4.637832846867802616e-01 -6.720867759347715076e-01 -9.497626973651994708e-01 -1.317032428974162173e+00 -1.780783560439102242e+00 -2.354936508200043299e+00 -3.043427176480551832e+00 -3.829645492895523695e+00 -4.650632750559172024e+00 -5.402924899741234022e+00 -5.867305618624344632e+00 -5.647886484856403655e+00 -4.084668737313450038e+00 -7.328977385676950507e-02 8.190677616106931680e+00 2.270687602303829067e+01 4.694714645470956071e+01 8.734664246738473992e+01 1.502243810065134824e+02 2.358066699154765047e+02 3.518678852469893172e+02 5.177921990230910296e+02 4.921469961654765370e+02 0.000000000000000000e+00 0.000000000000000000e+00 0.000000000000000000e+00 0.000000000000000000e+00 0.000000000000000000e+00 0.000000000000000000e+00 0.000000000000000000e+00 0.000000000000000000e+00 0.000000000000000000e+00 0.000000000000000000e+00 0.000000000000000000e+00 0.000000000000000000e+00 0.000000000000000000e+00 0.000000000000000000e+00 0.000000000000000000e+00 0.000000000000000000e+00 0.000000000000000000e+00 0.000000000000000000e+00 0.000000000000000000e+00 0.000000000000000000e+00 0.000000000000000000e+00 0.000000000000000000e+00 0.000000000000000000e+00 0.000000000000000000e+00 0.000000000000000000e+00 0.000000000000000000e+00 0.000000000000000000e+00 0.000000000000000000e+00 0.000000000000000000e+00 0.000000000000000000e+00 0.000000000000000000e+00 0.000000000000000000e+00 0.000000000000000000e+00 0.000000000000000000e+00 0.000000000000000000e+00 0.000000000000000000e+00 0.000000000000000000e+00 0.000000000000000000e+00 0.000000000000000000e+00 0.000000000000000000e+00 0.000000000000000000e+00 0.000000000000000000e+00 0.000000000000000000e+00 0.000000000000000000e+00 0.000000000000000000e+00 0.000000000000000000e+00 0.000000000000000000e+00 0.000000000000000000e+00
2.216131858010455424e+00 3.692590580146981210e+03 4.277005782132496824e+04 -1.305263369685089891e+01 4.470418791171819066e+03 1.313122769576383007e+03 1.933432064229654088e+03 -3.142211751387694221e+03 -4.466262818464457496e+02 4.125927936065440008e+03 2.016279979262841096e+02 -2.082538826678739667e+02 -1.507394358277715973e+01 1.958459386684859737e+03 -1.865984198698209866e+03 2.689346289472790431e+03 4.761713436446860214e+03 2.493222370277800110e+03 0.000000000000000000e+00 0.000000000000000000e+00 0.000000000000000000e+00 0.000000000000000000e+00 0.000000000000000000e+00 0.000000000000000000e+00 0.000000000000000000e+00 0.000000000000000000e+00 0.000000000000000000e+00 0.000000000000000000e+00 0.000000000000000000e+00 4.837322804327145691e-06 1.111521989098889244e-03 6.764103598380580805e-03 1.846067770909288336e-02 3.843712155017531273e-02 6.914837125076657431e-02 1.152309737977675469e-01 1.837377024970298089e-01 2.839756242512885276e-01 4.281472592410736633e-01 6.356906880588832909e-01 9.384985794334474996e-01 1.368641473010762777e+00 1.981701040917433376e+00 2.858902509207202680e+00 4.117364147995791868e+00 5.892883079400382584e+00 8.413922330709448616e+00 1.204892488974862808e+01 1.722026196655729535e+01 2.453069631552428476e+01 3.477101085005121206e+01 4.897219022052430404e+01 6.787822126521906796e+01 9.358209767456179407e+01 1.299636085904576817e+02 1.783303696515359604e+02 2.337750622880261915e+02 2.981262060529119822e+02 3.781418948248983725e+02 3.197960522136136206e+02 0.000000000000000000e+00 0.000000000000000000e+00 0.000000000000000000e+00 0.000000000000000000e+00 0.000000000000000000e+00 0.000000000000000000e+00 0.000000000000000000e+00 0.000000000000000000e+00 0.000000000000000000e+00 0.000000000000000000e+00 0.000000000000000000e+00 0.000000000000000000e+00 0.000000000000000000e+00 0.000000000000000000e+00 0.000000000000000000e+00 0.000000000000000000e+00 0.000000000000000000e+00 0.000000000000000000e+00 0.000000000000000000e+00 0.000000000000000000e+00 0.000000000000000000e+00 0.000000000000000000e+00 0.000000000000000000e+00 0.000000000000000000e+00 0.000000000000000000e+00 0.000000000000000000e+00 0.000000000000000000e+00 0.000000000000000000e+00 0.000000000000000000e+00 0.000000000000000000e+00 0.000000000000000000e+00 0.000000000000000000e+00 0.000000000000000000e+00 0.000000000000000000e+00 0.000000000000000000e+00 0.000000000000000000e+00 0.000000000000000000e+00 0.000000000000000000e+00 0.000000000000000000e+00 0.000000000000000000e+00 0.000000000000000000e+00 0.000000000000000000e+00 0.000000000000000000e+00 0.000000000000000000e+00 0.000000000000000000e+00 0.000000000000000000e+00 0.000000000000000000e+00 0.000000000000000000e+00
-7.595361270068240245e+00 -6.100021352020193262e+03 -7.029393476015998749e+04 2.117514847133085709e+01 -7.347273837458893468e+03 -1.951306775705618747e+03 -3.142211751387694221e+03 5.961329383080829757e+03 1.095322951402583385e+03 -6.884698580950674113e+03 -3.449079116330234456e+02 3.490961526467292515e+02 2.570426094394942140e+01 -3.449853983791378141e+03 3.082536015714555106e+03 -4.442699355016853588e+03 -7.866172272305130718e+03 -4.051982366306215681e+03 -0.000000000000000000e+00 -0.000000000000000000e+00 -0.000000000000000000e+00 -0.000000000000000000e+00 -0.000000000000000000e+00 -0.000000000000000000e+00 -0.000000000000000000e+00 -0.000000000000000000e+00 -0.000000000000000000e+00 -0.000000000000000000e+00 -0.000000000000000000e+00 -1.206173334961858204e-05 -2.787880194450587101e-03 -1.732504353908861927e-02 -4.884252152304364991e-02 -1.058099496182517973e-01 -1.977176141082878646e-01 -3.412398403735615871e-01 -5.597563655110751046e-01 -8.797125414359880935e-01 -1.333252645726485053e+00 -1.963688719758965417e+00 -2.832632953657752584e+00 -3.967526767038742186e+00 -5.461112666066954446e+00 -7.452995071646726366e+00 -1.060843448646431142e+01 -1.674828032009347112e+01 -2.338656620978971645e+01 -3.241126769857083190e+01 -4.457582381483552325e+01 -6.027849481355980288e+01 -8.011717365820152281e+01 -1.054792129840015491e+02 -1.354354798897292369e+02 -1.759942593828157840e+02 -2.389936161233283087e+02 -3.242530861989965842e+02 -3.700919974775462720e+02 -4.112492429745599338e+02 -5.786817085839163610e+02 -4.308775952076065892e+02 -0.000000000000000000e+00 -0.000000000000000000e+00 -0.000000000000000000e+00 -0.000000000000000000e+00 -0.000000000000000000e+00 -0.000000000000000000e+00 -0.000000000000000000e+00 -0.000000000000000000e+00 -0.000000000000000000e+00 -0.000000000000000000e+00 -0.000000000000000000e+00 -0.000000000000000000e+00 -0.000000000000000000e+00 -0.000000000000000000e+00 -0.000000000000000000e+00 -0.000000000000000000e+00 -0.000000000000000000e+00 -0.000000000000000000e+00 -0.000000000000000000e+00 -0.000000000000000000e+00 -0.000000000000000000e+00 -0.000000000000000000e+00 -0.000000000000000000e+00 -0.000000000000000000e+00 -0.000000000000000000e+00 -0.000000000000000000e+00 -0.000000000000000000e+00 -0.000000000000000000e+00 -0.000000000000000000e+00 -0.000000000000000000e+00 -0.000000000000000000e+00 -0.000000000000000000e+00 -0.000000000000000000e+00 -0.000000000000000000e+00 -0.000000000000000000e+00 -0.000000000000000000e+00 -0.000000000000000000e+00 -0.000000000000000000e+00 -0.000000000000000000e+00 -0.000000000000000000e+00 -0.000000000000000000e+00 -0.000000000000000000e+00 -0.000000000000000000e+00 -0.000000000000000000e+00 -0.000000000000000000e+00 -0.000000000000000000e+00 -0.000000000000000000e+00 -0.000000000000000000e+00
2.390248343483941440e+00 3.979399536296951737e+03 2.845968143637057801e+04 8.774484857617395051e+00 2.974667352927452157e+03 5.332174857501862562e+02 -4.466262818464457496e+02 1.095322951402583385e+03 4.653456364923215915e+03 5.279930544987819303e+03 -2.981938441086324474e+02 5.572724965662128938e+01 3.788597885517162034e+00 4.135999113963781383e+03 -2.010917943343052912e+03 2.898231781993000368e+03 5.131562741575688960e+03 -5.759388486697247345e+02 0.000000000000000000e+00 0.000000000000000000e+00 0.000000000000000000e+00 0.000000000000000000e+00 0.000000000000000000e+00 0.000000000000000000e+00 0.000000000000000000e+00 0.000000000000000000e+00 0.000000000000000000e+00 0.000000000000000000e+00 0.000000000000000000e+00 7.457108653703331353e-06 1.905557040985221291e-03 1.258685789624288884e-02 3.657234365376611090e-02 7.981120329114047007e-02 1.480005222807591614e-01 2.518083955637451243e-01 4.059848353465673187e-01 6.273983347532731125e-01 9.379906170686590494e-01 1.369159952037852790e+00 1.969092024322288692e+00 2.770862577596877152e+00 3.857088010675949974e+00 5.348563030255790274e+00 7.637048204924546724e+00 1.164503180515053771e+01 1.629731635939179668e+01 2.267749666519907947e+01 3.130625922779911718e+01 4.256719116909199130e+01 5.684814173199460186e+01 7.450098578431838803e+01 9.418547449182429432e+01 1.174693208654625352e+02 1.477633462605808745e+02 1.784073343071978002e+02 1.718821735409480027e+02 1.350292773381758877e+02 1.107022634821898919e+02 3.916774377567995291e+00 0.000000000000000000e+00 0.000000000000000000e+00 0.000000000000000000e+00 0.000000000000000000e+00 0.000000000000000000e+00 0.000000000000000000e+00 0.000000000000000000e+00 0.000000000000000000e+00 0.000000000000000000e+00 0.000000000000000000e+00 0.000000000000000000e+00 0.000000000000000000e+00 0.000000000000000000e+00 0.000000000000000000e+00 0.000000000000000000e+00 0.000000000000000000e+00 0.000000000000000000e+00 0.000000000000000000e+00 0.000000000000000000e+00 0.000000000000000000e+00 0.000000000000000000e+00 0.000000000000000000e+00 0.000000000000000000e+00 0.000000000000000000e+00 0.000000000000000000e+00 0.000000000000000000e+00 0.000000000000000000e+00 0.000000000000000000e+00 0.000000000000000000e+00 0.000000000000000000e+00 0.000000000000000000e+00 0.000000000000000000e+00 0.000000000000000000e+00 0.000000000000000000e+00 0.000000000000000000e+00 0.000000000000000000e+00 0.000000000000000000e+00 0.000000000000000000e+00 0.000000000000000000e+00 0.000000000000000000e+00 0.000000000000000000e+00 0.000000000000000000e+00 0.000000000000000000e+00 0.000000000000000000e+00 0.000000000000000000e+00 0.000000000000000000e+00 0.000000000000000000e+00 0.000000000000000000e+00
1.009335857056947816e+01 1.636634858709486980e+04 1.586009603918733483e+05 -2.375860152777337575e+01 1.657731482607950238e+04 4.719836489396345314e+03 4.125927936065440008e+03 -6.884698580950674113e+03 5.279930544987819303e+03 1.927002665174255890e+04 2.019451552617632331e+02 -5.491835570798435811e+02 -3.940020838552372595e+01 1.099610360680753911e+04 -8.270439733584060377e+03 1.191975603295014298e+04 2.110492898718295692e+04 5.320515790892869518e+03 0.000000000000000000e+00 0.000000000000000000e+00 0.000000000000000000e+00 0.000000000000000000e+00 0.000000000000000000e+00 0.000000000000000000e+00 0.000000000000000000e+00 0.000000000000000000e+00 0.000000000000000000e+00 0.000000000000000000e+00 0.000000000000000000e+00 1.104969438990471942e-05 2.751937413935271349e-03 1.808384007037064714e-02 5.313046893562772821e-02 1.185220572190620880e-01 2.262615314992496851e-01 3.974231660059815430e-01 6.632552412684944443e-01 1.064029742526290789e+00 1.652058836368357264e+00 2.508560934302493717e+00 3.761805074992532028e+00 5.529377115530103914e+00 8.035995143649083516e+00 1.160994749076184540e+01 1.694938145375111560e+01 2.533571977383914131e+01 3.634007524750934692e+01 5.203141401551869905e+01 7.412622260684005937e+01 1.047274120624119718e+02 1.465325256470834177e+02 2.029053814927565327e+02 2.750404763802931143e+02 3.715017456702613572e+02 5.095025559367257983e+02 6.895524532936485684e+02 8.631334700991476439e+02 1.053827676891982946e+03 1.347341728563024390e+03 1.109454455951444970e+03 0.000000000000000000e+00 0.000000000000000000e+00 0.000000000000000000e+00 0.000000000000000000e+00 0.000000000000000000e+00 0.000000000000000000e+00 0.000000000000000000e+00 0.000000000000000000e+00 0.000000000000000000e+00 0.000000000000000000e+00 0.000000000000000000e+00 0.000000000000000000e+00 0.000000000000000000e+00 0.000000000000000000e+00 0.000000000000000000e+00 0.000000000000000000e+00 0.000000000000000000e+00 0.000000000000000000e+00 0.000000000000000000e+00 0.000000000000000000e+00 0.000000000000000000e+00 0.000000000000000000e+00 0.000000000000000000e+00 0.000000000000000000e+00 0.000000000000000000e+00 0.000000000000000000e+00 0.000000000000000000e+00 0.000000000000000000e+00 0.000000000000000000e+00 0.000000000000000000e+00 0.000000000000000000e+00 0.000000000000000000e+00 0.000000000000000000e+00 0.000000000000000000e+00 0.000000000000000000e+00 0.000000000000000000e+00 0.000000000000000000e+00 0.000000000000000000e+00 0.000000000000000000e+00 0.000000000000000000e+00 0.000000000000000000e+00 0.000000000000000000e+00 0.000000000000000000e+00 0.000000000000000000e+00 0.000000000000000000e+00 0.000000000000000000e+00 0.000000000000000000e+00 0.000000000000000000e+00
-1.322127686978823713e-01 2.438154328320826494e+02 3.339485168372274074e+03 -2.050993349251612585e+00 3.490502003036224892e+02 1.671404566682978441e+02 2.016279979262841096e+02 -3.449079116330234456e+02 -2.981938441086324474e+02 2.019451552617632615e+02 4.538459627660544982e+01 -3.146869091449149991e+01 -2.169058035700311748e+00 -5.197552564069879111e+01 -1.232077413373356904e+02 1.775729302697469905e+02 3.144077842725320124e+02 2.600057401574293294e+02 0.000000000000000000e+00 0.000000000000000000e+00 0.000000000000000000e+00 0.000000000000000000e+00 0.000000000000000000e+00 0.000000000000000000e+00 0.000000000000000000e+00 0.000000000000000000e+00 0.000000000000000000e+00 0.000000000000000000e+00 0.000000000000000000e+00 -1.311283041734138113e-06 -3.187734664651934629e-04 -2.030178954240966296e-03 -5.732618396705285897e-03 -1.222464051487040862e-02 -2.221701472778701142e-02 -3.707940781402745134e-02 -5.854554013343402780e-02 -8.817813130682269906e-02 -1.278431563603310284e-01 -1.794471404200758125e-01 -2.452253400924724325e-01 -3.229831590260110463e-01 -4.151431707417538863e-01 -5.255788894357856789e-01 -7.152908478871811138e-01 -1.179214420065162416e+00 -1.568910456926404295e+00 -2.044690091692694001e+00 -2.608470705557875746e+00 -3.176143114689226277e+00 -3.627569547680714379e+00 -3.838261325136739899e+00 -3.388821969915025267e+00 -2.274359120463453010e+00 -5.139067184053739412e-01 3.160542021393675682e+00 1.604307446626716427e+01 3.629245950708012458e+01 5.358926527408160467e+01 6.347212247663409812e+01 0.000000000000000000e+00 0.000000000000000000e+00 0.000000000000000000e+00 0.000000000000000000e+00 0.000000000000000000e+00 0.000000000000000000e+00 0.000000000000000000e+00 0.000000000000000000e+00 0.000000000000000000e+00 0.000000000000000000e+00 0.000000000000000000e+00 0.000000000000000000e+00 0.000000000000000000e+00 0.000000000000000000e+00 0.000000000000000000e+00 0.000000000000000000e+00 0.000000000000000000e+00 0.000000000000000000e+00 0.000000000000000000e+00 0.000000000000000000e+00 0.000000000000000000e+00 0.000000000000000000e+00 0.000000000000000000e+00 0.000000000000000000e+00 0.000000000000000000e+00 0.000000000000000000e+00 0.000000000000000000e+00 0.000000000000000000e+00 0.000000000000000000e+00 0.000000000000000000e+00 0.000000000000000000e+00 0.000000000000000000e+00 0.000000000000000000e+00 0.000000000000000000e+00 0.000000000000000000e+00 0.000000000000000000e+00 0.000000000000000000e+00 0.000000000000000000e+00 0.000000000000000000e+00 0.000000000000000000e+00 0.000000000000000000e+00 0.000000000000000000e+00 0.000000000000000000e+00 0.000000000000000000e+00 0.000000000000000000e+00 0.000000000000000000e+00 0.000000000000000000e+00 0.000000000000000000e+00
-1.178614956169012490e-01 -5.104459309534634599e+02 -5.501073424820802757e+03 1.741143049541772347e+00 -5.749840720971227483e+02 -2.069090190117426005e+02 -2.082538826678739667e+02 3.490961526467292515e+02 5.572724965662128938e+01 -5.491835570798435811e+02 -3.146869091449148925e+01 3.097985481933634944e+01 2.163647087434835470e+00 -2.110392578499350122e+02 2.579446653441465287e+02 -3.717622738266151714e+02 -6.582363235904658723e+02 -2.685500300584019442e+02 0.000000000000000000e+00 0.000000000000000000e+00 0.000000000000000000e+00 0.000000000000000000e+00 0.000000000000000000e+00 0.000000000000000000e+00 0.000000000000000000e+00 0.000000000000000000e+00 0.000000000000000000e+00 0.000000000000000000e+00 0.000000000000000000e+00 6.215725790776764796e-07 1.487955508143360241e-04 9.321590358072832493e-04 2.582586634207668583e-03 5.391659661611216368e-03 9.568571228419841743e-03 1.555697782975227692e-02 2.382148779171458508e-02 3.452080882066098366e-02 4.774691912753828427e-02 6.298763822291066072e-02 7.891272067109658672e-02 9.149254272852173908e-02 9.738193780073992056e-02 9.192487993015611980e-02 1.001972508837916942e-01 2.233339200598604413e-01 2.402704494558605963e-01 2.120597721682724313e-01 1.029852022847865950e-01 -1.876180866377073486e-01 -7.961059187065223641e-01 -1.873324116124212901e+00 -3.715370774340250648e+00 -6.497887304867036029e+00 -1.055704663139781196e+01 -1.670074224451030176e+01 -2.866635754001261915e+01 -4.568093282663293309e+01 -6.263694244088078023e+01 -6.393959485130271503e+01 0.000000000000000000e+00 0.000000000000000000e+00 0.000000000000000000e+00 0.000000000000000000e+00 0.000000000000000000e+00 0.000000000000000000e+00 0.000000000000000000e+00 0.000000000000000000e+00 0.000000000000000000e+00 0.000000000000000000e+00 0.000000000000000000e+00 0.000000000000000000e+00 0.000000000000000000e+00 0.000000000000000000e+00 0.000000000000000000e+00 0.000000000000000000e+00 0.000000000000000000e+00 0.000000000000000000e+00 0.000000000000000000e+00 0.000000000000000000e+00 0.000000000000000000e+00 0.000000000000000000e+00 0.000000000000000000e+00 0.000000000000000000e+00 0.000000000000000000e+00 0.000000000000000000e+00 0.000000000000000000e+00 0.000000000000000000e+00 0.000000000000000000e+00 0.000000000000000000e+00 0.000000000000000000e+00 0.000000000000000000e+00 0.000000000000000000e+00 0.000000000000000000e+00 0.000000000000000000e+00 0.000000000000000000e+00 0.000000000000000000e+00 0.000000000000000000e+00 0.000000000000000000e+00 0.000000000000000000e+00 0.000000000000000000e+00 0.000000000000000000e+00 0.000000000000000000e+00 0.000000000000000000e+00 0.000000000000000000e+00 0.000000000000000000e+00 0.000000000000000000e+00 0.000000000000000000e+00
-1.269347487544594463e-02 -3.633427278988640552e+01 -3.933173934198068196e+02 1.221316446790669252e-01 -4.111038319807801855e+01 -1.427759374041136731e+01 -1.507394358277715973e+01 2.570426094394942140e+01 3.788597885517162034e+00 -3.940020838552373306e+01 -2.169058035700311748e+00 2.163647087434835470e+00 1.520111897549344671e-01 -1.587610810006277084e+01 1.836087089146495543e+01 -2.646257135397982196e+01 -4.685420470856561792e+01 -1.943833147499793412e+01 0.000000000000000000e+00 0.000000000000000000e+00 0.000000000000000000e+00 0.000000000000000000e+00 0.000000000000000000e+00 0.000000000000000000e+00 0.000000000000000000e+00 0.000000000000000000e+00 0.000000000000000000e+00 0.000000000000000000e+00 0.000000000000000000e+00 2.998182193064748957e-08 7.233213652831451375e-06 4.534870798285437626e-05 1.249165179552887475e-04 2.578816415072504847e-04 4.503824277338288641e-04 7.178934345320190291e-04 1.072303725443658415e-03 1.504149938835708591e-03 1.995497863861653808e-03 2.482312245157500610e-03 2.835626903919666493e-03 2.782412078799020860e-03 2.043805316996620894e-03 2.240461539820980846e-04 -1.596053473440972245e-03 1.583984426477986693e-03 -2.259289886104838205e-03 -1.068706261455806307e-02 -2.648402657759419201e-02 -5.623656392805263804e-02 -1.088935428086789808e-01 -1.948368310074379273e-01 -3.317976003264594409e-01 -5.349305927674328220e-01 -8.335072631102964369e-01 -1.277217134998561487e+00 -2.054313639380969114e+00 -3.140589826867715040e+00 -4.309446313944423679e+00 -4.281346770995053674e+00 0.000000000000000000e+00 0.000000000000000000e+00 0.000000000000000000e+00 0.000000000000000000e+00 0.000000000000000000e+00 0.000000000000000000e+00 0.000000000000000000e+00 0.000000000000000000e+00 0.000000000000000000e+00 0.000000000000000000e+00 0.000000000000000000e+00 0.000000000000000000e+00 0.000000000000000000e+00 0.000000000000000000e+00 0.000000000000000000e+00 0.000000000000000000e+00 0.000000000000000000e+00 0.000000000000000000e+00 0.000000000000000000e+00 0.000000000000000000e+00 0.000000000000000000e+00 0.000000000000000000e+00 0.000000000000000000e+00 0.000000000000000000e+00 0.000000000000000000e+00 0.000000000000000000e+00 0.000000000000000000e+00 0.000000000000000000e+00 0.000000000000000000e+00 0.000000000000000000e+00 0.000000000000000000e+00 0.000000000000000000e+00 0.000000000000000000e+00 0.000000000000000000e+00 0.000000000000000000e+00 0.000000000000000000e+00 0.000000000000000000e+00 0.000000000000000000e+00 0.000000000000000000e+00 0.000000000000000000e+00 0.000000000000000000e+00 0.000000000000000000e+00 0.000000000000000000e+00 0.000000000000000000e+00 0.000000000000000000e+00 0.000000000000000000e+00 0.000000000000000000e+00 0.000000000000000000e+00
8.451399392059411042e+00 8.994220792660380539e+03 8.500696642972536210e+04 -7.021910459102352675e+00 8.885111675450705661e+03 2.084604792939955132e+03 1.958459386684859737e+03 -3.449853983791378141e+03 4.135999113963781383e+03 1.099610360680753911e+04 -5.197552564069877690e+01 -2.110392578499349838e+02 -1.587610810006277084e+01 7.106647909779165275e+03 -4.545067619719466165e+03 6.550570335495305699e+03 1.159833484628450969e+04 2.525495901563388543e+03 0.000000000000000000e+00 0.000000000000000000e+00 0.000000000000000000e+00 0.000000000000000000e+00 0.000000000000000000e+00 0.000000000000000000e+00 0.000000000000000000e+00 0.000000000000000000e+00 0.000000000000000000e+00 0.000000000000000000e+00 0.000000000000000000e+00 1.734368930283903697e-05 4.203667948691180642e-03 2.692142318703696219e-02 7.706175427344602591e-02 1.675669777286876161e-01 3.119008880133852246e-01 5.344245751089369278e-01 8.690726946024527333e-01 1.354427084001168513e+00 2.038924605962967540e+00 2.989794589126607782e+00 4.306444297957220613e+00 6.045591710932690432e+00 8.367674654083575803e+00 1.151037719147917926e+01 1.640935692322380390e+01 2.546508725698668485e+01 3.559765619167795592e+01 4.943219849753212713e+01 6.811088371309585909e+01 9.235353991468414847e+01 1.230393871917628132e+02 1.616213724785876593e+02 2.059430282078183154e+02 2.623436684582029557e+02 3.436585257678679000e+02 4.426122181330676426e+02 4.711720025652734307e+02 4.636092874505991404e+02 5.673993296465987441e+02 3.383647425803947613e+02 0.000000000000000000e+00 0.000000000000000000e+00 0.000000000000000000e+00 0.000000000000000000e+00 0.000000000000000000e+00 0.000000000000000000e+00 0.000000000000000000e+00 0.000000000000000000e+00 0.000000000000000000e+00 0.000000000000000000e+00 0.000000000000000000e+00 0.000000000000000000e+00 0.000000000000000000e+00 0.000000000000000000e+00 0.000000000000000000e+00 0.000000000000000000e+00 0.000000000000000000e+00 0.000000000000000000e+00 0.000000000000000000e+00 0.000000000000000000e+00 0.000000000000000000e+00 0.000000000000000000e+00 0.000000000000000000e+00 0.000000000000000000e+00 0.000000000000000000e+00 0.000000000000000000e+00 0.000000000000000000e+00 0.000000000000000000e+00 0.000000000000000000e+00 0.000000000000000000e+00 0.000000000000000000e+00 0.000000000000000000e+00 0.000000000000000000e+00 0.000000000000000000e+00 0.000000000000000000e+00 0.000000000000000000e+00 0.000000000000000000e+00 0.000000000000000000e+00 0.000000000000000000e+00 0.000000000000000000e+00 0.000000000000000000e+00 0.000000000000000000e+00 0.000000000000000000e+00 0.000000000000000000e+00 0.000000000000000000e+00 0.000000000000000000e+00 0.000000000000000000e+00 0.000000000000000000e+00
