2.2375141427841187535818789910990744829177856445312500000000000000 0.0287528729231453575310162307232531020417809486389160156250000000 0.7757127987677381319997493847040459513664245605468750000000000000 0.0159372138703353892486003218209589249454438686370849609375000000 0.1191582411063570184905913151851564180105924606323242187500000000 -1.7399731981869694941167381330160424113273620605468750000000000000 0.1128594175167682289728787736748927272856235504150390625000000000 2.3835891590757078972728777443990111351013183593750000000000000000 3.0932555950012847745256294729188084602355957031250000000000000000 0.0409065684882147437284594104767165845260024070739746093750000000 0.1605645287874081506007684083670028485357761383056640625000000000
0.0287528729231453575310162307232531020417809486389160156250000000 10256.9561985588479728903621435165405273437500000000000000000000000000 75327.9832767978077754378318786621093750000000000000000000000000000000 -18.4154293260844106328022462548688054084777832031250000000000000000 11571.2284335279455262934789061546325683593750000000000000000000000000 2828.8379973923915713385213166475296020507812500000000000000000000000 3131.5141280977404676377773284912109375000000000000000000000000000000 2920.3249679489840673340950161218643188476562500000000000000000000000 2271.1309914099952038668561726808547973632812500000000000000000000000 14592.5202792229847545968368649482727050781250000000000000000000000000 4455.1894864638461513095535337924957275390625000000000000000000000000
0.7757127987677381319997493847040459513664245605468750000000000000 75327.9832767978077754378318786621093750000000000000000000000000000000 576214.3731464606244117021560668945312500000000000000000000000000000000 -164.0249719305791700207919348031282424926757812500000000000000000000 88513.0312577145814429968595504760742187500000000000000000000000000000 21466.5483899797072808723896741867065429687500000000000000000000000000 27238.2516552349698031321167945861816406250000000000000000000000000000 25508.6876918370217026676982641220092773437500000000000000000000000000 12032.0282936184230493381619453430175781250000000000000000000000000000 107168.7450234104180708527565002441406250000000000000000000000000000000 38751.7243863674157182686030864715576171875000000000000000000000000000
0.0159372138703353892486003218209589249454438686370849609375000000 -18.4154293260844106328022462548688054084777832031250000000000000000 -164.0249719305791700207919348031282424926757812500000000000000000000 0.0996426632595467931530208716139895841479301452636718750000000000 -25.1960869845342720907410694053396582603454589843750000000000000000 -8.7375921557071052347964723594486713409423828125000000000000000000 -10.9283468814838009564027743181213736534118652343750000000000000000 -10.0316292865631861985775685752741992473602294921875000000000000000 6.0497737317697319880949180515017360448837280273437500000000000000 -26.1995391897297871253158518811687827110290527343750000000000000000 -15.5477044455783328658071695826947689056396484375000000000000000000
0.1191582411063570184905913151851564180105924606323242187500000000 11571.2284335279455262934789061546325683593750000000000000000000000000 88513.0312577145814429968595504760742187500000000000000000000000000000 -25.1960869845342720907410694053396582603454589843750000000000000000 13596.6006187037473864620551466941833496093750000000000000000000000000 3297.5041185835916621726937592029571533203125000000000000000000000000 4184.1028834463013481581583619117736816406250000000000000000000000000 3918.4223376478576028603129088878631591796875000000000000000000000000 1848.2553474521832868049386888742446899414062500000000000000000000000 16462.3288140299264341592788696289062500000000000000000000000000000000 5952.7022437342830016859807074069976806640625000000000000000000000000
-1.7399731981869694941167381330160424113273620605468750000000000000 2828.8379973923915713385213166475296020507812500000000000000000000000 21466.5483899797072808723896741867065429687500000000000000000000000000 -8.7375921557071052347964723594486713409423828125000000000000000000 3297.5041185835916621726937592029571533203125000000000000000000000000 1278.0287747747513549256836995482444763183593750000000000000000000000 991.1139171169214705514605157077312469482421875000000000000000000000 776.3320099897471209260402247309684753417968750000000000000000000000 81.7416715872059143066508113406598567962646484375000000000000000000 4024.5736692709124326938763260841369628906250000000000000000000000000 1410.0528124104600919963559135794639587402343750000000000000000000000
0.1128594175167682289728787736748927272856235504150390625000000000 3131.5141280977404676377773284912109375000000000000000000000000000000 27238.2516552349698031321167945861816406250000000000000000000000000000 -10.9283468814838009564027743181213736534118652343750000000000000000 4184.1028834463013481581583619117736816406250000000000000000000000000 991.1139171169214705514605157077312469482421875000000000000000000000 1737.7882959409996601607417687773704528808593750000000000000000000000 1640.3890893694265287194866687059402465820312500000000000000000000000 -163.4015519183746221187902847304940223693847656250000000000000000000 4455.1894864638461513095535337924957275390625000000000000000000000000 2472.3427163585251946642529219388961791992187500000000000000000000000
2.3835891590757078972728777443990111351013183593750000000000000000 2920.3249679489840673340950161218643188476562500000000000000000000000 25508.6876918370217026676982641220092773437500000000000000000000000000 -10.0316292865631861985775685752741992473602294921875000000000000000 3918.4223376478576028603129088878631591796875000000000000000000000000 776.3320099897471209260402247309684753417968750000000000000000000000 1640.3890893694265287194866687059402465820312500000000000000000000000 1799.2934891431079904577927663922309875488281250000000000000000000000 -300.7514499440558211063034832477569580078125000000000000000000000000 4154.7317246713364511379040777683258056640625000000000000000000000000 2333.7733523521142160461749881505966186523437500000000000000000000000
3.0932555950012847745256294729188084602355957031250000000000000000 2271.1309914099952038668561726808547973632812500000000000000000000000 12032.0282936184230493381619453430175781250000000000000000000000000000 6.0497737317697319880949180515017360448837280273437500000000000000 1848.2553474521832868049386888742446899414062500000000000000000000000 81.7416715872059143066508113406598567962646484375000000000000000000 -163.4015519183746221187902847304940223693847656250000000000000000000 -300.7514499440558211063034832477569580078125000000000000000000000000 2231.5482664838323216827120631933212280273437500000000000000000000000 3231.1267014651684803538955748081207275390625000000000000000000000000 -232.4705705929030159495596308261156082153320312500000000000000000000
0.0409065684882147437284594104767165845260024070739746093750000000 14592.5202792229847545968368649482727050781250000000000000000000000000 107168.7450234104180708527565002441406250000000000000000000000000000000 -26.1995391897297871253158518811687827110290527343750000000000000000 16462.3288140299264341592788696289062500000000000000000000000000000000 4024.5736692709124326938763260841369628906250000000000000000000000000 4455.1894864638461513095535337924957275390625000000000000000000000000 4154.7317246713364511379040777683258056640625000000000000000000000000 3231.1267014651684803538955748081207275390625000000000000000000000000 20760.7056106424060999415814876556396484375000000000000000000000000000 6338.3757978940475368290208280086517333984375000000000000000000000000
0.1605645287874081506007684083670028485357761383056640625000000000 4455.1894864638461513095535337924957275390625000000000000000000000000 38751.7243863674157182686030864715576171875000000000000000000000000000 -15.5477044455783328658071695826947689056396484375000000000000000000 5952.7022437342830016859807074069976806640625000000000000000000000000 1410.0528124104600919963559135794639587402343750000000000000000000000 2472.3427163585251946642529219388961791992187500000000000000000000000 2333.7733523521142160461749881505966186523437500000000000000000000000 -232.4705705929030159495596308261156082153320312500000000000000000000 6338.3757978940475368290208280086517333984375000000000000000000000000 3517.3896161046400266059208661317825317382812500000000000000000000000
