1.271854375524162606e+01 -1.016105500332522951e+02 -8.070255662746275220e+02 4.116327228430805008e-01 -1.103879977857290839e+02 -5.485298278104070135e+01 -2.904917623574817398e+01 -1.127997942001355974e-01 1.594177186284223779e+01 -1.397362852390446903e+02 -3.994884364969382062e+01
-1.016105500332522951e+02 8.821976686000693007e+04 6.788711149950594408e+05 -1.707692520158366563e+02 9.285854906035099702e+04 3.181669956475427171e+04 2.149092998118967807e+04 1.709885010864778087e+04 1.690552845665950736e+04 1.213210882298910001e+05 2.955463503466028124e+04
-8.070255662746275220e+02 6.788711149950594408e+05 5.419779623912593350e+06 -1.625816947654459682e+03 7.413378784086885862e+05 2.535491624239457888e+05 1.988636133998467121e+05 1.605914375168743427e+05 8.544068565543176373e+04 9.335932906027360586e+05 2.734800923389772652e+05
4.116327228430805008e-01 -1.707692520158366563e+02 -1.625816947654459682e+03 1.008390943822056185e+00 -2.223853680945321400e+02 -8.874702500619622469e+01 -9.493334354600732183e+01 -7.969287495912546149e+01 6.441581619802194325e+01 -2.348443237629769271e+02 -1.305536951438595565e+02
-1.103879977857290839e+02 9.285854906035099702e+04 7.413378784086885862e+05 -2.223853680945321400e+02 1.014029883316080086e+05 3.468140979650639929e+04 2.720131434866356358e+04 2.196630192380699009e+04 1.168689892004416652e+04 1.277004080199812597e+05 3.740763748899974598e+04
-5.485298278104070135e+01 3.181669956475427171e+04 2.535491624239457888e+05 -8.874702500619622469e+01 3.468140979650639929e+04 1.385023917289115525e+04 9.241445387974064943e+03 6.745553359619490038e+03 2.350193417797814163e+03 4.375478141089234123e+04 1.270896819604259690e+04
-2.904917623574817398e+01 2.149092998118967807e+04 1.988636133998467121e+05 -9.493334354600732183e+01 2.720131434866356358e+04 9.241445387974064943e+03 1.096473368137960097e+04 9.129278889009750856e+03 -3.521435283430539130e+03 2.955463503466028124e+04 1.507885896464504913e+04
-1.127997942001355974e-01 1.709885010864778087e+04 1.605914375168743427e+05 -7.969287495912546149e+01 2.196630192380699009e+04 6.745553359619490038e+03 9.129278889009750856e+03 9.326805018539978846e+03 -4.612993580343895701e+03 2.351458382283890751e+04 1.255471521848846169e+04
1.594177186284223779e+01 1.690552845665950736e+04 8.544068565543176373e+04 6.441581619802194325e+01 1.168689892004416652e+04 2.350193417797814163e+03 -3.521435283430539130e+03 -4.612993580343895701e+03 1.832043013235916442e+04 2.324872511529056283e+04 -4.842728290076713165e+03
-1.397362852390446903e+02 1.213210882298910001e+05 9.335932906027360586e+05 -2.348443237629769271e+02 1.277004080199812597e+05 4.375478141089234123e+04 2.955463503466028124e+04 2.351458382283890751e+04 2.324872511529056283e+04 1.668424999653625127e+05 4.064395783693376143e+04
-3.994884364969382062e+01 2.955463503466028124e+04 2.734800923389772652e+05 -1.305536951438595565e+02 3.740763748899974598e+04 1.270896819604259690e+04 1.507885896464504913e+04 1.255471521848846169e+04 -4.842728290076713165e+03 4.064395783693376143e+04 2.073666304014126581e+04
