3.542902131948597155e+00 -3.558366816603626148e+01 -2.742355457571729289e+02 1.595588768834520776e-01 -3.976480325486910772e+01 -1.987204007242603154e+01 -1.098566840587708526e+01 -1.886489161743180043e+00 6.670187035708551981e+00 -4.975145339767569652e+01 -1.535965789662413705e+01
-3.558366816603626148e+01 2.488135011782924266e+04 1.880484925130047195e+05 -6.014263904725657284e+01 2.726747652828213540e+04 9.906420448570319422e+03 7.023066136843355707e+03 4.986562379847709053e+03 3.722671987387050194e+03 3.478796298016186483e+04 9.819329080565597906e+03
-2.742355457571729289e+02 1.880484925130047195e+05 1.472721168708086945e+06 -5.475058649188521258e+02 2.135480554180718609e+05 7.708725010584128904e+04 6.222580760078755702e+04 4.662462739656116901e+04 1.437456573257529635e+04 2.629207806263685925e+05 8.700127127248230681e+04
1.595588768834520776e-01 -6.014263904725657284e+01 -5.475058649188521258e+02 3.821327457178514408e-01 -7.938964636868423952e+01 -3.264200462063837449e+01 -3.349062040116888994e+01 -2.820360482108452516e+01 2.531441658333489642e+01 -8.408868050958221829e+01 -4.682504997442489270e+01
-3.976480325486910772e+01 2.726747652828213540e+04 2.135480554180718609e+05 -7.938964636868423952e+01 3.096497350740462207e+04 1.117783373214479434e+04 9.022889391631440958e+03 6.760681333766667194e+03 2.084346056058594968e+03 3.812413552866598184e+04 1.261539026796005419e+04
-1.987204007242603154e+01 9.906420448570319422e+03 7.708725010584128904e+04 -3.264200462063837449e+01 1.117783373214479434e+04 4.558782960817289677e+03 3.189964659172020220e+03 2.231717418018389253e+03 2.702642927320575268e+02 1.385070288383728985e+04 4.460062333666586710e+03
-1.098566840587708526e+01 7.023066136843355707e+03 6.222580760078755702e+04 -3.349062040116888994e+01 9.022889391631440958e+03 3.189964659172020220e+03 3.607318172775118001e+03 2.995240564291726969e+03 -1.393874805091041480e+03 9.819329080565597906e+03 5.043586881655694924e+03
-1.886489161743180043e+00 4.986562379847709053e+03 4.662462739656116901e+04 -2.820360482108452516e+01 6.760681333766667194e+03 2.231717418018389253e+03 2.995240564291726969e+03 2.994224580033826442e+03 -1.992120982909917984e+03 6.971982896704016639e+03 4.187808031871802996e+03
6.670187035708551981e+00 3.722671987387050194e+03 1.437456573257529635e+04 2.531441658333489642e+01 2.084346056058594968e+03 2.702642927320575268e+02 -1.393874805091041480e+03 -1.992120982909917984e+03 5.878547571796174452e+03 5.204869296530149768e+03 -1.948851846417326215e+03
-4.975145339767569652e+01 3.478796298016186483e+04 2.629207806263685925e+05 -8.408868050958221829e+01 3.812413552866598184e+04 1.385070288383728985e+04 9.819329080565597906e+03 6.971982896704016639e+03 5.204869296530149768e+03 4.863893488809985138e+04 1.372893572603869325e+04
-1.535965789662413705e+01 9.819329080565597906e+03 8.700127127248230681e+04 -4.682504997442489270e+01 1.261539026796005419e+04 4.460062333666586710e+03 5.043586881655694924e+03 4.187808031871802996e+03 -1.948851846417326215e+03 1.372893572603869325e+04 7.051711940685310765e+03
