0.0237865375978716028781967395389074226841330528259277343750000000 0.2084405832556118776111020451935473829507827758789062500000000000 2.3836751984068338394706643157405778765678405761718750000000000000 -0.0006467642956128313901434379040722433273913338780403137207031250 0.2126372686145642232347086064692120999097824096679687500000000000 0.0931351862307250033534700150994467549026012420654296875000000000 0.0613287592675850895540534679639677051454782485961914062500000000 0.0700178628632148886135055931845272425562143325805664062500000000 0.0169620716635668425387173385843198047950863838195800781250000000 0.2608351164191141102755011615954572334885597229003906250000000000 0.0767446234008257038849976083838555496186017990112304687500000000
0.2084405832556118776111020451935473829507827758789062500000000000 169.2546477136576186239835806190967559814453125000000000000000000000 1887.3655520535178311547497287392616271972656250000000000000000000000 -0.2693612907137816203650970692251576110720634460449218750000000000 168.3636496004617413291271077468991279602050781250000000000000000000 52.1500399769128790694594499655067920684814453125000000000000000000 43.5862833686047039805089298170059919357299804687500000000000000000 36.2817065853103954964353761170059442520141601562500000000000000000 33.7806857351668341493677871767431497573852539062500000000000000000 211.7992333898320680418692063540220260620117187500000000000000000000 54.5423214575486241528778919018805027008056640625000000000000000000
2.3836751984068338394706643157405778765678405761718750000000000000 1887.3655520535178311547497287392616271972656250000000000000000000000 21717.3201589650307141710072755813598632812500000000000000000000000000 -3.6272025694139089502243677998194471001625061035156250000000000000 1937.3074164285437746002571657299995422363281250000000000000000000000 598.1939520987583591704606078565120697021484375000000000000000000000 572.5730771690183473765500821173191070556640625000000000000000000000 474.4524955956806593349028844386339187622070312500000000000000000000 281.0419881346124952870013657957315444946289062500000000000000000000 2361.7819802951025849324651062488555908203125000000000000000000000000 716.4975404942429122456815093755722045898437500000000000000000000000
-0.0006467642956128313901434379040722433273913338780403137207031250 -0.2693612907137816203650970692251576110720634460449218750000000000 -3.6272025694139089502243677998194471001625061035156250000000000000 0.0012177981056964146990007069604189382516779005527496337890625000 -0.3235669220317429206623671689158072695136070251464843750000000000 -0.1170365677153686057021531041755224578082561492919921875000000000 -0.1497582675353690551123264640409615822136402130126953125000000000 -0.1233112050496937561749888345730141736567020416259765625000000000 0.0653275065912476138318965013240813277661800384521484375000000000 -0.3370691183298659132638874780241167172789573669433593750000000000 -0.1874021581460008911701464739962830208241939544677734375000000000
0.2126372686145642232347086064692120999097824096679687500000000000 168.3636496004617413291271077468991279602050781250000000000000000000 1937.3074164285437746002571657299995422363281250000000000000000000000 -0.3235669220317429206623671689158072695136070251464843750000000000 172.8187455117344768495968310162425041198730468750000000000000000000 53.3622735853636811498290626332163810729980468750000000000000000000 51.0767470722646876879480259958654642105102539062500000000000000000 42.3238379198046885676376405172049999237060546875000000000000000000 25.0705300633627956585769425146281719207763671875000000000000000000 210.6842701089067588782199891284108161926269531250000000000000000000 63.9156207530192119747880497016012668609619140625000000000000000000
0.0931351862307250033534700150994467549026012420654296875000000000 52.1500399769128790694594499655067920684814453125000000000000000000 598.1939520987583591704606078565120697021484375000000000000000000000 -0.1170365677153686057021531041755224578082561492919921875000000000 53.3622735853636811498290626332163810729980468750000000000000000000 19.5924944311678004282839538063853979110717773437500000000000000000 15.5784401993881118642093497328460216522216796875000000000000000000 12.0030294540922639612290367949753999710083007812500000000000000000 5.5003489223903763161160895833745598793029785156250000000000000000 65.2587012384178279944535461254417896270751953125000000000000000000 19.4943048017315909703484066994860768318176269531250000000000000000
0.0613287592675850895540534679639677051454782485961914062500000000 43.5862833686047039805089298170059919357299804687500000000000000000 572.5730771690183473765500821173191070556640625000000000000000000000 -0.1497582675353690551123264640409615822136402130126953125000000000 51.0767470722646876879480259958654642105102539062500000000000000000 15.5784401993881118642093497328460216522216796875000000000000000000 22.3818587317983457296577398665249347686767578125000000000000000000 18.3519455896852328180557378800585865974426269531250000000000000000 -3.6325742308593467200239501835312694311141967773437500000000000000 54.5423214575486312583052495028823614120483398437500000000000000000 28.0078602583147109328365331748500466346740722656250000000000000000
0.0700178628632148886135055931845272425562143325805664062500000000 36.2817065853103954964353761170059442520141601562500000000000000000 474.4524955956806593349028844386339187622070312500000000000000000000 -0.1233112050496937561749888345730141736567020416259765625000000000 42.3238379198046885676376405172049999237060546875000000000000000000 12.0030294540922639612290367949753999710083007812500000000000000000 18.3519455896852328180557378800585865974426269531250000000000000000 17.3426593468690590782443905482068657875061035156250000000000000000 -4.5085469402536224592381586262490600347518920898437500000000000000 45.4016344286390065576597407925873994827270507812500000000000000000 22.9649705908406431831281224731355905532836914062500000000000000000
0.0169620716635668425387173385843198047950863838195800781250000000 33.7806857351668341493677871767431497573852539062500000000000000000 281.0419881346124952870013657957315444946289062500000000000000000000 0.0653275065912476138318965013240813277661800384521484375000000000 25.0705300633627956585769425146281719207763671875000000000000000000 5.5003489223903763161160895833745598793029785156250000000000000000 -3.6325742308593467200239501835312694311141967773437500000000000000 -4.5085469402536224592381586262490600347518920898437500000000000000 26.4423261522371646492501895409077405929565429687500000000000000000 42.2719460808864795353656518273055553436279296875000000000000000000 -4.5456739163186092866908438736572861671447753906250000000000000000
0.2608351164191141102755011615954572334885597229003906250000000000 211.7992333898320680418692063540220260620117187500000000000000000000 2361.7819802951025849324651062488555908203125000000000000000000000000 -0.3370691183298659132638874780241167172789573669433593750000000000 210.6842701089067588782199891284108161926269531250000000000000000000 65.2587012384178279944535461254417896270751953125000000000000000000 54.5423214575486312583052495028823614120483398437500000000000000000 45.4016344286390065576597407925873994827270507812500000000000000000 42.2719460808864795353656518273055553436279296875000000000000000000 265.0380114844004424412560183554887771606445312500000000000000000000 68.2523170149756595037615625187754631042480468750000000000000000000
0.0767446234008257038849976083838555496186017990112304687500000000 54.5423214575486241528778919018805027008056640625000000000000000000 716.4975404942429122456815093755722045898437500000000000000000000000 -0.1874021581460008911701464739962830208241939544677734375000000000 63.9156207530192119747880497016012668609619140625000000000000000000 19.4943048017315909703484066994860768318176269531250000000000000000 28.0078602583147109328365331748500466346740722656250000000000000000 22.9649705908406431831281224731355905532836914062500000000000000000 -4.5456739163186092866908438736572861671447753906250000000000000000 68.2523170149756595037615625187754631042480468750000000000000000000 35.0480380405053182357733021490275859832763671875000000000000000000
