0.0401786791995711392577739218268106924369931221008300781250000000 0.1368934696935045491894555880207917653024196624755859375000000000 1.3872080932776738038114672235678881406784057617187500000000000000 -0.0003669148250919091066267474499085210482007823884487152099609375 0.1432719904243654474029767698084469884634017944335937500000000000 0.0511512193501004255868913617177895503118634223937988281250000000 0.0412068650632937266697908285095763858407735824584960937500000000 0.0713615559534081927983706350460124667733907699584960937500000000 0.0337662276998487859147601852782827336341142654418945312500000000 0.1760957333925308176958424155600368976593017578125000000000000000 0.0530072993282605514631100618316850159317255020141601562500000000
0.1368934696935045491894555880207917653024196624755859375000000000 245.7393973648495943962188903242349624633789062500000000000000000000 2451.1000385875686333747580647468566894531250000000000000000000000000 -0.4072564175405201103430385956016834825277328491210937500000000000 253.1516237249824428090505534783005714416503906250000000000000000000 72.1260358089914745960413711145520210266113281250000000000000000000 68.4050923530152914509017136879265308380126953125000000000000000000 58.6811867130246724855169304646551609039306640625000000000000000000 49.3146837730256848431054095271974802017211914062500000000000000000 316.1119336027392705545935314148664474487304687500000000000000000000 87.9942990170230388002892141230404376983642578125000000000000000000
1.3872080932776738038114672235678881406784057617187500000000000000 2451.1000385875686333747580647468566894531250000000000000000000000000 25301.9654671534444787539541721343994140625000000000000000000000000000 -4.9063187870598312656511552631855010986328125000000000000000000000 2613.2077600285551852721255272626876831054687500000000000000000000000 741.6937883205036996514536440372467041015625000000000000000000000000 803.8403439142693969188258051872253417968750000000000000000000000000 688.7448687231892563431756570935249328613281250000000000000000000000 358.7717479962203697141376323997974395751953125000000000000000000000 3153.0230030689208433614112436771392822265625000000000000000000000000 1034.0365775592863428755663335323333740234375000000000000000000000000
-0.0003669148250919091066267474499085210482007823884487152099609375 -0.4072564175405201103430385956016834825277328491210937500000000000 -4.9063187870598312656511552631855010986328125000000000000000000000 0.0019270220439136834765514461054181083454750478267669677734375000 -0.5067286311872859494442877803521696478128433227539062500000000000 -0.1793467943000518760587880251478054560720920562744140625000000000 -0.2335464163901665168854293597178184427320957183837890625000000000 -0.1984250432314708934011804331021266989409923553466796875000000000 0.1096229676884404174996845426903746556490659713745117187500000000 -0.5238826781597415438440634716243948787450790405273437500000000000 -0.3004272414710744687482701920089311897754669189453125000000000000
0.1432719904243654474029767698084469884634017944335937500000000000 253.1516237249824428090505534783005714416503906250000000000000000000 2613.2077600285551852721255272626876831054687500000000000000000000000 -0.5067286311872859494442877803521696478128433227539062500000000000 269.8942422452737446292303502559661865234375000000000000000000000000 76.6027432027070460662798723205924034118652343750000000000000000000 83.0212904711989807537975138984620571136474609375000000000000000000 71.1341353288857334291606093756854534149169921875000000000000000000 37.0542405948595785503130173310637474060058593750000000000000000000 325.6468035996896901451691519469022750854492187500000000000000000000 106.7961464155495150407659821212291717529296875000000000000000000000
0.0511512193501004255868913617177895503118634223937988281250000000 72.1260358089914745960413711145520210266113281250000000000000000000 741.6937883205036996514536440372467041015625000000000000000000000000 -0.1793467943000518760587880251478054560720920562744140625000000000 76.6027432027070460662798723205924034118652343750000000000000000000 28.1343798052933564690647472161799669265747070312500000000000000000 23.2492708192283963342106289928779006004333496093750000000000000000 17.9769943446949262977341277291998267173767089843750000000000000000 5.7015250478083938645568196079693734645843505859375000000000000000 92.7808112462718810320438933558762073516845703125000000000000000000 29.9071782234755296769890264840796589851379394531250000000000000000
0.0412068650632937266697908285095763858407735824584960937500000000 68.4050923530152914509017136879265308380126953125000000000000000000 803.8403439142693969188258051872253417968750000000000000000000000000 -0.2335464163901665168854293597178184427320957183837890625000000000 83.0212904711989807537975138984620571136474609375000000000000000000 23.2492708192283963342106289928779006004333496093750000000000000000 36.3445398296550550298888992983847856521606445312500000000000000000 31.0602024008366583984752651304006576538085937500000000000000000000 -5.2227740612627613359109091106802225112915039062500000000000000000 87.9942990170230388002892141230404376983642578125000000000000000000 46.7525471481334449208588921464979648590087890625000000000000000000
0.0713615559534081927983706350460124667733907699584960937500000000 58.6811867130246724855169304646551609039306640625000000000000000000 688.7448687231892563431756570935249328613281250000000000000000000000 -0.1984250432314708934011804331021266989409923553466796875000000000 71.1341353288857334291606093756854534149169921875000000000000000000 17.9769943446949262977341277291998267173767089843750000000000000000 31.0602024008366583984752651304006576538085937500000000000000000000 30.5738264711350815616697218501940369606018066406250000000000000000 -7.0725835250077215832220645097550004720687866210937500000000000000 75.4857527806851891227779560722410678863525390625000000000000000000 39.9549308914572662843056605197489261627197265625000000000000000000
0.0337662276998487859147601852782827336341142654418945312500000000 49.3146837730256848431054095271974802017211914062500000000000000000 358.7717479962203697141376323997974395751953125000000000000000000000 0.1096229676884404174996845426903746556490659713745117187500000000 37.0542405948595785503130173310637474060058593750000000000000000000 5.7015250478083938645568196079693734645843505859375000000000000000 -5.2227740612627613359109091106802225112915039062500000000000000000 -7.0725835250077215832220645097550004720687866210937500000000000000 42.1565228678354344538092846050858497619628906250000000000000000000 63.4369588664443284642402431927621364593505859375000000000000000000 -6.7184229512241744330935944162774831056594848632812500000000000000
0.1760957333925308176958424155600368976593017578125000000000000000 316.1119336027392705545935314148664474487304687500000000000000000000 3153.0230030689208433614112436771392822265625000000000000000000000000 -0.5238826781597415438440634716243948787450790405273437500000000000 325.6468035996896901451691519469022750854492187500000000000000000000 92.7808112462718810320438933558762073516845703125000000000000000000 87.9942990170230388002892141230404376983642578125000000000000000000 75.4857527806851891227779560722410678863525390625000000000000000000 63.4369588664443284642402431927621364593505859375000000000000000000 406.6370945709663828893098980188369750976562500000000000000000000000 113.1932783532884059241041541099548339843750000000000000000000000000
0.0530072993282605514631100618316850159317255020141601562500000000 87.9942990170230388002892141230404376983642578125000000000000000000 1034.0365775592863428755663335323333740234375000000000000000000000000 -0.3004272414710744687482701920089311897754669189453125000000000000 106.7961464155495150407659821212291717529296875000000000000000000000 29.9071782234755296769890264840796589851379394531250000000000000000 46.7525471481334449208588921464979648590087890625000000000000000000 39.9549308914572662843056605197489261627197265625000000000000000000 -6.7184229512241744330935944162774831056594848632812500000000000000 113.1932783532884059241041541099548339843750000000000000000000000000 60.1411016643262854586282628588378429412841796875000000000000000000
