0.0053894522554997761551454082962209213292226195335388183593750000 0.0220515405044818882385193603568040998652577400207519531250000000 0.2384428498223947201495320769026875495910644531250000000000000000 -0.0000320682063107636240143101524768809440502081997692584991455078 0.0240477450548605177493843854108490631915628910064697265625000000 0.0052300659744655862357087805492028564913198351860046386718750000 0.0080985753181479283591137630082812393084168434143066406250000000 0.0101878777716147839171867417462635785341262817382812500000000000 0.0064984132500895998296730482479688362218439579010009765625000000 0.0282313028173104135776227963106066454201936721801757812500000000 0.0103681342420934869547055612315489270258694887161254882812500000
0.0220515405044818882385193603568040998652577400207519531250000000 24.0177409032003446043290750822052359580993652343750000000000000000 256.1607416895975006809749174863100051879882812500000000000000000000 -0.0333367875582695691316637010004342300817370414733886718750000000 25.8346526801025646591369877569377422332763671875000000000000000000 4.4441838322167503960713474953081458806991577148437500000000000000 8.3243115335838773205523466458544135093688964843750000000000000000 7.9610758253251008298434499010909348726272583007812500000000000000 5.5227428873700423750392474175896495580673217773437500000000000000 30.7485146576557966113796283025294542312622070312500000000000000000 10.6571311697009178942607832141220569610595703125000000000000000000
0.2384428498223947201495320769026875495910644531250000000000000000 256.1607416895975006809749174863100051879882812500000000000000000000 2831.2702585669321706518530845642089843750000000000000000000000000000 -0.4191197930285631700897397422522772103548049926757812500000000000 285.5429106393441998079651966691017150878906250000000000000000000000 48.2981811972340935312786314170807600021362304687500000000000000000 102.6810198714688056043087271973490715026855468750000000000000000000 97.5392817147384505460649961605668067932128906250000000000000000000 46.9913720218726069788317545317113399505615234375000000000000000000 327.9476763573972561971459072083234786987304687500000000000000000000 131.4565286263121492993377614766359329223632812500000000000000000000
-0.0000320682063107636240143101524768809440502081997692584991455078 -0.0333367875582695691316637010004342300817370414733886718750000000 -0.4191197930285631700897397422522772103548049926757812500000000000 0.0001339133296243379329156647505882915538677480071783065795898438 -0.0422696085779217245459449259215034544467926025390625000000000000 -0.0122685570585088429829134781812172150239348411560058593750000000 -0.0204607698468442962547175767440421623177826404571533203125000000 -0.0184230107837110960999904563095697085373103618621826171875000000 0.0070167566847840279545267527794294437626376748085021972656250000 -0.0426791472605993968403303995273745385929942131042480468750000000 -0.0261947318058869289825185688869169098325073719024658203125000000
0.0240477450548605177493843854108490631915628910064697265625000000 25.8346526801025646591369877569377422332763671875000000000000000000 285.5429106393441998079651966691017150878906250000000000000000000000 -0.0422696085779217245459449259215034544467926025390625000000000000 28.7979409841496014621498034102842211723327636718750000000000000000 4.8710303073028375919761856494005769491195678710937500000000000000 10.3557183185882042408820780110545456409454345703125000000000000000 9.8371571269903057554984115995466709136962890625000000000000000000 4.7392343070962752449304389301687479019165039062500000000000000000 33.0746009714731314943492179736495018005371093750000000000000000000 13.2578229481705509584799074218608438968658447265625000000000000000
0.0052300659744655862357087805492028564913198351860046386718750000 4.4441838322167503960713474953081458806991577148437500000000000000 48.2981811972340935312786314170807600021362304687500000000000000000 -0.0122685570585088429829134781812172150239348411560058593750000000 4.8710303073028375919761856494005769491195678710937500000000000000 1.9726725613470630360524182833614759147167205810546875000000000000 1.6662476104914687446978405205300077795982360839843750000000000000 1.2635933694603063148775845547788776457309722900390625000000000000 0.0152508315599255879491114029633536119945347309112548828125000000 5.6896296890281172764503025973681360483169555664062500000000000000 2.1331997576697103724541193514596670866012573242187500000000000000
0.0080985753181479283591137630082812393084168434143066406250000000 8.3243115335838773205523466458544135093688964843750000000000000000 102.6810198714688056043087271973490715026855468750000000000000000000 -0.0204607698468442962547175767440421623177826404571533203125000000 10.3557183185882042408820780110545456409454345703125000000000000000 1.6662476104914687446978405205300077795982360839843750000000000000 4.8324511135688661411791144928429275751113891601562500000000000000 4.5289420057620866089109767926856875419616699218750000000000000000 0.2451928611195159368740803529362892732024192810058593750000000000 10.6571311697009178942607832141220569610595703125000000000000000000 6.1867056729793317160215337935369461774826049804687500000000000000
0.0101878777716147839171867417462635785341262817382812500000000000 7.9610758253251008298434499010909348726272583007812500000000000000 97.5392817147384505460649961605668067932128906250000000000000000000 -0.0184230107837110960999904563095697085373103618621826171875000000 9.8371571269903057554984115995466709136962890625000000000000000000 1.2635933694603063148775845547788776457309722900390625000000000000 4.5289420057620866089109767926856875419616699218750000000000000000 4.6965083012746706714324318454600870609283447265625000000000000000 0.1382676009573063635738066068370244465768337249755859375000000000 10.1921016507052026867086169659160077571868896484375000000000000000 5.7981406414994047793243225896731019020080566406250000000000000000
0.0064984132500895998296730482479688362218439579010009765625000000 5.5227428873700423750392474175896495580673217773437500000000000000 46.9913720218726069788317545317113399505615234375000000000000000000 0.0070167566847840279545267527794294437626376748085021972656250000 4.7392343070962752449304389301687479019165039062500000000000000000 0.0152508315599255879491114029633536119945347309112548828125000000 0.2451928611195159368740803529362892732024192810058593750000000000 0.1382676009573063635738066068370244465768337249755859375000000000 4.1030702998677428539053835265804082155227661132812500000000000000 7.0704460218460525311456876806914806365966796875000000000000000000 0.3139061377367672878158089133648900315165519714355468750000000000
0.0282313028173104135776227963106066454201936721801757812500000000 30.7485146576557966113796283025294542312622070312500000000000000000 327.9476763573972561971459072083234786987304687500000000000000000000 -0.0426791472605993968403303995273745385929942131042480468750000000 33.0746009714731314943492179736495018005371093750000000000000000000 5.6896296890281172764503025973681360483169555664062500000000000000 10.6571311697009178942607832141220569610595703125000000000000000000 10.1921016507052026867086169659160077571868896484375000000000000000 7.0704460218460525311456876806914806365966796875000000000000000000 39.3655322314718603138317121192812919616699218750000000000000000000 13.6437042643109069928186727338470518589019775390625000000000000000
0.0103681342420934869547055612315489270258694887161254882812500000 10.6571311697009178942607832141220569610595703125000000000000000000 131.4565286263121492993377614766359329223632812500000000000000000000 -0.0261947318058869289825185688869169098325073719024658203125000000 13.2578229481705509584799074218608438968658447265625000000000000000 2.1331997576697103724541193514596670866012573242187500000000000000 6.1867056729793317160215337935369461774826049804687500000000000000 5.7981406414994047793243225896731019020080566406250000000000000000 0.3139061377367672878158089133648900315165519714355468750000000000 13.6437042643109069928186727338470518589019775390625000000000000000 7.9204789007803393374729239440057426691055297851562500000000000000
