1.692951417682141368e+01 -3.841547169633980019e+01 -2.547353192568917279e+02 1.236330531268161059e-01 -4.563063079047255854e+01 -2.032574898976995925e+01 -1.259488841733869435e+01 1.545753361854308494e+01 1.318591248610010958e+01 -5.755554965029158865e+01 -1.887015032313368934e+01
-3.841547169633980019e+01 1.241954433467387571e+05 7.883720329262125306e+05 -3.394187407522973672e+02 1.412207512681501685e+05 5.456454784278180887e+04 3.355825592965635587e+04 2.392825909288654293e+04 1.731816799323776286e+04 1.860744301771586470e+05 5.027828060017173266e+04
-2.547353192568917279e+02 7.883720329262125306e+05 5.197986307627977803e+06 -2.627639353546612256e+03 9.311131049640945857e+05 3.577172297781463130e+05 2.524181792152947746e+05 1.914905859155374637e+05 4.336844620597149333e+04 1.181169556960281683e+06 3.781827062101729098e+05
1.236330531268161059e-01 -3.394187407522973672e+02 -2.627639353546612256e+03 2.555024599486471093e+00 -4.706879342133383375e+02 -2.054922695469284406e+02 -1.880115126390627154e+02 -1.632205413886904921e+02 1.774548454286558012e+02 -5.085303218460705352e+02 -2.816861403150497267e+02
-4.563063079047255854e+01 1.412207512681501685e+05 9.311131049640945857e+05 -4.706879342133383375e+02 1.667898995739190141e+05 6.407773718624472531e+04 4.521556246764886600e+04 3.430162825968927064e+04 7.768571561077781553e+03 2.115824068363561528e+05 6.774370938729302725e+04
-2.032574898976995925e+01 5.456454784278180887e+04 3.577172297781463130e+05 -2.054922695469284406e+02 6.407773718624472531e+04 2.759032650013541570e+04 1.705418044735845251e+04 1.207187718907540147e+04 8.422032769020970022e+01 8.175072187933493115e+04 2.555123459740034377e+04
-1.259488841733869435e+01 3.355825592965635587e+04 2.524181792152947746e+05 -1.880115126390627154e+02 4.521556246764886600e+04 1.705418044735845251e+04 1.708718527925087255e+04 1.452623505813586962e+04 -8.870611721104936805e+03 5.027828060017173266e+04 2.560068371664321967e+04
1.545753361854308494e+01 2.392825909288654293e+04 1.914905859155374637e+05 -1.632205413886904921e+02 3.430162825968927064e+04 1.207187718907540147e+04 1.452623505813586962e+04 1.528277587926549677e+04 -1.245655112298900531e+04 3.585024583719716611e+04 2.176376876819672179e+04
1.318591248610010958e+01 1.731816799323776286e+04 4.336844620597149333e+04 1.774548454286558012e+02 7.768571561077781553e+03 8.422032769020970022e+01 -8.870611721104936805e+03 -1.245655112298900531e+04 3.552300841385084641e+04 2.594675097746766187e+04 -1.329029452972091349e+04
-5.755554965029158865e+01 1.860744301771586470e+05 1.181169556960281683e+06 -5.085303218460705352e+02 2.115824068363561528e+05 8.175072187933493115e+04 5.027828060017173266e+04 3.585024583719716611e+04 2.594675097746766187e+04 2.787839282403389225e+05 7.532887005238032725e+04
-1.887015032313368934e+01 5.027828060017173266e+04 3.781827062101729098e+05 -2.816861403150497267e+02 6.774370938729302725e+04 2.555123459740034377e+04 2.560068371664321967e+04 2.176376876819672179e+04 -1.329029452972091349e+04 7.532887005238032725e+04 3.835593727396713075e+04
