0.0300283973071963118661731328984387801028788089752197265625000000 0.2680264647335842131958827394555555656552314758300781250000000000 2.9987700808593293899662057810928672552108764648437500000000000000 -0.0008356502472509072044007383261998711532214656472206115722656250 0.2743035173064988785363027545827208086848258972167968750000000000 0.1205899724648457349562846729895682074129581451416015625000000000 0.0787944596799037000334209324137191288173198699951171875000000000 0.0895469176180615222815362130859284661710262298583984375000000000 0.0215550818714655076369091091237351065501570701599121093750000000 0.3368809718041763656692921813373686745762825012207031250000000000 0.0990363178357621942726751740337931551039218902587890625000000000
0.2680264647335842131958827394555555656552314758300781250000000000 214.3474009904566628392785787582397460937500000000000000000000000000 2335.4687065233392786467447876930236816406250000000000000000000000000 -0.3418966982311761326762677981605520471930503845214843750000000000 213.6300094654247629932797281071543693542480468750000000000000000000 66.5513338487155579059617593884468078613281250000000000000000000000 54.7868650704155015773721970617771148681640625000000000000000000000 45.6026222889684191841297433711588382720947265625000000000000000000 43.1015127397508948092763603199273347854614257812500000000000000000 269.4120553399087611978757195174694061279296875000000000000000000000 68.8613057869923181897320318967103958129882812500000000000000000000
2.9987700808593293899662057810928672552108764648437500000000000000 2335.4687065233392786467447876930236816406250000000000000000000000000 26263.7840240333280235063284635543823242187500000000000000000000000000 -4.5054844405549410168987378710880875587463378906250000000000000000 2402.4010315276050278043840080499649047851562500000000000000000000000 746.1004660092967242235317826271057128906250000000000000000000000000 704.1283444385038592372438870370388031005859375000000000000000000000 583.5519208839369866836932487785816192626953125000000000000000000000 350.5067572268898743459430988878011703491210937500000000000000000000 2935.4376190197185678698588162660598754882812500000000000000000000000 885.0149972507040274649625644087791442871093750000000000000000000000
-0.0008356502472509072044007383261998711532214656472206115722656250 -0.3418966982311761326762677981605520471930503845214843750000000000 -4.5054844405549410168987378710880875587463378906250000000000000000 0.0015552574232005451308064047921675410179886966943740844726562500 -0.4121257035016740455368733364593936130404472351074218750000000000 -0.1494889777873978642386276760589680634438991546630859375000000000 -0.1897340646103485573004121533813304267823696136474609375000000000 -0.1564891048507060788974598608547239564359188079833984375000000000 0.0832026581370765849765547272909316234290599822998046875000000000 -0.4297280571575055607702608995168702676892280578613281250000000000 -0.2384756898309437211924688426734064705669879913330078125000000000
0.2743035173064988785363027545827208086848258972167968750000000000 213.6300094654247629932797281071543693542480468750000000000000000000 2402.4010315276050278043840080499649047851562500000000000000000000000 -0.4121257035016740455368733364593936130404472351074218750000000000 219.7524435551068222594039980322122573852539062500000000000000000000 68.2473069198159407733328407630324363708496093750000000000000000000 64.4080327289832581527662114240229129791259765625000000000000000000 53.3786652905239478172916278708726167678833007812500000000000000000 32.0615564896790985471852764021605253219604492187500000000000000000 268.5103699247873123567842412739992141723632812500000000000000000000 80.9540978697850590606321929953992366790771484375000000000000000000
0.1205899724648457349562846729895682074129581451416015625000000000 66.5513338487155579059617593884468078613281250000000000000000000000 746.1004660092967242235317826271057128906250000000000000000000000000 -0.1494889777873978642386276760589680634438991546630859375000000000 68.2473069198159407733328407630324363708496093750000000000000000000 25.1037020339192160633956518722698092460632324218750000000000000000 19.7617562763810710180223395582288503646850585937500000000000000000 15.2403533337730596741721456055529415607452392578125000000000000000 7.1508373935664018006264086579903960227966308593750000000000000000 83.6480011184888638808843097649514675140380859375000000000000000000 24.8384414783886562361203687032684683799743652343750000000000000000
0.0787944596799037000334209324137191288173198699951171875000000000 54.7868650704155015773721970617771148681640625000000000000000000000 704.1283444385038592372438870370388031005859375000000000000000000000 -0.1897340646103485573004121533813304267823696136474609375000000000 64.4080327289832581527662114240229129791259765625000000000000000000 19.7617562763810710180223395582288503646850585937500000000000000000 28.0626563910725295158954395446926355361938476562500000000000000000 23.0252823898973169036707986379042267799377441406250000000000000000 -4.6072216586627696699451917083933949470520019531250000000000000000 68.8613057869923181897320318967103958129882812500000000000000000000 35.2717966333218484464850916992872953414916992187500000000000000000
0.0895469176180615222815362130859284661710262298583984375000000000 45.6026222889684191841297433711588382720947265625000000000000000000 583.5519208839369866836932487785816192626953125000000000000000000000 -0.1564891048507060788974598608547239564359188079833984375000000000 53.3786652905239478172916278708726167678833007812500000000000000000 15.2403533337730596741721456055529415607452392578125000000000000000 23.0252823898973169036707986379042267799377441406250000000000000000 21.8256458648761082486089435406029224395751953125000000000000000000 -5.7837860146784167980626989447046071290969848632812500000000000000 57.3176821505174984849872998893260955810546875000000000000000000000 28.9403492870913368051333236508071422576904296875000000000000000000
0.0215550818714655076369091091237351065501570701599121093750000000 43.1015127397508948092763603199273347854614257812500000000000000000 350.5067572268898743459430988878011703491210937500000000000000000000 0.0832026581370765849765547272909316234290599822998046875000000000 32.0615564896790985471852764021605253219604492187500000000000000000 7.1508373935664018006264086579903960227966308593750000000000000000 -4.6072216586627696699451917083933949470520019531250000000000000000 -5.7837860146784167980626989447046071290969848632812500000000000000 33.7367973184274987374919874127954244613647460937500000000000000000 54.1740514782008233396481955423951148986816406250000000000000000000 -5.7907912609686551519416752853430807590484619140625000000000000000
0.3368809718041763656692921813373686745762825012207031250000000000 269.4120553399087611978757195174694061279296875000000000000000000000 2935.4376190197185678698588162660598754882812500000000000000000000000 -0.4297280571575055607702608995168702676892280578613281250000000000 268.5103699247873123567842412739992141723632812500000000000000000000 83.6480011184888638808843097649514675140380859375000000000000000000 68.8613057869923181897320318967103958129882812500000000000000000000 57.3176821505174984849872998893260955810546875000000000000000000000 54.1740514782008233396481955423951148986816406250000000000000000000 338.6225129256671380062471143901348114013671875000000000000000000000 86.5513919914034488556353608146309852600097656250000000000000000000
0.0990363178357621942726751740337931551039218902587890625000000000 68.8613057869923181897320318967103958129882812500000000000000000000 885.0149972507040274649625644087791442871093750000000000000000000000 -0.2384756898309437211924688426734064705669879913330078125000000000 80.9540978697850590606321929953992366790771484375000000000000000000 24.8384414783886562361203687032684683799743652343750000000000000000 35.2717966333218484464850916992872953414916992187500000000000000000 28.9403492870913368051333236508071422576904296875000000000000000000 -5.7907912609686551519416752853430807590484619140625000000000000000 86.5513919914034488556353608146309852600097656250000000000000000000 44.3329248808461073849684908054769039154052734375000000000000000000
