0.0631963034406589213576310726239171344786882400512695312500000000 0.1124617944397286739555141821256256662309169769287109375000000000 0.8544931175608599938087195369007531553506851196289062500000000000 0.0000997131164605371763959978936853190134570468217134475708007812 0.1368113727086975595081952405962510965764522552490234375000000000 -0.0002644442578240981350616578549050927904318086802959442138671875 0.0447430943116750023946792680362705141305923461914062500000000000 0.0898074261009193519633697633253177627921104431152343750000000000 0.0863043148357278827598193515768798533827066421508789062500000000 0.1621143750818540008040713473747018724679946899414062500000000000 0.0644974483085718197639124582565273158252239227294921875000000000
0.1124617944397286739555141821256256662309169769287109375000000000 257.3678921487650654853496234863996505737304687500000000000000000000 1862.1892537935407290206057950854301452636718750000000000000000000000 -0.4398023221942581328924859462858876213431358337402343750000000000 298.1518081527831895982671994715929031372070312500000000000000000000 60.6547093186878356618763064034283161163330078125000000000000000000 84.7262877214516834101232234388589859008789062500000000000000000000 83.3362239900902181943820323795080184936523437500000000000000000000 61.1447698354148698740573308896273374557495117187500000000000000000 370.9974148082036435880581848323345184326171875000000000000000000000 122.1334699076815581975097302347421646118164062500000000000000000000
0.8544931175608599938087195369007531553506851196289062500000000000 1862.1892537935407290206057950854301452636718750000000000000000000000 14049.5100563478281401330605149269104003906250000000000000000000000000 -3.8243532959803987480995601799804717302322387695312500000000000000 2249.4420577433065773220732808113098144531250000000000000000000000000 450.6981081689709753845818340778350830078125000000000000000000000000 722.0269263889415469748200848698616027832031250000000000000000000000 711.3660591339177017289330251514911651611328125000000000000000000000 333.0321790471064105076948180794715881347656250000000000000000000000 2684.3573736916760026360861957073211669921875000000000000000000000000 1040.8062982362030197691638022661209106445312500000000000000000000000
0.0000997131164605371763959978936853190134570468217134475708007812 -0.4398023221942581328924859462858876213431358337402343750000000000 -3.8243532959803987480995601799804717302322387695312500000000000000 0.0023179089740159677414388372795883697108365595340728759765625000 -0.6123104017965881329388366793864406645298004150390625000000000000 -0.2006263960263294510166787176785874180495738983154296875000000000 -0.2663727958823259300835673002438852563500404357910156250000000000 -0.2518109443256696944324346532084746286273002624511718750000000000 0.1381121414594420060417689910536864772439002990722656250000000000 -0.6339777786515835567016097229497972875833511352539062500000000000 -0.3839780394613238612144812123005976900458335876464843750000000000
0.1368113727086975595081952405962510965764522552490234375000000000 298.1518081527831895982671994715929031372070312500000000000000000000 2249.4420577433065773220732808113098144531250000000000000000000000000 -0.6123104017965881329388366793864406645298004150390625000000000000 360.1541655794783878263842780143022537231445312500000000000000000000 72.1604722011329471342833130620419979095458984375000000000000000000 115.6024465286311766476501361466944217681884765625000000000000000000 113.8955540406163322586508002132177352905273437500000000000000000000 53.3211896447582347491334076039493083953857421875000000000000000000 429.7876829994654599431669339537620544433593750000000000000000000000 166.6416445717141527893545571714639663696289062500000000000000000000
-0.0002644442578240981350616578549050927904318086802959442138671875 60.6547093186878356618763064034283161163330078125000000000000000000 450.6981081689709753845818340778350830078125000000000000000000000000 -0.2006263960263294510166787176785874180495738983154296875000000000 72.1604722011329471342833130620419979095458984375000000000000000000 29.7971378909699211590123013593256473541259765625000000000000000000 22.2076614264991007985372561961412429809570312500000000000000000000 17.2058707911190857942074217135086655616760253906250000000000000000 -0.5335619356747517416650339328043628484010696411132812500000000000 87.4341401536175624187308130785822868347167968750000000000000000000 32.0124818577007772546494379639625549316406250000000000000000000000
0.0447430943116750023946792680362705141305923461914062500000000000 84.7262877214516834101232234388589859008789062500000000000000000000 722.0269263889415469748200848698616027832031250000000000000000000000 -0.2663727958823259300835673002438852563500404357910156250000000000 115.6024465286311766476501361466944217681884765625000000000000000000 22.2076614264991007985372561961412429809570312500000000000000000000 48.5284820522568480782865663059055805206298828125000000000000000000 47.9566868506921579751178796868771314620971679687500000000000000000 -0.5817250117953630672573694937455002218484878540039062500000000000 122.1334699076815581975097302347421646118164062500000000000000000000 69.9541082441894985777253168635070323944091796875000000000000000000
0.0898074261009193519633697633253177627921104431152343750000000000 83.3362239900902181943820323795080184936523437500000000000000000000 711.3660591339177017289330251514911651611328125000000000000000000000 -0.2518109443256696944324346532084746286273002624511718750000000000 113.8955540406163322586508002132177352905273437500000000000000000000 17.2058707911190857942074217135086655616760253906250000000000000000 47.9566868506921579751178796868771314620971679687500000000000000000 54.1808877326905786731003900058567523956298828125000000000000000000 -3.5308766274488054826008465170161798596382141113281250000000000000 120.1296844065140021484694443643093109130859375000000000000000000000 69.1298619102388300916572916321456432342529296875000000000000000000
0.0863043148357278827598193515768798533827066421508789062500000000 61.1447698354148698740573308896273374557495117187500000000000000000 333.0321790471064105076948180794715881347656250000000000000000000000 0.1381121414594420060417689910536864772439002990722656250000000000 53.3211896447582347491334076039493083953857421875000000000000000000 -0.5335619356747517416650339328043628484010696411132812500000000000 -0.5817250117953630672573694937455002218484878540039062500000000000 -3.5308766274488054826008465170161798596382141113281250000000000000 57.4756847032206579228841292206197977066040039062500000000000000000 88.1405654317956503973618964664638042449951171875000000000000000000 -0.8385602170631411000911725750484038144350051879882812500000000000
0.1621143750818540008040713473747018724679946899414062500000000000 370.9974148082036435880581848323345184326171875000000000000000000000 2684.3573736916760026360861957073211669921875000000000000000000000000 -0.6339777786515835567016097229497972875833511352539062500000000000 429.7876829994654599431669339537620544433593750000000000000000000000 87.4341401536175624187308130785822868347167968750000000000000000000 122.1334699076815581975097302347421646118164062500000000000000000000 120.1296844065140021484694443643093109130859375000000000000000000000 88.1405654317956503973618964664638042449951171875000000000000000000 534.7950773704575340161682106554508209228515625000000000000000000000 176.0561553308071154333447339013218879699707031250000000000000000000
0.0644974483085718197639124582565273158252239227294921875000000000 122.1334699076815581975097302347421646118164062500000000000000000000 1040.8062982362030197691638022661209106445312500000000000000000000000 -0.3839780394613238612144812123005976900458335876464843750000000000 166.6416445717141527893545571714639663696289062500000000000000000000 32.0124818577007772546494379639625549316406250000000000000000000000 69.9541082441894985777253168635070323944091796875000000000000000000 69.1298619102388300916572916321456432342529296875000000000000000000 -0.8385602170631411000911725750484038144350051879882812500000000000 176.0561553308071154333447339013218879699707031250000000000000000000 100.8392814547596856300515355542302131652832031250000000000000000000
