# A b_HI Tb sigma_NL sigma8tot n_s f DA H omegak omegaDE w0 wa h gamma sigma_8 fs8 bs8 pk0 pk1 pk2 pk3 pk4 pk5 pk6 pk7 pk8 pk9 pk10 pk11 pk12 pk13 pk14 pk15 pk16 pk17 pk18 pk19 pk20 pk21 pk22 pk23 pk24 pk25 pk26 pk27 pk28 pk29 pk30 pk31 pk32 pk33 pk34 pk35 pk36 pk37 pk38 pk39 pk40 pk41 pk42 pk43 pk44 pk45 pk46 pk47 pk48 pk49 pk50 pk51 pk52 pk53 pk54 pk55 pk56 pk57 pk58 pk59 pk60 pk61 pk62 pk63 pk64 pk65 pk66 pk67 pk68 pk69 pk70 pk71 pk72 pk73 pk74 pk75 pk76 pk77 pk78 pk79 pk80 pk81 pk82 pk83 pk84 pk85 pk86 pk87 pk88 pk89
1.525578515911648336e-01 4.561644164409486835e-01 3.357430268174824484e+00 -6.321660857955531485e-04 6.014150743554496081e-01 1.868007245857124521e-01 2.172583220724013109e-01 -2.102349785276892147e-01 1.187425298156471604e-01 5.732521824895344675e-01 -2.882809980328990274e-02 -1.441764179223306401e-02 -4.665956341779977333e-03 5.226359397618604019e-01 -1.272831180252794459e-01 4.013931095151701545e-01 6.834432211765556486e-01 3.255048445537774837e-01 0.000000000000000000e+00 0.000000000000000000e+00 0.000000000000000000e+00 9.136711226332552455e-25 4.360785603382082065e-21 5.543697910494680723e-20 -3.988951572786171265e-20 4.366791505125578907e-19 5.334385924028764964e-19 -1.280398419702464082e-18 1.047111087805821687e-18 -5.832503192515243540e-18 -2.959511970573247380e-17 2.785923540371080979e-17 2.455709531065680585e-17 -1.748232698636316693e-17 -1.903035432968372347e-16 -1.352558738005836164e-16 -2.537692311676601484e-16 2.475823370828461576e-16 -1.324084441532453817e-15 -4.162510820709806213e-16 -3.018609788626148834e-16 -1.221480499960941119e-15 -2.380395137930608278e-15 -1.738284678638658656e-15 -4.841476958915968271e-03 -9.905512393472493127e-02 -2.124952968905398643e-01 -2.266689268405762125e-01 -4.816371841603699772e-02 3.091323822358352791e-01 5.839277399296931570e-01 3.704764162813141692e-01 -2.221670510332076354e-01 -4.902659648825088978e-01 -4.240903307798886065e-03 4.264139894598049096e-01 -1.544620694902236989e-02 -2.114680560822795319e-01 1.278433469979839976e-01 -2.135738864981510596e-02 -1.688875748974904417e-02 6.098749377454857831e-03 0.000000000000000000e+00 0.000000000000000000e+00 0.000000000000000000e+00 0.000000000000000000e+00 0.000000000000000000e+00 0.000000000000000000e+00 0.000000000000000000e+00 0.000000000000000000e+00 0.000000000000000000e+00 0.000000000000000000e+00 0.000000000000000000e+00 0.000000000000000000e+00 0.000000000000000000e+00 0.000000000000000000e+00 0.000000000000000000e+00 0.000000000000000000e+00 0.000000000000000000e+00 0.000000000000000000e+00 0.000000000000000000e+00 0.000000000000000000e+00 0.000000000000000000e+00 0.000000000000000000e+00 0.000000000000000000e+00 0.000000000000000000e+00 0.000000000000000000e+00 0.000000000000000000e+00 0.000000000000000000e+00 0.000000000000000000e+00 0.000000000000000000e+00 0.000000000000000000e+00 0.000000000000000000e+00 0.000000000000000000e+00 0.000000000000000000e+00 0.000000000000000000e+00 0.000000000000000000e+00 0.000000000000000000e+00 0.000000000000000000e+00 0.000000000000000000e+00 0.000000000000000000e+00 0.000000000000000000e+00 0.000000000000000000e+00 0.000000000000000000e+00 0.000000000000000000e+00 0.000000000000000000e+00 0.000000000000000000e+00 0.000000000000000000e+00
4.561644164409486835e-01 5.086747812341549775e+02 3.526394626560138931e+03 -6.798930806038602226e-01 6.316815889350565385e+02 4.426056371380528986e+01 1.979886785728959637e+02 -1.925510032055173895e+02 1.821918704994684504e+02 6.371152839353022728e+02 -4.223544580685670979e+01 -1.344109047980617788e+01 -4.428060858748624540e+00 5.712709860014803098e+02 -1.419350345681591250e+02 4.475985956216245540e+02 7.621162863389516815e+02 2.966343172842954345e+02 0.000000000000000000e+00 0.000000000000000000e+00 0.000000000000000000e+00 5.709409792548182124e-09 9.697396700762868360e-06 1.065843399009201351e-04 4.168990717097029891e-04 1.128235736889016821e-03 2.573803067073161203e-03 5.249412722991413441e-03 9.999016373482222039e-03 1.827958408971306140e-02 3.213669033351703591e-02 5.461402455547411522e-02 9.052822842684016269e-02 1.475523034458127158e-01 2.341455762180777722e-01 3.636875492542290256e-01 5.552844058446798625e-01 8.299359368010623683e-01 1.209085743158816673e+00 1.718119799154956162e+00 2.385719378855505113e+00 3.202477188706892353e+00 4.159680794602472531e+00 5.236847857374340443e+00 6.405068667833926810e+00 7.679469200660603789e+00 9.177735489367217170e+00 1.114888303250655710e+01 1.378075483425599757e+01 1.690187590965272335e+01 1.956974844869652230e+01 2.030694231850787901e+01 1.916589715088024448e+01 1.831976126469050925e+01 1.944088688922835217e+01 1.995598945595186180e+01 1.685047541296396645e+01 1.381232864472432453e+01 1.265301138157942162e+01 9.839283565373980522e+00 7.417102578285748038e+00 7.742940218078812054e-01 0.000000000000000000e+00 0.000000000000000000e+00 0.000000000000000000e+00 0.000000000000000000e+00 0.000000000000000000e+00 0.000000000000000000e+00 0.000000000000000000e+00 0.000000000000000000e+00 0.000000000000000000e+00 0.000000000000000000e+00 0.000000000000000000e+00 0.000000000000000000e+00 0.000000000000000000e+00 0.000000000000000000e+00 0.000000000000000000e+00 0.000000000000000000e+00 0.000000000000000000e+00 0.000000000000000000e+00 0.000000000000000000e+00 0.000000000000000000e+00 0.000000000000000000e+00 0.000000000000000000e+00 0.000000000000000000e+00 0.000000000000000000e+00 0.000000000000000000e+00 0.000000000000000000e+00 0.000000000000000000e+00 0.000000000000000000e+00 0.000000000000000000e+00 0.000000000000000000e+00 0.000000000000000000e+00 0.000000000000000000e+00 0.000000000000000000e+00 0.000000000000000000e+00 0.000000000000000000e+00 0.000000000000000000e+00 0.000000000000000000e+00 0.000000000000000000e+00 0.000000000000000000e+00 0.000000000000000000e+00 0.000000000000000000e+00 0.000000000000000000e+00 0.000000000000000000e+00 0.000000000000000000e+00 0.000000000000000000e+00 0.000000000000000000e+00
3.357430268174824484e+00 3.526394626560138931e+03 2.557693905832841483e+04 -5.548553887947250907e+00 4.581586355302504671e+03 2.935491461637291764e+02 1.602618608309659976e+03 -1.539196896716853871e+03 1.068279029201002459e+03 4.452960473587840170e+03 -2.674265197210384599e+02 -9.683846818731473149e+01 -3.303668830317558758e+01 4.077209449045323709e+03 -9.839664982160445561e+02 3.102983164658564874e+03 5.283381201716225405e+03 2.401105356981372552e+03 0.000000000000000000e+00 0.000000000000000000e+00 0.000000000000000000e+00 5.527935669180692932e-08 8.938032092416945621e-05 9.351917202297642135e-04 3.512553638501975106e-03 9.220059278556994378e-03 2.056128499241804616e-02 4.124750129110187069e-02 7.759672734764304358e-02 1.404867578809811113e-01 2.450277745049863898e-01 4.137336821141410215e-01 6.819086428857095150e-01 1.105995106315015741e+00 1.747280734289103243e+00 2.703591931869873122e+00 4.113884778817483934e+00 6.131743521937729646e+00 8.914287079012984449e+00 1.264910218543539600e+01 1.754979136031663245e+01 2.355829598013791681e+01 3.062436428560163293e+01 3.860192308492525370e+01 4.729291805952698979e+01 5.679777284590093700e+01 6.796574483717563453e+01 8.261274733992732422e+01 1.020922068378160219e+02 1.251327286305383666e+02 1.447635924978402784e+02 1.500803658142652637e+02 1.413849779365918948e+02 1.345891687878975347e+02 1.418231773737169590e+02 1.442145706493018338e+02 1.203125893155662141e+02 9.697106732875373325e+01 8.686995821800547901e+01 6.575786878716093042e+01 4.794402755374560599e+01 4.914102138596347480e+00 0.000000000000000000e+00 0.000000000000000000e+00 0.000000000000000000e+00 0.000000000000000000e+00 0.000000000000000000e+00 0.000000000000000000e+00 0.000000000000000000e+00 0.000000000000000000e+00 0.000000000000000000e+00 0.000000000000000000e+00 0.000000000000000000e+00 0.000000000000000000e+00 0.000000000000000000e+00 0.000000000000000000e+00 0.000000000000000000e+00 0.000000000000000000e+00 0.000000000000000000e+00 0.000000000000000000e+00 0.000000000000000000e+00 0.000000000000000000e+00 0.000000000000000000e+00 0.000000000000000000e+00 0.000000000000000000e+00 0.000000000000000000e+00 0.000000000000000000e+00 0.000000000000000000e+00 0.000000000000000000e+00 0.000000000000000000e+00 0.000000000000000000e+00 0.000000000000000000e+00 0.000000000000000000e+00 0.000000000000000000e+00 0.000000000000000000e+00 0.000000000000000000e+00 0.000000000000000000e+00 0.000000000000000000e+00 0.000000000000000000e+00 0.000000000000000000e+00 0.000000000000000000e+00 0.000000000000000000e+00 0.000000000000000000e+00 0.000000000000000000e+00 0.000000000000000000e+00 0.000000000000000000e+00 0.000000000000000000e+00 0.000000000000000000e+00
-6.321660857955531485e-04 -6.798930806038602226e-01 -5.548553887947250907e+00 3.159487618965109521e-03 -9.939101284444780138e-01 -2.609509680635609397e-01 -4.346442904399480667e-01 3.764652087290057958e-01 1.957745551174170096e-01 -6.979813914065391423e-01 -1.198934757161715797e-01 8.244325671160006308e-02 1.704945108313649788e-02 -4.209222831822130306e-01 1.897099118301671661e-01 -5.982588468663685433e-01 -1.018642183204367280e+00 -6.512009337377394624e-01 0.000000000000000000e+00 0.000000000000000000e+00 0.000000000000000000e+00 -1.071962024610204538e-14 -1.827511897663325964e-11 -2.103262314156934787e-10 -9.025481054489145234e-10 -2.791767510934308815e-09 -7.532238897014914546e-09 -1.851814216823136074e-08 -4.305753371635049478e-08 -9.741189096553593736e-08 -2.131025671343037873e-07 -4.517246226617219993e-07 -9.351460531945476210e-07 -1.918371923563775845e-06 -3.821983011717764171e-06 -7.454322762086355137e-06 -1.434153135726341112e-05 -2.709302902395100071e-05 -4.985367100637029840e-05 -8.954894875886794110e-05 -1.583407647270376132e-04 -2.705203754218950740e-04 -4.477743858069100865e-04 -7.202636508198423122e-04 -1.130286353509992641e-03 -1.733351894151375500e-03 -2.644543214640251820e-03 -4.107489065777205489e-03 -6.460527299587751938e-03 -1.003758259913616578e-02 -1.469329376643264441e-02 -1.933249649301111567e-02 -2.299098953110204763e-02 -2.756283808052675116e-02 -3.636028818610657909e-02 -4.567539396701458809e-02 -4.652292886647575038e-02 -4.544640859396982535e-02 -4.831093416758500125e-02 -4.201293013378605556e-02 -3.408404252319299083e-02 -3.633662036191679170e-03 0.000000000000000000e+00 0.000000000000000000e+00 0.000000000000000000e+00 0.000000000000000000e+00 0.000000000000000000e+00 0.000000000000000000e+00 0.000000000000000000e+00 0.000000000000000000e+00 0.000000000000000000e+00 0.000000000000000000e+00 0.000000000000000000e+00 0.000000000000000000e+00 0.000000000000000000e+00 0.000000000000000000e+00 0.000000000000000000e+00 0.000000000000000000e+00 0.000000000000000000e+00 0.000000000000000000e+00 0.000000000000000000e+00 0.000000000000000000e+00 0.000000000000000000e+00 0.000000000000000000e+00 0.000000000000000000e+00 0.000000000000000000e+00 0.000000000000000000e+00 0.000000000000000000e+00 0.000000000000000000e+00 0.000000000000000000e+00 0.000000000000000000e+00 0.000000000000000000e+00 0.000000000000000000e+00 0.000000000000000000e+00 0.000000000000000000e+00 0.000000000000000000e+00 0.000000000000000000e+00 0.000000000000000000e+00 0.000000000000000000e+00 0.000000000000000000e+00 0.000000000000000000e+00 0.000000000000000000e+00 0.000000000000000000e+00 0.000000000000000000e+00 0.000000000000000000e+00 0.000000000000000000e+00 0.000000000000000000e+00 0.000000000000000000e+00
6.014150743554496081e-01 6.316815889350565385e+02 4.581586355302504671e+03 -9.939101284444780138e-01 8.206976402932382371e+02 5.258333530870678629e+01 2.870763984635032102e+02 -2.757156938928397949e+02 1.913603739947681390e+02 7.976569401039490685e+02 -4.790400020134471504e+01 -1.734663414975479157e+01 -5.917848105632671718e+00 7.303488168328667598e+02 -1.762575057171851256e+02 5.558360715295926866e+02 9.464098564899505845e+02 4.301089945165850281e+02 0.000000000000000000e+00 0.000000000000000000e+00 0.000000000000000000e+00 9.902167955731724414e-09 1.601065936173430064e-05 1.675205002140936386e-04 6.292022585551948705e-04 1.651585347620473107e-03 3.683134348246959282e-03 7.388647588934184329e-03 1.389986919159218702e-02 2.516533395729393663e-02 4.389172237467706822e-02 7.411194077525780355e-02 1.221500089077585810e-01 1.981164390534927433e-01 3.129896643552891877e-01 4.842932876804721398e-01 7.369184532571924073e-01 1.098376642734999020e+00 1.596812501891480274e+00 2.265828363881060792e+00 3.143686758273387838e+00 4.219987668212857201e+00 5.485729517154179113e+00 6.914746275580688994e+00 8.471560556555871813e+00 1.017416120392310397e+01 1.217467533796152068e+01 1.479838674688546973e+01 1.828773414849072410e+01 2.241497314389400941e+01 2.593144154662670786e+01 2.688383291860513324e+01 2.532623173874699418e+01 2.410890129909227042e+01 2.540472621994571512e+01 2.583309549339920963e+01 2.155154361208926161e+01 1.737038657829033994e+01 1.556097914412925753e+01 1.177917942807653517e+01 8.588193526893613594e+00 8.802610529513039683e-01 0.000000000000000000e+00 0.000000000000000000e+00 0.000000000000000000e+00 0.000000000000000000e+00 0.000000000000000000e+00 0.000000000000000000e+00 0.000000000000000000e+00 0.000000000000000000e+00 0.000000000000000000e+00 0.000000000000000000e+00 0.000000000000000000e+00 0.000000000000000000e+00 0.000000000000000000e+00 0.000000000000000000e+00 0.000000000000000000e+00 0.000000000000000000e+00 0.000000000000000000e+00 0.000000000000000000e+00 0.000000000000000000e+00 0.000000000000000000e+00 0.000000000000000000e+00 0.000000000000000000e+00 0.000000000000000000e+00 0.000000000000000000e+00 0.000000000000000000e+00 0.000000000000000000e+00 0.000000000000000000e+00 0.000000000000000000e+00 0.000000000000000000e+00 0.000000000000000000e+00 0.000000000000000000e+00 0.000000000000000000e+00 0.000000000000000000e+00 0.000000000000000000e+00 0.000000000000000000e+00 0.000000000000000000e+00 0.000000000000000000e+00 0.000000000000000000e+00 0.000000000000000000e+00 0.000000000000000000e+00 0.000000000000000000e+00 0.000000000000000000e+00 0.000000000000000000e+00 0.000000000000000000e+00 0.000000000000000000e+00 0.000000000000000000e+00
1.868007245857124521e-01 4.426056371380528986e+01 2.935491461637291764e+02 -2.609509680635609397e-01 5.258333530870678629e+01 5.656609004269311924e+01 1.452238739914013443e+01 -1.105695581953916484e+00 -2.666827029427095042e+01 2.187358782527433121e+01 2.286674778432849209e+01 -1.188182527744739936e+01 -1.928305380908364342e+00 -3.166455915611800265e+01 -1.234998248877873195e+01 3.894623223045381621e+01 6.631289321439028583e+01 2.175800405625676603e+01 0.000000000000000000e+00 0.000000000000000000e+00 0.000000000000000000e+00 -1.407599449132896972e-08 -2.223538739309126533e-05 -2.255600714774016362e-04 -8.177888046429903236e-04 -2.066440236515579808e-03 -4.423882910651202524e-03 -8.507941316381538790e-03 -1.531927903703060243e-02 -2.646994408775666524e-02 -4.396502923495036741e-02 -7.055008075272668766e-02 -1.102187068878407034e-01 -1.687224460236576851e-01 -2.509302046352808180e-01 -3.642166165400766986e-01 -5.172407485592190879e-01 -7.156652939371140887e-01 -9.609366966226179363e-01 -1.251195158918326999e+00 -1.576834669436869341e+00 -1.906187511299865855e+00 -2.205524117636374903e+00 -2.434716734882573785e+00 -2.555665694351727524e+00 -2.562358015971048619e+00 -2.459454414602555872e+00 -2.239587509698758971e+00 -1.848882160974171684e+00 -1.152283792533342455e+00 -4.994628062842336458e-02 1.294902267645059446e+00 2.473065414202221035e+00 3.567793244578465917e+00 5.050460360925732139e+00 6.413360703143575314e+00 6.401858503142293877e+00 6.040250986554810630e+00 6.199284923761518407e+00 5.265969728239004333e+00 4.267674763400552074e+00 4.593828073595743189e-01 0.000000000000000000e+00 0.000000000000000000e+00 0.000000000000000000e+00 0.000000000000000000e+00 0.000000000000000000e+00 0.000000000000000000e+00 0.000000000000000000e+00 0.000000000000000000e+00 0.000000000000000000e+00 0.000000000000000000e+00 0.000000000000000000e+00 0.000000000000000000e+00 0.000000000000000000e+00 0.000000000000000000e+00 0.000000000000000000e+00 0.000000000000000000e+00 0.000000000000000000e+00 0.000000000000000000e+00 0.000000000000000000e+00 0.000000000000000000e+00 0.000000000000000000e+00 0.000000000000000000e+00 0.000000000000000000e+00 0.000000000000000000e+00 0.000000000000000000e+00 0.000000000000000000e+00 0.000000000000000000e+00 0.000000000000000000e+00 0.000000000000000000e+00 0.000000000000000000e+00 0.000000000000000000e+00 0.000000000000000000e+00 0.000000000000000000e+00 0.000000000000000000e+00 0.000000000000000000e+00 0.000000000000000000e+00 0.000000000000000000e+00 0.000000000000000000e+00 0.000000000000000000e+00 0.000000000000000000e+00 0.000000000000000000e+00 0.000000000000000000e+00 0.000000000000000000e+00 0.000000000000000000e+00 0.000000000000000000e+00 0.000000000000000000e+00
2.172583220724013109e-01 1.979886785728959637e+02 1.602618608309659976e+03 -4.346442904399480667e-01 2.870763984635032102e+02 1.452238739914013443e+01 1.238937116095521134e+02 -1.165405780915646829e+02 3.126581253039605812e+01 2.553397556204945147e+02 -1.127441078095734284e+01 -5.976222089576937790e+00 -2.199664239143597211e+00 2.461422449161311761e+02 -5.524459040247239727e+01 1.742163318244311938e+02 2.966343172842954345e+02 1.856223639857556691e+02 0.000000000000000000e+00 0.000000000000000000e+00 0.000000000000000000e+00 5.417941401611068700e-09 8.284000330155298346e-06 8.144356850197702010e-05 2.889641800750951416e-04 7.238304739567721175e-04 1.555145797738863864e-03 3.031678640407676865e-03 5.577043456878896972e-03 9.916564639491162389e-03 1.703558285251590559e-02 2.840651077668114241e-02 4.629346498923306991e-02 7.434439676832417521e-02 1.163899556631201454e-01 1.786704131917318528e-01 2.699459755202711086e-01 4.000193763022236171e-01 5.789593129672873095e-01 8.190075828483122100e-01 1.134334109020060710e+00 1.522734359759334799e+00 1.982882861425127707e+00 2.505977029925899657e+00 3.081245441711440769e+00 3.713672208197807745e+00 4.455862103193870993e+00 5.422979380042392883e+00 6.698560061131516363e+00 8.199038983197752373e+00 9.468647974636603237e+00 9.797549934162844920e+00 9.193614301546960021e+00 8.674971564919463418e+00 9.001781380154181278e+00 8.962156350449973274e+00 7.270365782311331238e+00 5.623816109636798011e+00 4.752400938550263021e+00 3.330330067192596832e+00 2.179508157252317613e+00 2.090172354075947314e-01 0.000000000000000000e+00 0.000000000000000000e+00 0.000000000000000000e+00 0.000000000000000000e+00 0.000000000000000000e+00 0.000000000000000000e+00 0.000000000000000000e+00 0.000000000000000000e+00 0.000000000000000000e+00 0.000000000000000000e+00 0.000000000000000000e+00 0.000000000000000000e+00 0.000000000000000000e+00 0.000000000000000000e+00 0.000000000000000000e+00 0.000000000000000000e+00 0.000000000000000000e+00 0.000000000000000000e+00 0.000000000000000000e+00 0.000000000000000000e+00 0.000000000000000000e+00 0.000000000000000000e+00 0.000000000000000000e+00 0.000000000000000000e+00 0.000000000000000000e+00 0.000000000000000000e+00 0.000000000000000000e+00 0.000000000000000000e+00 0.000000000000000000e+00 0.000000000000000000e+00 0.000000000000000000e+00 0.000000000000000000e+00 0.000000000000000000e+00 0.000000000000000000e+00 0.000000000000000000e+00 0.000000000000000000e+00 0.000000000000000000e+00 0.000000000000000000e+00 0.000000000000000000e+00 0.000000000000000000e+00 0.000000000000000000e+00 0.000000000000000000e+00 0.000000000000000000e+00 0.000000000000000000e+00 0.000000000000000000e+00 0.000000000000000000e+00
-2.102349785276892147e-01 -1.925510032055173895e+02 -1.539196896716853871e+03 3.764652087290057958e-01 -2.757156938928397949e+02 -1.105695581953916484e+00 -1.165405780915646829e+02 1.221540308180964018e+02 -3.027124800530838300e+01 -2.543179162369197002e+02 1.396955202782433858e+01 4.387967611209627528e+00 1.992318528992606863e+00 -2.548453342160241846e+02 5.372732107890430342e+01 -1.694315539119508855e+02 -2.884873811471259728e+02 -1.746056141557627654e+02 -0.000000000000000000e+00 -0.000000000000000000e+00 -0.000000000000000000e+00 -6.760845266940194494e-09 -1.045180455329731145e-05 -1.058479036364459215e-04 -3.912035099109535371e-04 -1.021562823586359648e-03 -2.278458816231322247e-03 -4.575072563447209369e-03 -8.615083135330756092e-03 -1.559011142647566926e-02 -2.710547897850945978e-02 -4.553677449732949217e-02 -7.448749848461842793e-02 -1.195644848666448379e-01 -1.861510777895957480e-01 -2.831223516300914178e-01 -4.215658029099539350e-01 -6.105286650070186338e-01 -8.581859480925793093e-01 -1.169537311911379662e+00 -1.546665019022692933e+00 -1.965016776016870637e+00 -2.413782670506932515e+00 -2.882704689474579585e+00 -3.456056831694290565e+00 -4.409127384960605411e+00 -5.155107851920704753e+00 -6.088994268016262090e+00 -7.293638618740667212e+00 -8.602278429568407603e+00 -9.526200157787895861e+00 -9.455674738496712806e+00 -8.487376747260388044e+00 -7.717098485979067668e+00 -7.863376407580945582e+00 -7.748303956136996185e+00 -5.749987726684286038e+00 -3.973845457811405524e+00 -3.510346682593936229e+00 -2.071003922054948987e+00 -1.128354344504547635e+00 -1.201488354702822392e-01 -0.000000000000000000e+00 -0.000000000000000000e+00 -0.000000000000000000e+00 -0.000000000000000000e+00 -0.000000000000000000e+00 -0.000000000000000000e+00 -0.000000000000000000e+00 -0.000000000000000000e+00 -0.000000000000000000e+00 -0.000000000000000000e+00 -0.000000000000000000e+00 -0.000000000000000000e+00 -0.000000000000000000e+00 -0.000000000000000000e+00 -0.000000000000000000e+00 -0.000000000000000000e+00 -0.000000000000000000e+00 -0.000000000000000000e+00 -0.000000000000000000e+00 -0.000000000000000000e+00 -0.000000000000000000e+00 -0.000000000000000000e+00 -0.000000000000000000e+00 -0.000000000000000000e+00 -0.000000000000000000e+00 -0.000000000000000000e+00 -0.000000000000000000e+00 -0.000000000000000000e+00 -0.000000000000000000e+00 -0.000000000000000000e+00 -0.000000000000000000e+00 -0.000000000000000000e+00 -0.000000000000000000e+00 -0.000000000000000000e+00 -0.000000000000000000e+00 -0.000000000000000000e+00 -0.000000000000000000e+00 -0.000000000000000000e+00 -0.000000000000000000e+00 -0.000000000000000000e+00 -0.000000000000000000e+00 -0.000000000000000000e+00 -0.000000000000000000e+00 -0.000000000000000000e+00 -0.000000000000000000e+00 -0.000000000000000000e+00
1.187425298156471604e-01 1.821918704994684504e+02 1.068279029201002459e+03 1.957745551174170096e-01 1.913603739947681390e+02 -2.666827029427095042e+01 3.126581253039605812e+01 -3.027124800530838300e+01 1.712421624956938899e+02 2.583987527132582045e+02 -5.420245953544573325e+01 9.103696494693672037e+00 9.289021809898483362e-01 2.696131361536702116e+02 -5.083682225141791378e+01 1.603162342182246505e+02 2.729669267450582879e+02 4.684365298634027397e+01 0.000000000000000000e+00 0.000000000000000000e+00 0.000000000000000000e+00 9.287174621065302541e-09 1.560237312610335584e-05 1.666376010055597425e-04 6.283741349141229622e-04 1.636602953013088389e-03 3.598900861970766828e-03 7.091626870648288887e-03 1.309318899090355405e-02 2.323211242601969442e-02 3.962553895554243866e-02 6.540180219991115207e-02 1.051842805066818126e-01 1.661428170712098418e-01 2.546392399367173875e-01 3.815765283904010152e-01 5.597149803541309199e-01 7.979417911759161264e-01 1.103288406897077190e+00 1.475924209619721372e+00 1.908618628893952618e+00 2.358942766770818267e+00 2.802808209574263021e+00 3.217652900690053386e+00 3.741063092284882430e+00 4.828802213786380193e+00 5.456007556216424526e+00 6.181774369566140237e+00 7.057333497293480917e+00 7.822243112353399752e+00 7.974395654711170955e+00 7.097669224280712008e+00 5.502838857829368990e+00 4.192847517852409389e+00 3.552794219574418211e+00 2.792009853546010056e+00 9.395302195432615466e-01 -3.400220242679238836e-01 -4.634134385491773256e-01 -9.055693030939097055e-01 -8.365389878728701767e-01 -6.952076606753244958e-02 0.000000000000000000e+00 0.000000000000000000e+00 0.000000000000000000e+00 0.000000000000000000e+00 0.000000000000000000e+00 0.000000000000000000e+00 0.000000000000000000e+00 0.000000000000000000e+00 0.000000000000000000e+00 0.000000000000000000e+00 0.000000000000000000e+00 0.000000000000000000e+00 0.000000000000000000e+00 0.000000000000000000e+00 0.000000000000000000e+00 0.000000000000000000e+00 0.000000000000000000e+00 0.000000000000000000e+00 0.000000000000000000e+00 0.000000000000000000e+00 0.000000000000000000e+00 0.000000000000000000e+00 0.000000000000000000e+00 0.000000000000000000e+00 0.000000000000000000e+00 0.000000000000000000e+00 0.000000000000000000e+00 0.000000000000000000e+00 0.000000000000000000e+00 0.000000000000000000e+00 0.000000000000000000e+00 0.000000000000000000e+00 0.000000000000000000e+00 0.000000000000000000e+00 0.000000000000000000e+00 0.000000000000000000e+00 0.000000000000000000e+00 0.000000000000000000e+00 0.000000000000000000e+00 0.000000000000000000e+00 0.000000000000000000e+00 0.000000000000000000e+00 0.000000000000000000e+00 0.000000000000000000e+00 0.000000000000000000e+00 0.000000000000000000e+00
5.732521824895344675e-01 6.371152839353022728e+02 4.452960473587840170e+03 -6.979813914065391423e-01 7.976569401039490685e+02 2.187358782527433121e+01 2.553397556204945147e+02 -2.543179162369197002e+02 2.583987527132582045e+02 8.232254231524038914e+02 -7.246129804765926963e+01 -8.891482613770191890e+00 -4.415301054530972991e+00 7.769217229272386476e+02 -1.777736644027436057e+02 5.606173469945281340e+02 9.545508290867022652e+02 3.825599252946028628e+02 0.000000000000000000e+00 0.000000000000000000e+00 0.000000000000000000e+00 1.419825761433408235e-08 2.331392957040629121e-05 2.474335366266773670e-04 9.395710476332124177e-04 2.482893251245980957e-03 5.556187044173084219e-03 1.114939007374804794e-02 2.094637660512707264e-02 3.780570744419032431e-02 6.560343542446200882e-02 1.100862133383036373e-01 1.800654600469486222e-01 2.893813132773142560e-01 4.519160519671610032e-01 6.903252282873216794e-01 1.034363891633958810e+00 1.511821934734561168e+00 2.149249325818362255e+00 2.970486602843787516e+00 3.996036256576325219e+00 5.178733100722592297e+00 6.491255152126151451e+00 7.898061887727798158e+00 9.507766631858011408e+00 1.176621145006161484e+01 1.381438060926122624e+01 1.642299498794634971e+01 1.982680495378178520e+01 2.363426190532351612e+01 2.648590090733074831e+01 2.655712870164011008e+01 2.412302721454571497e+01 2.221381254743117850e+01 2.286824864204452012e+01 2.279330603611415640e+01 1.794077572362552075e+01 1.360215929559293357e+01 1.228961892520966614e+01 8.811216615736780611e+00 6.261845467298270407e+00 6.648620069036997871e-01 0.000000000000000000e+00 0.000000000000000000e+00 0.000000000000000000e+00 0.000000000000000000e+00 0.000000000000000000e+00 0.000000000000000000e+00 0.000000000000000000e+00 0.000000000000000000e+00 0.000000000000000000e+00 0.000000000000000000e+00 0.000000000000000000e+00 0.000000000000000000e+00 0.000000000000000000e+00 0.000000000000000000e+00 0.000000000000000000e+00 0.000000000000000000e+00 0.000000000000000000e+00 0.000000000000000000e+00 0.000000000000000000e+00 0.000000000000000000e+00 0.000000000000000000e+00 0.000000000000000000e+00 0.000000000000000000e+00 0.000000000000000000e+00 0.000000000000000000e+00 0.000000000000000000e+00 0.000000000000000000e+00 0.000000000000000000e+00 0.000000000000000000e+00 0.000000000000000000e+00 0.000000000000000000e+00 0.000000000000000000e+00 0.000000000000000000e+00 0.000000000000000000e+00 0.000000000000000000e+00 0.000000000000000000e+00 0.000000000000000000e+00 0.000000000000000000e+00 0.000000000000000000e+00 0.000000000000000000e+00 0.000000000000000000e+00 0.000000000000000000e+00 0.000000000000000000e+00 0.000000000000000000e+00 0.000000000000000000e+00 0.000000000000000000e+00
-2.882809980328990274e-02 -4.223544580685670979e+01 -2.674265197210384599e+02 -1.198934757161715797e-01 -4.790400020134471504e+01 2.286674778432849209e+01 -1.127441078095734284e+01 1.396955202782433858e+01 -5.420245953544573325e+01 -7.246129804765926963e+01 2.218192434279932357e+01 -6.030249570778342338e+00 -7.693598803422195820e-01 -9.312266755381551775e+01 1.178491578853861910e+01 -3.716426865655858336e+01 -6.327878302143439271e+01 -1.689175951321194802e+01 0.000000000000000000e+00 0.000000000000000000e+00 0.000000000000000000e+00 -5.668892088976601247e-09 -9.183850473266076428e-06 -9.538868507880245932e-05 -3.535409750878412607e-04 -9.121204268052894495e-04 -1.995901235357395043e-03 -3.922412328413948067e-03 -7.230957717065353806e-03 -1.281445561167478958e-02 -2.181899938626583046e-02 -3.593453078402565615e-02 -5.761878108892912187e-02 -9.064354479831050748e-02 -1.381238708063913245e-01 -2.055293490545810897e-01 -2.987245157000197326e-01 -4.205130219270067360e-01 -5.723736469615290368e-01 -7.503822208865467136e-01 -9.451813626673810642e-01 -1.129302723219891558e+00 -1.289006022025230180e+00 -1.414166594820786882e+00 -1.608940184901510140e+00 -2.191878252037181785e+00 -2.423529623943435407e+00 -2.662431028007167910e+00 -2.920314397634427017e+00 -3.048739004088611093e+00 -2.841862488552293176e+00 -2.215486172850988034e+00 -1.345549149912008913e+00 -6.190847205964959965e-01 -9.867442122518584047e-02 4.354182002408211183e-01 1.347122430942303772e+00 1.912517365760849408e+00 1.872637336794348961e+00 1.956189891738771225e+00 1.701807189290198696e+00 1.680039381581456825e-01 0.000000000000000000e+00 0.000000000000000000e+00 0.000000000000000000e+00 0.000000000000000000e+00 0.000000000000000000e+00 0.000000000000000000e+00 0.000000000000000000e+00 0.000000000000000000e+00 0.000000000000000000e+00 0.000000000000000000e+00 0.000000000000000000e+00 0.000000000000000000e+00 0.000000000000000000e+00 0.000000000000000000e+00 0.000000000000000000e+00 0.000000000000000000e+00 0.000000000000000000e+00 0.000000000000000000e+00 0.000000000000000000e+00 0.000000000000000000e+00 0.000000000000000000e+00 0.000000000000000000e+00 0.000000000000000000e+00 0.000000000000000000e+00 0.000000000000000000e+00 0.000000000000000000e+00 0.000000000000000000e+00 0.000000000000000000e+00 0.000000000000000000e+00 0.000000000000000000e+00 0.000000000000000000e+00 0.000000000000000000e+00 0.000000000000000000e+00 0.000000000000000000e+00 0.000000000000000000e+00 0.000000000000000000e+00 0.000000000000000000e+00 0.000000000000000000e+00 0.000000000000000000e+00 0.000000000000000000e+00 0.000000000000000000e+00 0.000000000000000000e+00 0.000000000000000000e+00 0.000000000000000000e+00 0.000000000000000000e+00 0.000000000000000000e+00
-1.441764179223306401e-02 -1.344109047980617788e+01 -9.683846818731473149e+01 8.244325671160006308e-02 -1.734663414975479512e+01 -1.188182527744739936e+01 -5.976222089576937790e+00 4.387967611209627528e+00 9.103696494693672037e+00 -8.891482613770181231e+00 -6.030249570778345003e+00 3.133962072163403612e+00 5.463014327377175849e-01 3.695422184421421008e+00 3.750454538470345600e+00 -1.182722919305691356e+01 -2.013796307330662216e+01 -8.953807724052692762e+00 0.000000000000000000e+00 0.000000000000000000e+00 0.000000000000000000e+00 1.991912206119715725e-09 3.180668970907170362e-06 3.254557611346109658e-05 1.190645565979154462e-04 3.038731330495522470e-04 6.588961120302126500e-04 1.284450176387184287e-03 2.350845911028346790e-03 4.136695803707493915e-03 6.989630643261270787e-03 1.142057931514391979e-02 1.814982036117972208e-02 2.826541498002961908e-02 4.254036732091887735e-02 6.241755408283177625e-02 8.915879084465214155e-02 1.226512157438511830e-01 1.622135211750757589e-01 2.047087762345323469e-01 2.445856740933456119e-01 2.711639672017598923e-01 2.794251061303972827e-01 2.665842548629533959e-01 2.773838920828442522e-01 4.419614542069643104e-01 4.491276595734317589e-01 4.317116272689812684e-01 3.836109938213526083e-01 2.545098792867438453e-01 1.611591969971319996e-02 -2.791995863213152518e-01 -5.643007160296077407e-01 -8.086841005108507119e-01 -1.083408293336355133e+00 -1.328939987839400594e+00 -1.523901467156044243e+00 -1.583255651105681894e+00 -1.500825505063655196e+00 -1.379795379132352950e+00 -1.140786544820796111e+00 -1.152943460683292232e-01 0.000000000000000000e+00 0.000000000000000000e+00 0.000000000000000000e+00 0.000000000000000000e+00 0.000000000000000000e+00 0.000000000000000000e+00 0.000000000000000000e+00 0.000000000000000000e+00 0.000000000000000000e+00 0.000000000000000000e+00 0.000000000000000000e+00 0.000000000000000000e+00 0.000000000000000000e+00 0.000000000000000000e+00 0.000000000000000000e+00 0.000000000000000000e+00 0.000000000000000000e+00 0.000000000000000000e+00 0.000000000000000000e+00 0.000000000000000000e+00 0.000000000000000000e+00 0.000000000000000000e+00 0.000000000000000000e+00 0.000000000000000000e+00 0.000000000000000000e+00 0.000000000000000000e+00 0.000000000000000000e+00 0.000000000000000000e+00 0.000000000000000000e+00 0.000000000000000000e+00 0.000000000000000000e+00 0.000000000000000000e+00 0.000000000000000000e+00 0.000000000000000000e+00 0.000000000000000000e+00 0.000000000000000000e+00 0.000000000000000000e+00 0.000000000000000000e+00 0.000000000000000000e+00 0.000000000000000000e+00 0.000000000000000000e+00 0.000000000000000000e+00 0.000000000000000000e+00 0.000000000000000000e+00 0.000000000000000000e+00 0.000000000000000000e+00
-4.665956341779977333e-03 -4.428060858748624540e+00 -3.303668830317558758e+01 1.704945108313649788e-02 -5.917848105632672606e+00 -1.928305380908364342e+00 -2.199664239143597211e+00 1.992318528992606863e+00 9.289021809898483362e-01 -4.415301054530972991e+00 -7.693598803422198040e-01 5.463014327377176960e-01 1.085353415676117289e-01 -2.362723401286583425e+00 1.235557559058716004e+00 -3.896387033173188907e+00 -6.634292522158514949e+00 -3.295622277678885936e+00 0.000000000000000000e+00 0.000000000000000000e+00 0.000000000000000000e+00 2.462469181067853407e-10 3.954256954385670203e-07 4.046088465773366577e-06 1.473297976451097780e-05 3.731794416563630109e-05 8.020487107147821946e-05 1.548975307032164845e-04 2.809042737308182916e-04 4.896904575778050555e-04 8.191972535226072286e-04 1.325000600305780351e-03 2.082568152986003559e-03 3.203976953605697318e-03 4.752859358233010000e-03 6.861250497545613378e-03 9.606288707532249088e-03 1.286492988295522867e-02 1.643203768180645508e-02 1.974010483350393044e-02 2.186432295640584889e-02 2.135582478604017981e-02 1.753307076880259927e-02 1.007492742114667918e-02 5.300088885261027352e-03 2.119792181709176035e-02 1.393484931666999840e-02 5.847246700504442818e-04 -2.076758857618726112e-02 -5.634176678996159759e-02 -1.051270475829157863e-01 -1.517373672861279943e-01 -1.865581490879900939e-01 -2.170928085637895966e-01 -2.628476648109980274e-01 -3.009861739151257209e-01 -3.102412574709602633e-01 -3.002585618882827045e-01 -2.818386843281386334e-01 -2.467970193206422136e-01 -1.980714166579796154e-01 -2.010296430837450396e-02 0.000000000000000000e+00 0.000000000000000000e+00 0.000000000000000000e+00 0.000000000000000000e+00 0.000000000000000000e+00 0.000000000000000000e+00 0.000000000000000000e+00 0.000000000000000000e+00 0.000000000000000000e+00 0.000000000000000000e+00 0.000000000000000000e+00 0.000000000000000000e+00 0.000000000000000000e+00 0.000000000000000000e+00 0.000000000000000000e+00 0.000000000000000000e+00 0.000000000000000000e+00 0.000000000000000000e+00 0.000000000000000000e+00 0.000000000000000000e+00 0.000000000000000000e+00 0.000000000000000000e+00 0.000000000000000000e+00 0.000000000000000000e+00 0.000000000000000000e+00 0.000000000000000000e+00 0.000000000000000000e+00 0.000000000000000000e+00 0.000000000000000000e+00 0.000000000000000000e+00 0.000000000000000000e+00 0.000000000000000000e+00 0.000000000000000000e+00 0.000000000000000000e+00 0.000000000000000000e+00 0.000000000000000000e+00 0.000000000000000000e+00 0.000000000000000000e+00 0.000000000000000000e+00 0.000000000000000000e+00 0.000000000000000000e+00 0.000000000000000000e+00 0.000000000000000000e+00 0.000000000000000000e+00 0.000000000000000000e+00 0.000000000000000000e+00
5.226359397618604019e-01 5.712709860014803098e+02 4.077209449045323709e+03 -4.209222831822130306e-01 7.303488168328667598e+02 -3.166455915611799909e+01 2.461422449161311761e+02 -2.548453342160241846e+02 2.696131361536702116e+02 7.769217229272387613e+02 -9.312266755381554617e+01 3.695422184421420120e+00 -2.362723401286584313e+00 7.919973949159459607e+02 -1.594011933306005631e+02 5.026789227357796790e+02 8.559003481327026748e+02 3.687798580292955535e+02 0.000000000000000000e+00 0.000000000000000000e+00 0.000000000000000000e+00 2.370250586776003696e-08 3.821231106989759601e-05 3.978649654382166736e-04 1.486228483277809726e-03 3.875627121619207305e-03 8.579354189058202226e-03 1.705703640575620406e-02 3.179052596671828185e-02 5.694691341011406949e-02 9.804320377668523934e-02 1.632377050083136383e-01 2.647518836800540898e-01 4.215715344403999087e-01 6.512672055357936474e-01 9.833289743588262688e-01 1.453513187704625231e+00 2.089073610027726069e+00 2.913376956777282700e+00 3.935505185071803247e+00 5.150034830468692704e+00 6.459916787441061459e+00 7.815603543716310497e+00 9.170451117951980535e+00 1.084742608849925993e+01 1.390950314146138389e+01 1.602356041231020001e+01 1.859520028558371862e+01 2.183598203268592641e+01 2.512171346341661859e+01 2.695241169291458760e+01 2.572185552472300429e+01 2.199338020236131541e+01 1.897530337604358763e+01 1.842773198146853630e+01 1.726434894986584467e+01 1.138396156664238390e+01 6.620066039562541249e+00 5.642329642020307290e+00 2.531715627445444206e+00 9.466859338142781244e-01 1.254614566769133854e-01 0.000000000000000000e+00 0.000000000000000000e+00 0.000000000000000000e+00 0.000000000000000000e+00 0.000000000000000000e+00 0.000000000000000000e+00 0.000000000000000000e+00 0.000000000000000000e+00 0.000000000000000000e+00 0.000000000000000000e+00 0.000000000000000000e+00 0.000000000000000000e+00 0.000000000000000000e+00 0.000000000000000000e+00 0.000000000000000000e+00 0.000000000000000000e+00 0.000000000000000000e+00 0.000000000000000000e+00 0.000000000000000000e+00 0.000000000000000000e+00 0.000000000000000000e+00 0.000000000000000000e+00 0.000000000000000000e+00 0.000000000000000000e+00 0.000000000000000000e+00 0.000000000000000000e+00 0.000000000000000000e+00 0.000000000000000000e+00 0.000000000000000000e+00 0.000000000000000000e+00 0.000000000000000000e+00 0.000000000000000000e+00 0.000000000000000000e+00 0.000000000000000000e+00 0.000000000000000000e+00 0.000000000000000000e+00 0.000000000000000000e+00 0.000000000000000000e+00 0.000000000000000000e+00 0.000000000000000000e+00 0.000000000000000000e+00 0.000000000000000000e+00 0.000000000000000000e+00 0.000000000000000000e+00 0.000000000000000000e+00 0.000000000000000000e+00
