5.031694201129935706e+00 -3.577820056424651796e+01 -2.562738533499627351e+02 1.615506270504488695e-01 -4.081900449499121208e+01 -2.039960249779784718e+01 -1.108954455839706377e+01 -1.979581709750482810e-01 7.679177481522544646e+00 -5.148830285187862188e+01 -1.595893084915898363e+01
-3.577820056424651796e+01 3.628492952587229229e+04 2.538139395536113007e+05 -9.265434604431516163e+01 4.042719225586496759e+04 1.503986812285278029e+04 1.009745253487995797e+04 7.155550784688301974e+03 5.245638979501918584e+03 5.221753500521610840e+04 1.453121414574187656e+04
-2.562738533499627351e+02 2.538139395536113007e+05 1.841903988467211369e+06 -7.846571175314912807e+02 2.933763480034560780e+05 1.084589434843119088e+05 8.317534738560413825e+04 6.250128253025151207e+04 1.688333160382198184e+04 3.652628914161821012e+05 1.196973969752910780e+05
1.615506270504488695e-01 -9.265434604431516163e+01 -7.846571175314912807e+02 6.350816496884305051e-01 -1.249792828603809909e+02 -5.274667330794879661e+01 -5.155004842934246057e+01 -4.387824800766581035e+01 4.323473233794612014e+01 -1.333385959728724117e+02 -7.418552257240644110e+01
-4.081900449499121208e+01 4.042719225586496759e+04 2.933763480034560780e+05 -1.249792828603809909e+02 4.672864715357401292e+04 1.727521572621161249e+04 1.324807363070745487e+04 9.955132367956111921e+03 2.689157632034087328e+03 5.817865307628655864e+04 1.906526366738248544e+04
-2.039960249779784718e+01 1.503986812285278029e+04 1.084589434843119088e+05 -5.274667330794879661e+01 1.727521572621161249e+04 7.214393189013990195e+03 4.799523693432346590e+03 3.353874085621985159e+03 2.093212893695288130e+02 2.164382983351045550e+04 6.906980384004006737e+03
-1.108954455839706377e+01 1.009745253487995797e+04 8.317534738560413825e+04 -5.155004842934246057e+01 1.324807363070745487e+04 4.799523693432346590e+03 5.177007100572862328e+03 4.340326509952835295e+03 -2.278575467553378530e+03 1.453121414574187656e+04 7.450215641280538875e+03
-1.979581709750482810e-01 7.155550784688301974e+03 6.250128253025151207e+04 -4.387824800766581035e+01 9.955132367956111921e+03 3.353874085621985159e+03 4.340326509952835295e+03 4.439089156052792532e+03 -3.227941394391361428e+03 1.029753201848283425e+04 6.246151072332314470e+03
7.679177481522544646e+00 5.245638979501918584e+03 1.688333160382198184e+04 4.323473233794612014e+01 2.689157632034087328e+03 2.093212893695288130e+02 -2.278575467553378530e+03 -3.227941394391361428e+03 9.355017606934587093e+03 7.548983575717245913e+03 -3.279091231365287513e+03
-5.148830285187862188e+01 5.221753500521610840e+04 3.652628914161821012e+05 -1.333385959728724117e+02 5.817865307628655864e+04 2.164382983351045550e+04 1.453121414574187656e+04 1.029753201848283425e+04 7.548983575717245913e+03 7.514610053401836194e+04 2.091182739606897303e+04
-1.595893084915898363e+01 1.453121414574187656e+04 1.196973969752910780e+05 -7.418552257240644110e+01 1.906526366738248544e+04 6.906980384004006737e+03 7.450215641280538875e+03 6.246151072332314470e+03 -3.279091231365287513e+03 2.091182739606897303e+04 1.072158334405977621e+04
