0.0285985084982719739432610595031292177736759185791015625000000000 0.0972041860749228853189052301786432508379220962524414062500000000 0.9712226927033388301779837092908564954996109008789062500000000000 -0.0002130122188878613676780299224233772292791400104761123657226562 0.1026996199175940899239733994363632518798112869262695312500000000 0.0303277227497341719808510163147730054333806037902832031250000000 0.0300735083669373022552395724460438941605389118194580078125000000 0.0488556692647683712960038349137903423979878425598144531250000000 0.0284392903956599621406731159822811605408787727355957031250000000 0.1256513305591433760088904136864584870636463165283203125000000000 0.0388746256048541488636871577000420074909925460815429687500000000
0.0972041860749228853189052301786432508379220962524414062500000000 154.3502888672341839537693886086344718933105468750000000000000000000 1529.6795611857569383573718369007110595703125000000000000000000000000 -0.2463366381798295923211128410912351682782173156738281250000000000 161.7523053257931167081551393494009971618652343750000000000000000000 40.8824793109210702368727652356028556823730468750000000000000000000 45.9427822357281527843042567837983369827270507812500000000000000000 40.9588976069695860360297956503927707672119140625000000000000000000 32.2540715910872535232556401751935482025146484375000000000000000000 199.5214398833337270389165496453642845153808593750000000000000000000 59.3880978856064061233155371155589818954467773437500000000000000000
0.9712226927033388301779837092908564954996109008789062500000000000 1529.6795611857569383573718369007110595703125000000000000000000000000 15705.4742242831634939648211002349853515625000000000000000000000000000 -2.9335467037293656566987465339479967951774597167968750000000000000 1660.7377953349869130761362612247467041015625000000000000000000000000 417.4795888653744668772560544312000274658203125000000000000000000000 534.2222491143495517462724819779396057128906250000000000000000000000 474.7358019615392095147399231791496276855468750000000000000000000000 238.5330356874199253525148378685116767883300781250000000000000000000 1977.3456262878273719252320006489753723144531250000000000000000000000 690.5642557798603320406982675194740295410156250000000000000000000000
-0.0002130122188878613676780299224233772292791400104761123657226562 -0.2463366381798295923211128410912351682782173156738281250000000000 -2.9335467037293656566987465339479967951774597167968750000000000000 0.0011225206937986798635259466649927162507083266973495483398437500 -0.3102008774578144389977296668803319334983825683593750000000000000 -0.1041843133999316578508498309929564129561185836791992187500000000 -0.1445050182584206865943343700564582832157611846923828125000000000 -0.1255643178377134905332468406413681805133819580078125000000000000 0.0628899628981464398069789467626833356916904449462890625000000000 -0.3184279155313777809332975721190450713038444519042968750000000000 -0.1867949164519381033411349335437989793717861175537109375000000000
0.1026996199175940899239733994363632518798112869262695312500000000 161.7523053257931167081551393494009971618652343750000000000000000000 1660.7377953349869130761362612247467041015625000000000000000000000000 -0.3102008774578144389977296668803319334983825683593750000000000000 175.6107447293586574232904240489006042480468750000000000000000000000 44.1453802736914084903219190891832113265991210937500000000000000000 56.4900535662467291331267915666103363037109375000000000000000000000 50.1998015378092645732976961880922317504882812500000000000000000000 25.2231051507881716133852023631334304809570312500000000000000000000 209.0896823057508413512550760060548782348632812500000000000000000000 73.0220650012455223532015224918723106384277343750000000000000000000
0.0303277227497341719808510163147730054333806037902832031250000000 40.8824793109210702368727652356028556823730468750000000000000000000 417.4795888653744668772560544312000274658203125000000000000000000000 -0.1041843133999316578508498309929564129561185836791992187500000000 44.1453802736914084903219190891832113265991210937500000000000000000 16.0747613947838665637846133904531598091125488281250000000000000000 13.9497992334240610290407857974059879779815673828125000000000000000 10.9027704246181524894154790672473609447479248046875000000000000000 2.6557143377939400608056530472822487354278564453125000000000000000 52.8468796396735598364102770574390888214111328125000000000000000000 18.0322566906904881989248679019510746002197265625000000000000000000
0.0300735083669373022552395724460438941605389118194580078125000000 45.9427822357281527843042567837983369827270507812500000000000000000 534.2222491143495517462724819779396057128906250000000000000000000000 -0.1445050182584206865943343700564582832157611846923828125000000000 56.4900535662467291331267915666103363037109375000000000000000000000 13.9497992334240610290407857974059879779815673828125000000000000000 25.0858873704844960172977152979001402854919433593750000000000000000 22.1427518114519941150319937150925397872924804687500000000000000000 -2.1299786622573986250017696875147521495819091796875000000000000000 59.3880978856064061233155371155589818954467773437500000000000000000 32.4273599074080536297515209298580884933471679687500000000000000000
0.0488556692647683712960038349137903423979878425598144531250000000 40.9588976069695860360297956503927707672119140625000000000000000000 474.7358019615392095147399231791496276855468750000000000000000000000 -0.1255643178377134905332468406413681805133819580078125000000000000 50.1998015378092645732976961880922317504882812500000000000000000000 10.9027704246181524894154790672473609447479248046875000000000000000 22.1427518114519941150319937150925397872924804687500000000000000000 22.2689812413867898044372850563377141952514648437500000000000000000 -3.2829583673340194671652625402202829718589782714843750000000000000 52.9456620169073843840124027337878942489624023437500000000000000000 28.6229054498261454853036411805078387260437011718750000000000000000
0.0284392903956599621406731159822811605408787727355957031250000000 32.2540715910872535232556401751935482025146484375000000000000000000 238.5330356874199253525148378685116767883300781250000000000000000000 0.0628899628981464398069789467626833356916904449462890625000000000 25.2231051507881716133852023631334304809570312500000000000000000000 2.6557143377939400608056530472822487354278564453125000000000000000 -2.1299786622573986250017696875147521495819091796875000000000000000 -3.2829583673340194671652625402202829718589782714843750000000000000 26.7482574070134901944584271404892206192016601562500000000000000000 41.6933382709073327987425727769732475280761718750000000000000000000 -2.7533243554854656132135914958780631422996520996093750000000000000
0.1256513305591433760088904136864584870636463165283203125000000000 199.5214398833337270389165496453642845153808593750000000000000000000 1977.3456262878273719252320006489753723144531250000000000000000000000 -0.3184279155313777809332975721190450713038444519042968750000000000 209.0896823057508413512550760060548782348632812500000000000000000000 52.8468796396735598364102770574390888214111328125000000000000000000 59.3880978856064061233155371155589818954467773437500000000000000000 52.9456620169073843840124027337878942489624023437500000000000000000 41.6933382709073327987425727769732475280761718750000000000000000000 257.9120859784114827562007121741771697998046875000000000000000000000 76.7682321104092721952838473953306674957275390625000000000000000000
0.0388746256048541488636871577000420074909925460815429687500000000 59.3880978856064061233155371155589818954467773437500000000000000000 690.5642557798603320406982675194740295410156250000000000000000000000 -0.1867949164519381033411349335437989793717861175537109375000000000 73.0220650012455223532015224918723106384277343750000000000000000000 18.0322566906904881989248679019510746002197265625000000000000000000 32.4273599074080536297515209298580884933471679687500000000000000000 28.6229054498261454853036411805078387260437011718750000000000000000 -2.7533243554854656132135914958780631422996520996093750000000000000 76.7682321104092721952838473953306674957275390625000000000000000000 41.9173400181086321936163585633039474487304687500000000000000000000
