# A b_HI Tb sigma_NL sigma8tot n_s f DA H omegak omegaDE w0 wa h gamma sigma_8 fs8 bs8 pk0 pk1 pk2 pk3 pk4 pk5 pk6 pk7 pk8 pk9 pk10 pk11 pk12 pk13 pk14 pk15 pk16 pk17 pk18 pk19 pk20 pk21 pk22 pk23 pk24 pk25 pk26 pk27 pk28 pk29 pk30 pk31 pk32 pk33 pk34 pk35 pk36 pk37 pk38 pk39 pk40 pk41 pk42 pk43 pk44 pk45 pk46 pk47 pk48 pk49 pk50 pk51 pk52 pk53 pk54 pk55 pk56 pk57 pk58 pk59 pk60 pk61 pk62 pk63 pk64 pk65 pk66 pk67 pk68 pk69 pk70 pk71 pk72 pk73 pk74 pk75 pk76 pk77 pk78 pk79 pk80 pk81 pk82 pk83 pk84 pk85 pk86 pk87 pk88 pk89
2.695712963294714548e+00 -2.871349509860556282e+01 -2.078145676000827962e+02 1.193449486428628387e-01 -3.192266311815714630e+01 -1.578113717408727901e+01 -8.202295179131375846e+00 1.308226572744784155e+00 4.816027153033864749e+00 -2.315657894126249872e+01 -6.730858254257693574e+00 4.610200906714913671e+00 6.116557284138938178e-01 3.766419251071435603e+00 1.019708899184700179e+01 -2.392320321366739933e+01 -4.085054585420218842e+01 -1.166936432413202773e+01 0.000000000000000000e+00 0.000000000000000000e+00 0.000000000000000000e+00 0.000000000000000000e+00 0.000000000000000000e+00 0.000000000000000000e+00 0.000000000000000000e+00 0.000000000000000000e+00 0.000000000000000000e+00 0.000000000000000000e+00 0.000000000000000000e+00 0.000000000000000000e+00 6.911146814933554544e-20 2.071697490407115499e-18 3.747503128405863536e-18 -4.708256615835136112e-18 -6.786565831999717049e-17 -5.313605668796618886e-17 -1.153996550057662770e-16 1.267793267633525250e-16 -7.188987388650085608e-16 -2.247308108372027032e-16 -2.011777576596489616e-16 -9.337226668151955946e-16 -2.018237285243089785e-15 -1.610626305865197770e-15 -6.664474190664185921e-03 -1.503872486120410579e-01 -3.865808832494367353e-01 -4.901134573159298125e-01 -1.103163503916401028e-01 9.655021869805818779e-01 2.236418204069286819e+00 1.871863498199142439e+00 -2.056484859816360977e+00 -5.975143712081580460e+00 2.796086053038020491e-01 1.004212644040417324e+01 -2.293200139384283354e+00 -1.408142451169906550e+01 1.496097558396846416e+01 -7.892223140620712840e+00 -1.022802406513606321e+01 0.000000000000000000e+00 0.000000000000000000e+00 0.000000000000000000e+00 0.000000000000000000e+00 0.000000000000000000e+00 0.000000000000000000e+00 0.000000000000000000e+00 0.000000000000000000e+00 0.000000000000000000e+00 0.000000000000000000e+00 0.000000000000000000e+00 0.000000000000000000e+00 0.000000000000000000e+00 0.000000000000000000e+00 0.000000000000000000e+00 0.000000000000000000e+00 0.000000000000000000e+00 0.000000000000000000e+00 0.000000000000000000e+00 0.000000000000000000e+00 0.000000000000000000e+00 0.000000000000000000e+00 0.000000000000000000e+00 0.000000000000000000e+00 0.000000000000000000e+00 0.000000000000000000e+00 0.000000000000000000e+00 0.000000000000000000e+00 0.000000000000000000e+00 0.000000000000000000e+00 0.000000000000000000e+00 0.000000000000000000e+00 0.000000000000000000e+00 0.000000000000000000e+00 0.000000000000000000e+00 0.000000000000000000e+00 0.000000000000000000e+00 0.000000000000000000e+00 0.000000000000000000e+00 0.000000000000000000e+00 0.000000000000000000e+00 0.000000000000000000e+00 0.000000000000000000e+00 0.000000000000000000e+00 0.000000000000000000e+00 0.000000000000000000e+00 0.000000000000000000e+00
-2.871349509860556282e+01 1.971578991575817054e+04 1.380820240955681074e+05 -4.200120628993228422e+01 2.121095738754324702e+04 7.638640983307143870e+03 4.781838779902981514e+03 -3.676719819343011750e+03 4.514166994671228167e+03 2.132504171844643497e+04 1.100557350293353466e+03 -1.578232519756338206e+03 -2.318649616699148623e+02 1.086999312256639132e+04 -7.001713432138367352e+03 1.642659129628433584e+04 2.804955569635998472e+04 6.803098113796512735e+03 0.000000000000000000e+00 0.000000000000000000e+00 0.000000000000000000e+00 0.000000000000000000e+00 0.000000000000000000e+00 0.000000000000000000e+00 0.000000000000000000e+00 0.000000000000000000e+00 0.000000000000000000e+00 0.000000000000000000e+00 0.000000000000000000e+00 0.000000000000000000e+00 1.167095230170496966e-04 3.573366034060331074e-03 1.511686255195937058e-02 3.844852580463190006e-02 7.888345541234860481e-02 1.458236097687719279e-01 2.537696077249791959e-01 4.239897037579413719e-01 6.846893272790156582e-01 1.079102872555027792e+00 1.682819376057986815e+00 2.577326639029993149e+00 3.903576851728457697e+00 5.864991794491224653e+00 8.769663906999115355e+00 1.299681836763768494e+01 1.913808178721873787e+01 2.818941191691428472e+01 4.130771633754791594e+01 6.026295552018020629e+01 8.759828297834150135e+01 1.273572974583489525e+02 1.835325174731842992e+02 2.639297274940237799e+02 3.803320392658770288e+02 5.463566977531176008e+02 7.754789275238949813e+02 1.094923454944320838e+03 1.552754607706662910e+03 2.153252518670810787e+03 1.493576343127143218e+03 0.000000000000000000e+00 0.000000000000000000e+00 0.000000000000000000e+00 0.000000000000000000e+00 0.000000000000000000e+00 0.000000000000000000e+00 0.000000000000000000e+00 0.000000000000000000e+00 0.000000000000000000e+00 0.000000000000000000e+00 0.000000000000000000e+00 0.000000000000000000e+00 0.000000000000000000e+00 0.000000000000000000e+00 0.000000000000000000e+00 0.000000000000000000e+00 0.000000000000000000e+00 0.000000000000000000e+00 0.000000000000000000e+00 0.000000000000000000e+00 0.000000000000000000e+00 0.000000000000000000e+00 0.000000000000000000e+00 0.000000000000000000e+00 0.000000000000000000e+00 0.000000000000000000e+00 0.000000000000000000e+00 0.000000000000000000e+00 0.000000000000000000e+00 0.000000000000000000e+00 0.000000000000000000e+00 0.000000000000000000e+00 0.000000000000000000e+00 0.000000000000000000e+00 0.000000000000000000e+00 0.000000000000000000e+00 0.000000000000000000e+00 0.000000000000000000e+00 0.000000000000000000e+00 0.000000000000000000e+00 0.000000000000000000e+00 0.000000000000000000e+00 0.000000000000000000e+00 0.000000000000000000e+00 0.000000000000000000e+00 0.000000000000000000e+00 0.000000000000000000e+00
-2.078145676000827962e+02 1.380820240955681074e+05 1.004285411834555678e+06 -3.650172030576970883e+02 1.542695742974540044e+05 5.543565792095946381e+04 4.035038910444243811e+04 -3.187333855442175991e+04 1.913278203256494453e+04 1.466849435004499101e+05 1.089447365977618756e+04 -1.234408914963554344e+04 -1.818628843798426942e+03 7.045710083724543802e+04 -4.903738409557982231e+04 1.150457062523613567e+05 1.964486050056299136e+05 5.740629674950212939e+04 0.000000000000000000e+00 0.000000000000000000e+00 0.000000000000000000e+00 0.000000000000000000e+00 0.000000000000000000e+00 0.000000000000000000e+00 0.000000000000000000e+00 0.000000000000000000e+00 0.000000000000000000e+00 0.000000000000000000e+00 0.000000000000000000e+00 0.000000000000000000e+00 1.250618466305398807e-03 3.667724247972488361e-02 1.482545401586979339e-01 3.615044209198873815e-01 7.154431132460465914e-01 1.281999825912401914e+00 2.171491626342634707e+00 3.543023666523687609e+00 5.606365487682009707e+00 8.684635245039812546e+00 1.333871786654223079e+01 2.016556957816171547e+01 3.019923138773814841e+01 4.493839204627254702e+01 6.663749018817958358e+01 9.804625671575557533e+01 1.435113603790476589e+02 2.102748898771438348e+02 3.067445950594947135e+02 4.457291440756032443e+02 6.457338697558326430e+02 9.360702175362052913e+02 1.345831659000505624e+03 1.931270321703211266e+03 2.777994048049413323e+03 3.984492800390406956e+03 5.649150125492231382e+03 7.967020964598410501e+03 1.128077606156806178e+04 1.561386617594295058e+04 1.080727096944089681e+04 0.000000000000000000e+00 0.000000000000000000e+00 0.000000000000000000e+00 0.000000000000000000e+00 0.000000000000000000e+00 0.000000000000000000e+00 0.000000000000000000e+00 0.000000000000000000e+00 0.000000000000000000e+00 0.000000000000000000e+00 0.000000000000000000e+00 0.000000000000000000e+00 0.000000000000000000e+00 0.000000000000000000e+00 0.000000000000000000e+00 0.000000000000000000e+00 0.000000000000000000e+00 0.000000000000000000e+00 0.000000000000000000e+00 0.000000000000000000e+00 0.000000000000000000e+00 0.000000000000000000e+00 0.000000000000000000e+00 0.000000000000000000e+00 0.000000000000000000e+00 0.000000000000000000e+00 0.000000000000000000e+00 0.000000000000000000e+00 0.000000000000000000e+00 0.000000000000000000e+00 0.000000000000000000e+00 0.000000000000000000e+00 0.000000000000000000e+00 0.000000000000000000e+00 0.000000000000000000e+00 0.000000000000000000e+00 0.000000000000000000e+00 0.000000000000000000e+00 0.000000000000000000e+00 0.000000000000000000e+00 0.000000000000000000e+00 0.000000000000000000e+00 0.000000000000000000e+00 0.000000000000000000e+00 0.000000000000000000e+00 0.000000000000000000e+00 0.000000000000000000e+00
1.193449486428628387e-01 -4.200120628993228422e+01 -3.650172030576970883e+02 2.724902220918167806e-01 -5.607076221897250434e+01 -2.323412641547816904e+01 -2.325009352496849502e+01 1.964995527734486203e+01 2.264571079417520849e+01 -3.626051461198549219e+01 -1.150417667623362128e+01 7.169896101745374395e+00 1.037305577186852679e+00 -2.496730745162860643e+00 1.491598416816080608e+01 -3.499411652404560158e+01 -5.975490610204427355e+01 -3.307779176288224932e+01 0.000000000000000000e+00 0.000000000000000000e+00 0.000000000000000000e+00 0.000000000000000000e+00 0.000000000000000000e+00 0.000000000000000000e+00 0.000000000000000000e+00 0.000000000000000000e+00 0.000000000000000000e+00 0.000000000000000000e+00 0.000000000000000000e+00 0.000000000000000000e+00 -1.700665126851763720e-09 -5.372528678621858710e-08 -2.430950095092977768e-07 -6.828643486102169458e-07 -1.576031447665666748e-06 -3.323060410530308863e-06 -6.697882112274161885e-06 -1.311122498287266260e-05 -2.500266944487835542e-05 -4.692538451336628557e-05 -8.818404793534348756e-05 -1.634741140814968945e-04 -3.008835104142323089e-04 -5.530811429392158826e-04 -1.019548952620830205e-03 -1.864266811770475766e-03 -3.398667392408213743e-03 -6.239661386059375953e-03 -1.141838569587251724e-02 -2.080275471958001332e-02 -3.783716698375275828e-02 -6.928887219257001684e-02 -1.256397898519423517e-01 -2.272548722541985478e-01 -4.134911415919760858e-01 -7.513635826147925245e-01 -1.348013808384908696e+00 -2.402502598109891085e+00 -4.313874240517415970e+00 -7.528740345040356274e+00 -6.121626022529317979e+00 0.000000000000000000e+00 0.000000000000000000e+00 0.000000000000000000e+00 0.000000000000000000e+00 0.000000000000000000e+00 0.000000000000000000e+00 0.000000000000000000e+00 0.000000000000000000e+00 0.000000000000000000e+00 0.000000000000000000e+00 0.000000000000000000e+00 0.000000000000000000e+00 0.000000000000000000e+00 0.000000000000000000e+00 0.000000000000000000e+00 0.000000000000000000e+00 0.000000000000000000e+00 0.000000000000000000e+00 0.000000000000000000e+00 0.000000000000000000e+00 0.000000000000000000e+00 0.000000000000000000e+00 0.000000000000000000e+00 0.000000000000000000e+00 0.000000000000000000e+00 0.000000000000000000e+00 0.000000000000000000e+00 0.000000000000000000e+00 0.000000000000000000e+00 0.000000000000000000e+00 0.000000000000000000e+00 0.000000000000000000e+00 0.000000000000000000e+00 0.000000000000000000e+00 0.000000000000000000e+00 0.000000000000000000e+00 0.000000000000000000e+00 0.000000000000000000e+00 0.000000000000000000e+00 0.000000000000000000e+00 0.000000000000000000e+00 0.000000000000000000e+00 0.000000000000000000e+00 0.000000000000000000e+00 0.000000000000000000e+00 0.000000000000000000e+00 0.000000000000000000e+00
-3.192266311815714630e+01 2.121095738754324702e+04 1.542695742974540044e+05 -5.607076221897250434e+01 2.369754780211654361e+04 8.515542740726925331e+03 6.198275188034326675e+03 -4.896104545865201544e+03 2.939011265630147136e+03 2.253246290645947010e+04 1.673514116488402351e+03 -1.896191417064823327e+03 -2.793619166740152195e+02 1.082300591476205955e+04 -7.532695665932943484e+03 1.767231896347162183e+04 3.017672297976163463e+04 8.818255106744436489e+03 0.000000000000000000e+00 0.000000000000000000e+00 0.000000000000000000e+00 0.000000000000000000e+00 0.000000000000000000e+00 0.000000000000000000e+00 0.000000000000000000e+00 0.000000000000000000e+00 0.000000000000000000e+00 0.000000000000000000e+00 0.000000000000000000e+00 0.000000000000000000e+00 1.921091117444729819e-04 5.634038408877909028e-03 2.277357066868844135e-02 5.553115923498642970e-02 1.099001371660819765e-01 1.969296427712098063e-01 3.335656227191627909e-01 5.442484241227401043e-01 8.612010161142543696e-01 1.334057994264352676e+00 2.048977614029411587e+00 3.097659089367701846e+00 4.638942789964732860e+00 6.903044223182075001e+00 1.023627060837438840e+01 1.506101164744415932e+01 2.204496471982149330e+01 3.230059638876339534e+01 4.711943192665711422e+01 6.846902732849785878e+01 9.919201058064422227e+01 1.437909505307291624e+02 2.067349327824821330e+02 2.966649190275633714e+02 4.267312400870003444e+02 6.120630658018170607e+02 8.677732193780614125e+02 1.223824341311812077e+03 1.732854525471993384e+03 2.398466073205239809e+03 1.660118799024773125e+03 0.000000000000000000e+00 0.000000000000000000e+00 0.000000000000000000e+00 0.000000000000000000e+00 0.000000000000000000e+00 0.000000000000000000e+00 0.000000000000000000e+00 0.000000000000000000e+00 0.000000000000000000e+00 0.000000000000000000e+00 0.000000000000000000e+00 0.000000000000000000e+00 0.000000000000000000e+00 0.000000000000000000e+00 0.000000000000000000e+00 0.000000000000000000e+00 0.000000000000000000e+00 0.000000000000000000e+00 0.000000000000000000e+00 0.000000000000000000e+00 0.000000000000000000e+00 0.000000000000000000e+00 0.000000000000000000e+00 0.000000000000000000e+00 0.000000000000000000e+00 0.000000000000000000e+00 0.000000000000000000e+00 0.000000000000000000e+00 0.000000000000000000e+00 0.000000000000000000e+00 0.000000000000000000e+00 0.000000000000000000e+00 0.000000000000000000e+00 0.000000000000000000e+00 0.000000000000000000e+00 0.000000000000000000e+00 0.000000000000000000e+00 0.000000000000000000e+00 0.000000000000000000e+00 0.000000000000000000e+00 0.000000000000000000e+00 0.000000000000000000e+00 0.000000000000000000e+00 0.000000000000000000e+00 0.000000000000000000e+00 0.000000000000000000e+00 0.000000000000000000e+00
-1.578113717408727901e+01 7.638640983307143870e+03 5.543565792095946381e+04 -2.323412641547816904e+01 8.515542740726925331e+03 3.508174253323560606e+03 2.209859375854724476e+03 -1.588785997022424453e+03 5.652795232145170985e+02 7.772927506453548631e+03 8.245196563824069926e+02 -7.828653886016584238e+02 -1.124598394623396729e+02 3.050338840693002567e+03 -2.712727991352586287e+03 6.364281321112296609e+03 1.086745631908566975e+04 3.143955880490357686e+03 0.000000000000000000e+00 0.000000000000000000e+00 0.000000000000000000e+00 0.000000000000000000e+00 0.000000000000000000e+00 0.000000000000000000e+00 0.000000000000000000e+00 0.000000000000000000e+00 0.000000000000000000e+00 0.000000000000000000e+00 0.000000000000000000e+00 0.000000000000000000e+00 -1.879813151356305237e-04 -5.317792781451124301e-03 -2.048411156084848500e-02 -4.720888618499193001e-02 -8.799963480996333964e-02 -1.479713812118230720e-01 -2.339654326232359360e-01 -3.543589718122346910e-01 -5.178446028122735134e-01 -7.360420287036985032e-01 -1.026604682590865680e+00 -1.396973128383913743e+00 -1.861156695629549773e+00 -2.424257153029999667e+00 -3.077153809438439858e+00 -3.775632285444778358e+00 -4.430252981208329111e+00 -4.859420151793755416e+00 -4.721717158927855706e+00 -3.448059744764715884e+00 -5.373461890039693545e-02 7.218736998377098146e+00 2.070689158684902509e+01 4.448244958532920634e+01 8.545241353898681780e+01 1.533996668965796175e+02 2.607495473585753416e+02 4.285645338119343251e+02 6.947841599050390187e+02 1.081367814174139767e+03 8.080997388058008255e+02 0.000000000000000000e+00 0.000000000000000000e+00 0.000000000000000000e+00 0.000000000000000000e+00 0.000000000000000000e+00 0.000000000000000000e+00 0.000000000000000000e+00 0.000000000000000000e+00 0.000000000000000000e+00 0.000000000000000000e+00 0.000000000000000000e+00 0.000000000000000000e+00 0.000000000000000000e+00 0.000000000000000000e+00 0.000000000000000000e+00 0.000000000000000000e+00 0.000000000000000000e+00 0.000000000000000000e+00 0.000000000000000000e+00 0.000000000000000000e+00 0.000000000000000000e+00 0.000000000000000000e+00 0.000000000000000000e+00 0.000000000000000000e+00 0.000000000000000000e+00 0.000000000000000000e+00 0.000000000000000000e+00 0.000000000000000000e+00 0.000000000000000000e+00 0.000000000000000000e+00 0.000000000000000000e+00 0.000000000000000000e+00 0.000000000000000000e+00 0.000000000000000000e+00 0.000000000000000000e+00 0.000000000000000000e+00 0.000000000000000000e+00 0.000000000000000000e+00 0.000000000000000000e+00 0.000000000000000000e+00 0.000000000000000000e+00 0.000000000000000000e+00 0.000000000000000000e+00 0.000000000000000000e+00 0.000000000000000000e+00 0.000000000000000000e+00 0.000000000000000000e+00
-8.202295179131375846e+00 4.781838779902981514e+03 4.035038910444243811e+04 -2.325009352496849502e+01 6.198275188034326675e+03 2.209859375854724476e+03 2.424530913442167275e+03 -2.020583970384358281e+03 -1.206476893231436406e+03 4.680327810982579649e+03 8.544096121474134407e+02 -6.207443240029302842e+02 -9.213746002222457321e+01 1.590645799211183657e+03 -1.698185310283030731e+03 3.984081369187616019e+03 6.803098113796512735e+03 3.449368003246315766e+03 0.000000000000000000e+00 0.000000000000000000e+00 0.000000000000000000e+00 0.000000000000000000e+00 0.000000000000000000e+00 0.000000000000000000e+00 0.000000000000000000e+00 0.000000000000000000e+00 0.000000000000000000e+00 0.000000000000000000e+00 0.000000000000000000e+00 0.000000000000000000e+00 1.081771113537234607e-04 3.014620442831448133e-03 1.147996115770890183e-02 2.632802169358503322e-02 4.917815689591437112e-02 8.343187946160104951e-02 1.342211806907685767e-01 2.085757437339731679e-01 3.155910725728621191e-01 4.694995075529930229e-01 6.944393892793658818e-01 1.015013416713745009e+00 1.474047932753182133e+00 2.134523035676112013e+00 3.088986012768085487e+00 4.446702883504234372e+00 6.388616500393076159e+00 9.205467563873058978e+00 1.323411807174254307e+01 1.897990553551517934e+01 2.718759602602949599e+01 3.902072900000411693e+01 5.565622371354835707e+01 7.927918842937849320e+01 1.133159285812981665e+02 1.616443334727265437e+02 2.282716044111656686e+02 3.206088663299069026e+02 4.514282475545994657e+02 6.205647607473814560e+02 4.261900635793641072e+02 0.000000000000000000e+00 0.000000000000000000e+00 0.000000000000000000e+00 0.000000000000000000e+00 0.000000000000000000e+00 0.000000000000000000e+00 0.000000000000000000e+00 0.000000000000000000e+00 0.000000000000000000e+00 0.000000000000000000e+00 0.000000000000000000e+00 0.000000000000000000e+00 0.000000000000000000e+00 0.000000000000000000e+00 0.000000000000000000e+00 0.000000000000000000e+00 0.000000000000000000e+00 0.000000000000000000e+00 0.000000000000000000e+00 0.000000000000000000e+00 0.000000000000000000e+00 0.000000000000000000e+00 0.000000000000000000e+00 0.000000000000000000e+00 0.000000000000000000e+00 0.000000000000000000e+00 0.000000000000000000e+00 0.000000000000000000e+00 0.000000000000000000e+00 0.000000000000000000e+00 0.000000000000000000e+00 0.000000000000000000e+00 0.000000000000000000e+00 0.000000000000000000e+00 0.000000000000000000e+00 0.000000000000000000e+00 0.000000000000000000e+00 0.000000000000000000e+00 0.000000000000000000e+00 0.000000000000000000e+00 0.000000000000000000e+00 0.000000000000000000e+00 0.000000000000000000e+00 0.000000000000000000e+00 0.000000000000000000e+00 0.000000000000000000e+00 0.000000000000000000e+00
1.308226572744784155e+00 -3.676719819343011750e+03 -3.187333855442175991e+04 1.964995527734486203e+01 -4.896104545865201544e+03 -1.588785997022424453e+03 -2.020583970384358281e+03 2.093076503715612944e+03 1.606591668281829698e+03 -3.570710252292703899e+03 -7.826893018877875647e+02 5.231905851085979293e+02 7.937217213920160930e+01 -1.223549285493581920e+03 1.305721893735920048e+03 -3.063330155238850239e+03 -5.230850896323650886e+03 -2.874674707867962752e+03 -0.000000000000000000e+00 -0.000000000000000000e+00 -0.000000000000000000e+00 -0.000000000000000000e+00 -0.000000000000000000e+00 -0.000000000000000000e+00 -0.000000000000000000e+00 -0.000000000000000000e+00 -0.000000000000000000e+00 -0.000000000000000000e+00 -0.000000000000000000e+00 -0.000000000000000000e+00 -1.521888564833285824e-04 -4.244673997122866936e-03 -1.638764443295970957e-02 -3.858802648678139741e-02 -7.432751627082526125e-02 -1.301806853607304637e-01 -2.153674878449388097e-01 -3.410912805644506496e-01 -5.208698042511036297e-01 -7.712032557769389340e-01 -1.118453843906336731e+00 -1.575597305232772083e+00 -2.182604982892350609e+00 -2.997482374830891416e+00 -4.299909668483003600e+00 -6.867735051350348563e+00 -9.674750642874757389e+00 -1.352198508953813949e+01 -1.873564711663823701e+01 -2.552876762858220872e+01 -3.427375376122368067e+01 -4.596649008658944524e+01 -6.059108314424288722e+01 -8.121764767776932104e+01 -1.134585167692241754e+02 -1.599973082515999749e+02 -1.935669206719064448e+02 -2.331488866305734575e+02 -3.705123949160426378e+02 -4.108704370885163257e+02 -2.498123009790957951e+02 -0.000000000000000000e+00 -0.000000000000000000e+00 -0.000000000000000000e+00 -0.000000000000000000e+00 -0.000000000000000000e+00 -0.000000000000000000e+00 -0.000000000000000000e+00 -0.000000000000000000e+00 -0.000000000000000000e+00 -0.000000000000000000e+00 -0.000000000000000000e+00 -0.000000000000000000e+00 -0.000000000000000000e+00 -0.000000000000000000e+00 -0.000000000000000000e+00 -0.000000000000000000e+00 -0.000000000000000000e+00 -0.000000000000000000e+00 -0.000000000000000000e+00 -0.000000000000000000e+00 -0.000000000000000000e+00 -0.000000000000000000e+00 -0.000000000000000000e+00 -0.000000000000000000e+00 -0.000000000000000000e+00 -0.000000000000000000e+00 -0.000000000000000000e+00 -0.000000000000000000e+00 -0.000000000000000000e+00 -0.000000000000000000e+00 -0.000000000000000000e+00 -0.000000000000000000e+00 -0.000000000000000000e+00 -0.000000000000000000e+00 -0.000000000000000000e+00 -0.000000000000000000e+00 -0.000000000000000000e+00 -0.000000000000000000e+00 -0.000000000000000000e+00 -0.000000000000000000e+00 -0.000000000000000000e+00 -0.000000000000000000e+00 -0.000000000000000000e+00 -0.000000000000000000e+00 -0.000000000000000000e+00 -0.000000000000000000e+00 -0.000000000000000000e+00
4.816027153033864749e+00 4.514166994671228167e+03 1.913278203256494453e+04 2.264571079417520849e+01 2.939011265630147136e+03 5.652795232145170985e+02 -1.206476893231436406e+03 1.606591668281829698e+03 7.162092456394957480e+03 6.508802895007828738e+03 -1.441033465308816176e+03 3.379894250479669040e+02 4.809178172413124486e+01 6.108540991615896928e+03 -1.603126418802163926e+03 3.761065449646168872e+03 6.422282803819954097e+03 -1.716448641300364216e+03 0.000000000000000000e+00 0.000000000000000000e+00 0.000000000000000000e+00 0.000000000000000000e+00 0.000000000000000000e+00 0.000000000000000000e+00 0.000000000000000000e+00 0.000000000000000000e+00 0.000000000000000000e+00 0.000000000000000000e+00 0.000000000000000000e+00 0.000000000000000000e+00 1.666395449983924457e-04 5.069397458542912634e-03 2.083683731457151855e-02 5.073116605394072109e-02 9.865338218925252811e-02 1.722740235349898841e-01 2.820820060272239971e-01 4.409857241775088088e-01 6.655754265628855970e-01 9.778060244963194814e-01 1.415146528930139924e+00 2.005142939730735208e+00 2.814171849991778718e+00 3.937997005529942030e+00 5.678659465198526490e+00 8.745628071915430013e+00 1.237755009253016070e+01 1.742774297248139348e+01 2.434122157121313634e+01 3.355158588510661133e+01 4.566203745943263215e+01 6.175872120695621703e+01 8.174017519042362778e+01 1.075936716660945365e+02 1.419111804868043976e+02 1.823840861336324508e+02 2.012303034661916001e+02 1.956964864337811321e+02 1.945719769907356920e+02 1.596367298497313136e+01 -1.177402489766664502e+02 0.000000000000000000e+00 0.000000000000000000e+00 0.000000000000000000e+00 0.000000000000000000e+00 0.000000000000000000e+00 0.000000000000000000e+00 0.000000000000000000e+00 0.000000000000000000e+00 0.000000000000000000e+00 0.000000000000000000e+00 0.000000000000000000e+00 0.000000000000000000e+00 0.000000000000000000e+00 0.000000000000000000e+00 0.000000000000000000e+00 0.000000000000000000e+00 0.000000000000000000e+00 0.000000000000000000e+00 0.000000000000000000e+00 0.000000000000000000e+00 0.000000000000000000e+00 0.000000000000000000e+00 0.000000000000000000e+00 0.000000000000000000e+00 0.000000000000000000e+00 0.000000000000000000e+00 0.000000000000000000e+00 0.000000000000000000e+00 0.000000000000000000e+00 0.000000000000000000e+00 0.000000000000000000e+00 0.000000000000000000e+00 0.000000000000000000e+00 0.000000000000000000e+00 0.000000000000000000e+00 0.000000000000000000e+00 0.000000000000000000e+00 0.000000000000000000e+00 0.000000000000000000e+00 0.000000000000000000e+00 0.000000000000000000e+00 0.000000000000000000e+00 0.000000000000000000e+00 0.000000000000000000e+00 0.000000000000000000e+00 0.000000000000000000e+00 0.000000000000000000e+00
-2.315657894126249872e+01 2.132504171844643497e+04 1.466849435004499101e+05 -3.626051461198549219e+01 2.253246290645947010e+04 7.772927506453548631e+03 4.680327810982579649e+03 -3.570710252292703899e+03 6.508802895007828738e+03 2.363535133852906438e+04 6.850147541910502014e+02 -1.492814159952929231e+03 -2.215082927967161197e+02 1.308232393379543828e+04 -7.573210694521420919e+03 1.776737052798230434e+04 3.033903018669698577e+04 6.658678966063127518e+03 0.000000000000000000e+00 0.000000000000000000e+00 0.000000000000000000e+00 0.000000000000000000e+00 0.000000000000000000e+00 0.000000000000000000e+00 0.000000000000000000e+00 0.000000000000000000e+00 0.000000000000000000e+00 0.000000000000000000e+00 0.000000000000000000e+00 0.000000000000000000e+00 2.690874047660361118e-04 7.987244504996920264e-03 3.259948365020273048e-02 8.004452074854956356e-02 1.588051335189474833e-01 2.845014144798030387e-01 4.800421719398177967e-01 7.764935969902394541e-01 1.214034550248890287e+00 1.850148053190070696e+00 2.783473484659080288e+00 4.105263302408261872e+00 5.992520782596818307e+00 8.700862388122152069e+00 1.280353244805592361e+01 1.941831995098698727e+01 2.809896697236426633e+01 4.057952547273124111e+01 5.826264183899561289e+01 8.301027951740161370e+01 1.175256662070509179e+02 1.663985406579613482e+02 2.330160871422839932e+02 3.268357318152388302e+02 4.624879815345721568e+02 6.521133365059932885e+02 8.782007791806755677e+02 1.173665149459489385e+03 1.646231100907641576e+03 2.099566115716761487e+03 1.372992242102860928e+03 0.000000000000000000e+00 0.000000000000000000e+00 0.000000000000000000e+00 0.000000000000000000e+00 0.000000000000000000e+00 0.000000000000000000e+00 0.000000000000000000e+00 0.000000000000000000e+00 0.000000000000000000e+00 0.000000000000000000e+00 0.000000000000000000e+00 0.000000000000000000e+00 0.000000000000000000e+00 0.000000000000000000e+00 0.000000000000000000e+00 0.000000000000000000e+00 0.000000000000000000e+00 0.000000000000000000e+00 0.000000000000000000e+00 0.000000000000000000e+00 0.000000000000000000e+00 0.000000000000000000e+00 0.000000000000000000e+00 0.000000000000000000e+00 0.000000000000000000e+00 0.000000000000000000e+00 0.000000000000000000e+00 0.000000000000000000e+00 0.000000000000000000e+00 0.000000000000000000e+00 0.000000000000000000e+00 0.000000000000000000e+00 0.000000000000000000e+00 0.000000000000000000e+00 0.000000000000000000e+00 0.000000000000000000e+00 0.000000000000000000e+00 0.000000000000000000e+00 0.000000000000000000e+00 0.000000000000000000e+00 0.000000000000000000e+00 0.000000000000000000e+00 0.000000000000000000e+00 0.000000000000000000e+00 0.000000000000000000e+00 0.000000000000000000e+00 0.000000000000000000e+00
-6.730858254257693574e+00 1.100557350293353466e+03 1.089447365977618756e+04 -1.150417667623362128e+01 1.673514116488402351e+03 8.245196563824069926e+02 8.544096121474134407e+02 -7.826893018877875647e+02 -1.441033465308816176e+03 6.850147541910499740e+02 5.519369696854205358e+02 -2.929393744803886079e+02 -4.188299021326909610e+01 -5.412829111012265457e+02 -3.908434414909539214e+02 9.169506202204485135e+02 1.565757437363351983e+03 1.215564281514236427e+03 0.000000000000000000e+00 0.000000000000000000e+00 0.000000000000000000e+00 0.000000000000000000e+00 0.000000000000000000e+00 0.000000000000000000e+00 0.000000000000000000e+00 0.000000000000000000e+00 0.000000000000000000e+00 0.000000000000000000e+00 0.000000000000000000e+00 0.000000000000000000e+00 -7.508123416318097357e-05 -2.191115656771429332e-03 -8.683432247872217152e-03 -2.053831291353731825e-02 -3.902168995562711740e-02 -6.675232777541612039e-02 -1.070630447064788021e-01 -1.633955634142162383e-01 -2.398107193507215684e-01 -3.402803695100642956e-01 -4.708383867342763041e-01 -6.296981055631613033e-01 -8.247072392771396254e-01 -1.067253773109139825e+00 -1.476626551781242247e+00 -2.423973295359852731e+00 -3.283995987389157989e+00 -4.373222901225551240e+00 -5.718879734286929306e+00 -7.205630432255955675e+00 -8.675741804304038851e+00 -1.001827662894743476e+01 -1.046102539351817207e+01 -1.001403868369351002e+01 -8.767631600361040611e+00 -3.996174281692606911e+00 2.328565389267067687e+01 7.470298748780008680e+01 1.273032482686447935e+02 2.937616065403587982e+02 2.593189253935644842e+02 0.000000000000000000e+00 0.000000000000000000e+00 0.000000000000000000e+00 0.000000000000000000e+00 0.000000000000000000e+00 0.000000000000000000e+00 0.000000000000000000e+00 0.000000000000000000e+00 0.000000000000000000e+00 0.000000000000000000e+00 0.000000000000000000e+00 0.000000000000000000e+00 0.000000000000000000e+00 0.000000000000000000e+00 0.000000000000000000e+00 0.000000000000000000e+00 0.000000000000000000e+00 0.000000000000000000e+00 0.000000000000000000e+00 0.000000000000000000e+00 0.000000000000000000e+00 0.000000000000000000e+00 0.000000000000000000e+00 0.000000000000000000e+00 0.000000000000000000e+00 0.000000000000000000e+00 0.000000000000000000e+00 0.000000000000000000e+00 0.000000000000000000e+00 0.000000000000000000e+00 0.000000000000000000e+00 0.000000000000000000e+00 0.000000000000000000e+00 0.000000000000000000e+00 0.000000000000000000e+00 0.000000000000000000e+00 0.000000000000000000e+00 0.000000000000000000e+00 0.000000000000000000e+00 0.000000000000000000e+00 0.000000000000000000e+00 0.000000000000000000e+00 0.000000000000000000e+00 0.000000000000000000e+00 0.000000000000000000e+00 0.000000000000000000e+00 0.000000000000000000e+00
4.610200906714913671e+00 -1.578232519756338206e+03 -1.234408914963554344e+04 7.169896101745374395e+00 -1.896191417064823327e+03 -7.828653886016584238e+02 -6.207443240029302842e+02 5.231905851085979293e+02 3.379894250479669040e+02 -1.492814159952929003e+03 -2.929393744803886079e+02 2.120877168850518046e+02 3.061154507453927920e+01 -3.814406589526016091e+02 5.604813136999072185e+02 -1.314934916800942801e+03 -2.245343511665714232e+03 -8.831298448459835981e+02 0.000000000000000000e+00 0.000000000000000000e+00 0.000000000000000000e+00 0.000000000000000000e+00 0.000000000000000000e+00 0.000000000000000000e+00 0.000000000000000000e+00 0.000000000000000000e+00 0.000000000000000000e+00 0.000000000000000000e+00 0.000000000000000000e+00 0.000000000000000000e+00 2.855531745535695102e-05 8.201789228062492413e-04 3.186896033494306113e-03 7.376507884328447305e-03 1.368919536698517264e-02 2.282896616043481042e-02 3.555717998188073770e-02 5.231854023910277596e-02 7.345992161603401294e-02 9.845626781364395785e-02 1.259493839769262880e-01 1.505871207683161517e-01 1.681927136904597386e-01 1.727708581882269612e-01 2.031197815509374061e-01 4.124475268689727359e-01 4.751062785504606700e-01 4.845514454574889607e-01 3.902009259485399451e-01 4.116194673429664219e-02 -7.747614784132201837e-01 -2.326960719036222258e+00 -5.188194025354616379e+00 -9.761042797888160649e+00 -1.660384142901931170e+01 -2.766407532836555205e+01 -5.249964496898073918e+01 -9.310133299639836935e+01 -1.407041213071670427e+02 -2.481401056917786718e+02 -1.970172268082071980e+02 0.000000000000000000e+00 0.000000000000000000e+00 0.000000000000000000e+00 0.000000000000000000e+00 0.000000000000000000e+00 0.000000000000000000e+00 0.000000000000000000e+00 0.000000000000000000e+00 0.000000000000000000e+00 0.000000000000000000e+00 0.000000000000000000e+00 0.000000000000000000e+00 0.000000000000000000e+00 0.000000000000000000e+00 0.000000000000000000e+00 0.000000000000000000e+00 0.000000000000000000e+00 0.000000000000000000e+00 0.000000000000000000e+00 0.000000000000000000e+00 0.000000000000000000e+00 0.000000000000000000e+00 0.000000000000000000e+00 0.000000000000000000e+00 0.000000000000000000e+00 0.000000000000000000e+00 0.000000000000000000e+00 0.000000000000000000e+00 0.000000000000000000e+00 0.000000000000000000e+00 0.000000000000000000e+00 0.000000000000000000e+00 0.000000000000000000e+00 0.000000000000000000e+00 0.000000000000000000e+00 0.000000000000000000e+00 0.000000000000000000e+00 0.000000000000000000e+00 0.000000000000000000e+00 0.000000000000000000e+00 0.000000000000000000e+00 0.000000000000000000e+00 0.000000000000000000e+00 0.000000000000000000e+00 0.000000000000000000e+00 0.000000000000000000e+00 0.000000000000000000e+00
6.116557284138938178e-01 -2.318649616699148623e+02 -1.818628843798426942e+03 1.037305577186852679e+00 -2.793619166740152195e+02 -1.124598394623396729e+02 -9.213746002222457321e+01 7.937217213920160930e+01 4.809178172413124486e+01 -2.215082927967161197e+02 -4.188299021326910321e+01 3.061154507453927920e+01 4.440148085123496458e+00 -6.165228826897318015e+01 8.234273257643702948e+01 -1.931827726687285747e+02 -3.298731211979717273e+02 -1.310835035094837338e+02 0.000000000000000000e+00 0.000000000000000000e+00 0.000000000000000000e+00 0.000000000000000000e+00 0.000000000000000000e+00 0.000000000000000000e+00 0.000000000000000000e+00 0.000000000000000000e+00 0.000000000000000000e+00 0.000000000000000000e+00 0.000000000000000000e+00 0.000000000000000000e+00 2.799667292963560963e-06 8.090095240870963855e-05 3.140791027082169172e-04 7.214734774731076375e-04 1.320498077053924033e-03 2.161899131555978897e-03 3.287246529168832195e-03 4.683565910845408423e-03 6.309423027341517706e-03 7.987873053603983600e-03 9.365928012376630030e-03 9.645302967074161765e-03 8.004351718221345072e-03 3.259834374232860495e-03 -1.244126467974707292e-03 9.865871772242960566e-03 -1.141738493743054062e-04 -2.392754766572505881e-02 -7.038281126239930019e-02 -1.608839632076977944e-01 -3.259285954673613595e-01 -6.073672642151441980e-01 -1.080576196490580454e+00 -1.817117179597460774e+00 -2.923604571086289905e+00 -4.669997673545458916e+00 -8.145272638853327862e+00 -1.371488558107769506e+01 -2.075185351574812032e+01 -3.501068716042448159e+01 -2.727737088442903257e+01 0.000000000000000000e+00 0.000000000000000000e+00 0.000000000000000000e+00 0.000000000000000000e+00 0.000000000000000000e+00 0.000000000000000000e+00 0.000000000000000000e+00 0.000000000000000000e+00 0.000000000000000000e+00 0.000000000000000000e+00 0.000000000000000000e+00 0.000000000000000000e+00 0.000000000000000000e+00 0.000000000000000000e+00 0.000000000000000000e+00 0.000000000000000000e+00 0.000000000000000000e+00 0.000000000000000000e+00 0.000000000000000000e+00 0.000000000000000000e+00 0.000000000000000000e+00 0.000000000000000000e+00 0.000000000000000000e+00 0.000000000000000000e+00 0.000000000000000000e+00 0.000000000000000000e+00 0.000000000000000000e+00 0.000000000000000000e+00 0.000000000000000000e+00 0.000000000000000000e+00 0.000000000000000000e+00 0.000000000000000000e+00 0.000000000000000000e+00 0.000000000000000000e+00 0.000000000000000000e+00 0.000000000000000000e+00 0.000000000000000000e+00 0.000000000000000000e+00 0.000000000000000000e+00 0.000000000000000000e+00 0.000000000000000000e+00 0.000000000000000000e+00 0.000000000000000000e+00 0.000000000000000000e+00 0.000000000000000000e+00 0.000000000000000000e+00 0.000000000000000000e+00
3.766419251071436047e+00 1.086999312256639314e+04 7.045710083724543802e+04 -2.496730745162860643e+00 1.082300591476205955e+04 3.050338840693002567e+03 1.590645799211183657e+03 -1.223549285493581920e+03 6.108540991615896928e+03 1.308232393379543646e+04 -5.412829111012265457e+02 -3.814406589526016091e+02 -6.165228826897315173e+01 9.092864929963190662e+03 -3.860285445255923150e+03 9.056544788758634240e+03 1.546468484464732683e+04 2.263003822255903287e+03 0.000000000000000000e+00 0.000000000000000000e+00 0.000000000000000000e+00 0.000000000000000000e+00 0.000000000000000000e+00 0.000000000000000000e+00 0.000000000000000000e+00 0.000000000000000000e+00 0.000000000000000000e+00 0.000000000000000000e+00 0.000000000000000000e+00 0.000000000000000000e+00 4.259091901599328079e-04 1.238021561715881708e-02 4.930084454992121612e-02 1.180699253491930140e-01 2.285366293856442299e-01 3.996609746101235094e-01 6.577132886067349471e-01 1.034809061826250876e+00 1.570905008728422647e+00 2.316799518959138382e+00 3.356495902152649258e+00 4.742162612456213289e+00 6.612538115495716795e+00 9.168290292892701032e+00 1.318713299478131518e+01 2.067684043865957477e+01 2.919617297331476635e+01 4.095859861590729167e+01 5.698143688730850442e+01 7.809901282744871764e+01 1.055858410036005921e+02 1.422238482797607446e+02 1.878686344623250761e+02 2.494783910603232187e+02 3.385357796656444975e+02 4.563138852691324701e+02 5.289696447239235795e+02 5.816452428753772210e+02 7.859397966520090222e+02 6.340433571556197876e+02 2.340075863964814857e+02 0.000000000000000000e+00 0.000000000000000000e+00 0.000000000000000000e+00 0.000000000000000000e+00 0.000000000000000000e+00 0.000000000000000000e+00 0.000000000000000000e+00 0.000000000000000000e+00 0.000000000000000000e+00 0.000000000000000000e+00 0.000000000000000000e+00 0.000000000000000000e+00 0.000000000000000000e+00 0.000000000000000000e+00 0.000000000000000000e+00 0.000000000000000000e+00 0.000000000000000000e+00 0.000000000000000000e+00 0.000000000000000000e+00 0.000000000000000000e+00 0.000000000000000000e+00 0.000000000000000000e+00 0.000000000000000000e+00 0.000000000000000000e+00 0.000000000000000000e+00 0.000000000000000000e+00 0.000000000000000000e+00 0.000000000000000000e+00 0.000000000000000000e+00 0.000000000000000000e+00 0.000000000000000000e+00 0.000000000000000000e+00 0.000000000000000000e+00 0.000000000000000000e+00 0.000000000000000000e+00 0.000000000000000000e+00 0.000000000000000000e+00 0.000000000000000000e+00 0.000000000000000000e+00 0.000000000000000000e+00 0.000000000000000000e+00 0.000000000000000000e+00 0.000000000000000000e+00 0.000000000000000000e+00 0.000000000000000000e+00 0.000000000000000000e+00 0.000000000000000000e+00
