0.0076012306214364253748039246261214429978281259536743164062500000 0.0403235491122057587709548442944651469588279724121093750000000000 0.4763636620917170438893606387864565476775169372558593750000000000 -0.0001058979321034752207539297863547744782408699393272399902343750 0.0414291595725312447595634068875369848683476448059082031250000000 0.0147148552181378504399855700057742069475352764129638671875000000 0.0124936472496476585342106702114506333600729703903198242187500000 0.0160293925279919279025531153592964983545243740081787109375000000 0.0067658651872475423713626518917862995294854044914245605468750000 0.0502395797535210020257068208593409508466720581054687500000000000 0.0155659807043382700936229312560499238315969705581665039062500000
0.0403235491122057587709548442944651469588279724121093750000000000 42.8018082869022080672039010096341371536254882812500000000000000000 501.5965451242179256041708867996931076049804687500000000000000000000 -0.0645247530942112401675103683373890817165374755859375000000000000 43.6236534452129447458901267964392900466918945312500000000000000000 10.9432233885590139976784485043026506900787353515625000000000000000 12.7490933315068097897437837673351168632507324218750000000000000000 11.2409951745947278567427929374389350414276123046875000000000000000 8.7596634748958059901724482188001275062561035156250000000000000000 53.3272717399233400215052824933081865310668945312500000000000000000 15.8842439545937779143969237338751554489135742187500000000000000000
0.4763636620917170438893606387864565476775169372558593750000000000 501.5965451242179256041708867996931076049804687500000000000000000000 6073.7774562281911130412481725215911865234375000000000000000000000000 -0.9018988640542766610508351732278242707252502441406250000000000000 528.2340267878629447295679710805416107177734375000000000000000000000 131.8029748866725014977419050410389900207519531250000000000000000000 174.1832274720525504108081804588437080383300781250000000000000000000 152.5729943474922549739858368411660194396972656250000000000000000000 78.1675997265756450360640883445739746093750000000000000000000000000 624.9449809771539321445743553340435028076171875000000000000000000000 217.0169129695735534824052592739462852478027343750000000000000000000
-0.0001058979321034752207539297863547744782408699393272399902343750 -0.0645247530942112401675103683373890817165374755859375000000000000 -0.9018988640542766610508351732278242707252502441406250000000000000 0.0002714982992999382489449078370569168328074738383293151855468750 -0.0784377880401700283696797555421653669327497482299804687500000000 -0.0257968710786143501367817520986136514693498611450195312500000000 -0.0376841195981731172381934413806447992101311683654785156250000000 -0.0320567844685444441887867128571087960153818130493164062500000000 0.0145868687479273201335061571626283694058656692504882812500000000 -0.0803921418259195830202656907204072922468185424804687500000000000 -0.0469510837631246513712568457776797004044055938720703125000000000
0.0414291595725312447595634068875369848683476448059082031250000000 43.6236534452129447458901267964392900466918945312500000000000000000 528.2340267878629447295679710805416107177734375000000000000000000000 -0.0784377880401700283696797555421653669327497482299804687500000000 45.9403047061587201937982172239571809768676757812500000000000000000 11.4628526759099074183723132591694593429565429687500000000000000000 15.1486465069805884553488795063458383083343505859375000000000000000 13.2692130661808320724048826377838850021362304687500000000000000000 6.7982052792484815029183664591982960700988769531250000000000000000 54.3512182001197032832351396791636943817138671875000000000000000000 18.8738752193561047931780194630846381187438964843750000000000000000
0.0147148552181378504399855700057742069475352764129638671875000000 10.9432233885590139976784485043026506900787353515625000000000000000 131.8029748866725014977419050410389900207519531250000000000000000000 -0.0257968710786143501367817520986136514693498611450195312500000000 11.4628526759099074183723132591694593429565429687500000000000000000 4.0797169339690082523475211928598582744598388671875000000000000000 3.7104983114920542242032297508558258414268493652343750000000000000 2.8946419668710152706125882104970514774322509765625000000000000000 0.8168180127840393156546383579552639275789260864257812500000000000 13.6342895477841352658288087695837020874023437500000000000000000000 4.6229530869613748578217382600996643304824829101562500000000000000
0.0124936472496476585342106702114506333600729703903198242187500000 12.7490933315068097897437837673351168632507324218750000000000000000 174.1832274720525504108081804588437080383300781250000000000000000000 -0.0376841195981731172381934413806447992101311683654785156250000000 15.1486465069805884553488795063458383083343505859375000000000000000 3.7104983114920542242032297508558258414268493652343750000000000000 6.9366981210488694031823797558899968862533569335937500000000000000 5.9886888577446226733513867657165974378585815429687500000000000000 -0.4934563403364624623037570927408523857593536376953125000000000000 15.8842439545937779143969237338751554489135742187500000000000000000 8.6425130265392660078305198112502694129943847656250000000000000000
0.0160293925279919279025531153592964983545243740081787109375000000 11.2409951745947278567427929374389350414276123046875000000000000000 152.5729943474922549739858368411660194396972656250000000000000000000 -0.0320567844685444441887867128571087960153818130493164062500000000 13.2692130661808320724048826377838850021362304687500000000000000000 2.8946419668710152706125882104970514774322509765625000000000000000 5.9886888577446226733513867657165974378585815429687500000000000000 5.8259689572700894544254879292566329240798950195312500000000000000 -0.6996785043430083783633222083153668791055679321289062500000000000 14.0052868861201442740593847702257335186004638671875000000000000000 7.4613772376651237294709062553010880947113037109375000000000000000
0.0067658651872475423713626518917862995294854044914245605468750000 8.7596634748958059901724482188001275062561035156250000000000000000 78.1675997265756450360640883445739746093750000000000000000000000000 0.0145868687479273201335061571626283694058656692504882812500000000 6.7982052792484815029183664591982960700988769531250000000000000000 0.8168180127840393156546383579552639275789260864257812500000000000 -0.4934563403364624623037570927408523857593536376953125000000000000 -0.6996785043430083783633222083153668791055679321289062500000000000 6.7313216222001699406973784789443016052246093750000000000000000000 10.9137668050112761619629964116029441356658935546875000000000000000 -0.6148030049693763432472337626677472144365310668945312500000000000
0.0502395797535210020257068208593409508466720581054687500000000000 53.3272717399233400215052824933081865310668945312500000000000000000 624.9449809771539321445743553340435028076171875000000000000000000000 -0.0803921418259195830202656907204072922468185424804687500000000000 54.3512182001197032832351396791636943817138671875000000000000000000 13.6342895477841352658288087695837020874023437500000000000000000000 15.8842439545937779143969237338751554489135742187500000000000000000 14.0052868861201442740593847702257335186004638671875000000000000000 10.9137668050112761619629964116029441356658935546875000000000000000 66.4410693156124807501328177750110626220703125000000000000000000000 19.7903646516978355407445633318275213241577148437500000000000000000
0.0155659807043382700936229312560499238315969705581665039062500000 15.8842439545937779143969237338751554489135742187500000000000000000 217.0169129695735534824052592739462852478027343750000000000000000000 -0.0469510837631246513712568457776797004044055938720703125000000000 18.8738752193561047931780194630846381187438964843750000000000000000 4.6229530869613748578217382600996643304824829101562500000000000000 8.6425130265392660078305198112502694129943847656250000000000000000 7.4613772376651237294709062553010880947113037109375000000000000000 -0.6148030049693763432472337626677472144365310668945312500000000000 19.7903646516978355407445633318275213241577148437500000000000000000 10.7678076961790711862931857467629015445709228515625000000000000000
