2.499869865338872010e+00 -2.120520508063716747e+01 -1.752815075922295023e+02 9.324855333739408281e-02 -2.333450028652592678e+01 -1.165915260006017640e+01 -6.586669618807535542e+00 -5.226427038791077173e-01 4.335804573401836670e+00 -2.894823082735113928e+01 -8.991774980891261038e+00
-2.120520508063716747e+01 1.683402734753705590e+04 1.367446373583675595e+05 -3.853441482613946789e+01 1.820424654860264491e+04 6.438456426640767859e+03 4.824586030066577223e+03 3.438092816446409415e+03 2.613363623282321896e+03 2.298092885955722522e+04 6.586271130775799975e+03
-1.752815075922295023e+02 1.367446373583675595e+05 1.149711519746083068e+06 -3.750384943493255605e+02 1.530563272501568717e+05 5.377476301710786356e+04 4.573420723848919442e+04 3.424527390891056712e+04 1.184160448883055324e+04 1.866765877339726721e+05 6.243393463120034721e+04
9.324855333739408281e-02 -3.853441482613946789e+01 -3.750384943493255605e+02 2.269967859126925391e-01 -4.992731962467757256e+01 -1.995441575868555972e+01 -2.147108992460697507e+01 -1.792472374008958269e+01 1.457351169066824781e+01 -5.260515665573882416e+01 -2.931120283386855618e+01
-2.333450028652592678e+01 1.820424654860264491e+04 1.530563272501568717e+05 -4.992731962467757256e+01 2.037575418612911380e+04 7.158811218977644785e+03 6.088405368997820915e+03 4.558931314640619348e+03 1.576423703408361462e+03 2.485148005515657496e+04 8.311570829992509971e+03
-1.165915260006017640e+01 6.438456426640767859e+03 5.377476301710786356e+04 -1.995441575868555972e+01 7.158811218977644785e+03 2.846203952346486858e+03 2.093146805942539686e+03 1.466968191388650439e+03 2.587753351544639600e+02 8.789442125246305295e+03 2.857453944139677333e+03
-6.586669618807535542e+00 4.824586030066577223e+03 4.573420723848919442e+04 -2.147108992460697507e+01 6.088405368997820915e+03 2.093146805942539686e+03 2.482876759330367804e+03 2.047464364500652891e+03 -8.292493784277968416e+02 6.586271130775799975e+03 3.389492781213006310e+03
-5.226427038791077173e-01 3.438092816446409415e+03 3.424527390891056712e+04 -1.792472374008958269e+01 4.558931314640619348e+03 1.466968191388650439e+03 2.047464364500652891e+03 2.008533630868396585e+03 -1.207280692008383312e+03 4.693503509061930345e+03 2.795090677451715237e+03
4.335804573401836670e+00 2.613363623282321896e+03 1.184160448883055324e+04 1.457351169066824781e+01 1.576423703408361462e+03 2.587753351544639600e+02 -8.292493784277968416e+02 -1.207280692008383312e+03 3.669582529544205045e+03 3.567626585779106335e+03 -1.132047642495330592e+03
-2.894823082735113928e+01 2.298092885955722522e+04 1.866765877339726721e+05 -5.260515665573882416e+01 2.485148005515657496e+04 8.789442125246305295e+03 6.586271130775799975e+03 4.693503509061930345e+03 3.567626585779106335e+03 3.137235554778272854e+04 8.991230985986196174e+03
-8.991774980891261038e+00 6.586271130775799975e+03 6.243393463120034721e+04 -2.931120283386855618e+01 8.311570829992509971e+03 2.857453944139677333e+03 3.389492781213006310e+03 2.795090677451715237e+03 -1.132047642495330592e+03 8.991230985986196174e+03 4.627157296761509315e+03
