1.636415940434128025e-01 -1.511809165928537757e+00 -1.122480651080303993e+01 6.901498435128629143e-03 -1.706632626411980880e+00 -8.577853097280322414e-01 -4.673694737163859303e-01 -6.723939940933180981e-02 2.994389529752811696e-01 -2.144002222877858799e+00 -6.628093102860251884e-01
-1.511809165928537757e+00 1.106361553992169775e+03 8.055244575340911069e+03 -2.671802197168311022e+00 1.224728746350693882e+03 4.402284455977345488e+02 3.128665748906039425e+02 2.253504474978007579e+02 1.714893384448438098e+02 1.569008631859252546e+03 4.436979528548142184e+02
-1.122480651080303993e+01 8.055244575340911069e+03 6.081183321488882211e+04 -2.346847042346768220e+01 9.245901792299862791e+03 3.301576239983877713e+03 2.674065570822655445e+03 2.031626445742060241e+03 6.537432293065379554e+02 1.142370522985179377e+04 3.792279248713010020e+03
6.901498435128629143e-03 -2.671802197168311022e+00 -2.346847042346768220e+01 1.706139695285632807e-02 -3.568173516231874398e+00 -1.459089542604935508e+00 -1.491002921883206378e+00 -1.269785434439230976e+00 1.123835708230505492e+00 -3.789069400370058460e+00 -2.114495434264406892e+00
-1.706632626411980880e+00 1.224728746350693882e+03 9.245901792299862791e+03 -3.568173516231874398e+00 1.405757653297052002e+03 5.019754883364994384e+02 4.065680369580310867e+02 3.088908457930074860e+02 9.939588030819851383e+01 1.736873418799221781e+03 5.765825440367183319e+02
-8.577853097280322414e-01 4.402284455977345488e+02 3.301576239983877713e+03 -1.459089542604935508e+00 5.019754883364994384e+02 2.038030573456437367e+02 1.421369128756530813e+02 1.005741860707749993e+02 1.301252662655084258e+01 6.243187217057935641e+02 2.015742886247333843e+02
-4.673694737163859303e-01 3.128665748906039425e+02 2.674065570822655445e+03 -1.491002921883206378e+00 4.065680369580310867e+02 1.421369128756530813e+02 1.610278084190856589e+02 1.353180592823097186e+02 -6.045167593578749887e+01 4.436979528548142184e+02 2.283647876837842148e+02
-6.723939940933180981e-02 2.253504474978007579e+02 2.031626445742060241e+03 -1.269785434439230976e+00 3.088908457930074860e+02 1.005741860707749993e+02 1.353180592823097186e+02 1.370420721842066882e+02 -8.861095809385740552e+01 3.195852170039316889e+02 1.919039958450044026e+02
2.994389529752811696e-01 1.714893384448438098e+02 6.537432293065379554e+02 1.123835708230505492e+00 9.939588030819851383e+01 1.301252662655084258e+01 -6.045167593578749887e+01 -8.861095809385740552e+01 2.656663299058363918e+02 2.432010144612247018e+02 -8.573074598566547877e+01
-2.144002222877858799e+00 1.569008631859252546e+03 1.142370522985179377e+04 -3.789069400370058460e+00 1.736873418799221781e+03 6.243187217057935641e+02 4.436979528548142184e+02 3.195852170039316889e+02 2.432010144612247018e+02 2.225120782592076921e+03 6.292390723949633866e+02
-6.628093102860251884e-01 4.436979528548142184e+02 3.792279248713010020e+03 -2.114495434264406892e+00 5.765825440367183319e+02 2.015742886247333843e+02 2.283647876837842148e+02 1.919039958450044026e+02 -8.573074598566547877e+01 6.292390723949633866e+02 3.238600634626704959e+02
