0.0763628303431119204169874592480482533574104309082031250000000000 -0.0971286672496898539908016800836776383221149444580078125000000000 -0.8445818235002934271093977258715312927961349487304687500000000000 0.0007594665434752410296953550883358730061445385217666625976562500 -0.1047254969454800982431308398190594743937253952026367187500000000 -0.0925251076850224229985997226322069764137268066406250000000000000 -0.0291800438830391480060644227023658459074795246124267578125000000 0.0676559560106427260173234117246465757489204406738281250000000000 0.0974047041090395360196652063677902333438396453857421875000000000 -0.1301912859248418319335627302280045114457607269287109375000000000 -0.0391129369325133660617588304830860579386353492736816406250000000
-0.0971286672496898539908016800836776383221149444580078125000000000 414.7593344862410731366253457963466644287109375000000000000000000000 3576.1885545423624535033013671636581420898437500000000000000000000000 -0.7367119999682049114042570181482005864381790161132812500000000000 443.4361634649332017943379469215869903564453125000000000000000000000 122.1416993013129825840223929844796657562255859375000000000000000000 119.7317456778664563898928463459014892578125000000000000000000000000 104.2116379870065401291867601685225963592529296875000000000000000000 83.4488995782871114670342649333178997039794921875000000000000000000 555.9434988156692725169705227017402648925781250000000000000000000000 160.4884569841287316194211598485708236694335937500000000000000000000
-0.8445818235002934271093977258715312927961349487304687500000000000 3576.1885545423624535033013671636581420898437500000000000000000000000 32006.2859684213872242253273725509643554687500000000000000000000000000 -7.6956906262375524008234606299083679914474487304687500000000000000 3968.6790671512912922480609267950057983398437500000000000000000000000 1087.2958768413757297821575775742530822753906250000000000000000000000 1220.4262614802346433862112462520599365234375000000000000000000000000 1067.5426055647981229412835091352462768554687500000000000000000000000 507.4319982456643174373311921954154968261718750000000000000000000000 4793.5238875323866523103788495063781738281250000000000000000000000000 1635.8596165033538909483468160033226013183593750000000000000000000000
0.0007594665434752410296953550883358730061445385217666625976562500 -0.7367119999682049114042570181482005864381790161132812500000000000 -7.6956906262375524008234606299083679914474487304687500000000000000 0.0038396471901121493990050037581340802717022597789764404296875000 -0.9542414988654102092624498254735954105854034423828125000000000000 -0.3427486357842323694278263701562536880373954772949218750000000000 -0.4283961136151533954929959691071417182683944702148437500000000000 -0.3720118004179248649698763529158895835280418395996093750000000000 0.2351276526220698881441961702876142226159572601318359375000000000 -0.9874889190598792332309585617622360587120056152343750000000000000 -0.5742222404162529159066252759657800197601318359375000000000000000
-0.1047254969454800982431308398190594743937253952026367187500000000 443.4361634649332017943379469215869903564453125000000000000000000000 3968.6790671512912922480609267950057983398437500000000000000000000000 -0.9542414988654102092624498254735954105854034423828125000000000000 492.1037559179715117352316156029701232910156250000000000000000000000 134.8212782475837911988492123782634735107421875000000000000000000000 151.3290283576505714790982892736792564392089843750000000000000000000 132.3719345686432404818333452567458152770996093750000000000000000000 62.9199761392885221766846370883285999298095703125000000000000000000 594.3819263849986782588530331850051879882812500000000000000000000000 202.8414613060837439206807175651192665100097656250000000000000000000
-0.0925251076850224229985997226322069764137268066406250000000000000 122.1416993013129825840223929844796657562255859375000000000000000000 1087.2958768413757297821575775742530822753906250000000000000000000000 -0.3427486357842323694278263701562536880373954772949218750000000000 134.8212782475837911988492123782634735107421875000000000000000000000 51.1499193332077410900637914892286062240600585937500000000000000000 40.7430312553747100423606752883642911911010742187500000000000000000 31.0324729821164524423693364951759576797485351562500000000000000000 6.1446886006055461137975726160220801830291748046875000000000000000 163.7187593257552578052127500995993614196777343750000000000000000000 54.6119676282308859072145423851907253265380859375000000000000000000
-0.0291800438830391480060644227023658459074795246124267578125000000 119.7317456778664563898928463459014892578125000000000000000000000000 1220.4262614802346433862112462520599365234375000000000000000000000000 -0.4283961136151533954929959691071417182683944702148437500000000000 151.3290283576505714790982892736792564392089843750000000000000000000 40.7430312553747100423606752883642911911010742187500000000000000000 64.7599862463918611865665297955274581909179687500000000000000000000 57.2186044052775457657844526693224906921386718750000000000000000000 -9.9647865507709312282713653985410928726196289062500000000000000000 160.4884569841287316194211598485708236694335937500000000000000000000 86.8042991284818157282643369399011135101318359375000000000000000000
0.0676559560106427260173234117246465757489204406738281250000000000 104.2116379870065401291867601685225963592529296875000000000000000000 1067.5426055647981229412835091352462768554687500000000000000000000000 -0.3720118004179248649698763529158895835280418395996093750000000000 132.3719345686432404818333452567458152770996093750000000000000000000 31.0324729821164524423693364951759576797485351562500000000000000000 57.2186044052775457657844526693224906921386718750000000000000000000 58.8918694820237362819170812144875526428222656250000000000000000000 -14.3498647302968684869028948014602065086364746093750000000000000000 139.6853013846521207597106695175170898437500000000000000000000000000 76.6958293291284718407041509635746479034423828125000000000000000000
0.0974047041090395360196652063677902333438396453857421875000000000 83.4488995782871114670342649333178997039794921875000000000000000000 507.4319982456643174373311921954154968261718750000000000000000000000 0.2351276526220698881441961702876142226159572601318359375000000000 62.9199761392885221766846370883285999298095703125000000000000000000 6.1446886006055461137975726160220801830291748046875000000000000000 -9.9647865507709312282713653985410928726196289062500000000000000000 -14.3498647302968684869028948014602065086364746093750000000000000000 80.9149988468512901818030513823032379150390625000000000000000000000 111.8549224729006823508825618773698806762695312500000000000000000000 -13.3568019797531309933447118964977562427520751953125000000000000000
-0.1301912859248418319335627302280045114457607269287109375000000000 555.9434988156692725169705227017402648925781250000000000000000000000 4793.5238875323866523103788495063781738281250000000000000000000000000 -0.9874889190598792332309585617622360587120056152343750000000000000 594.3819263849986782588530331850051879882812500000000000000000000000 163.7187593257552578052127500995993614196777343750000000000000000000 160.4884569841287316194211598485708236694335937500000000000000000000 139.6853013846521207597106695175170898437500000000000000000000000000 111.8549224729006823508825618773698806762695312500000000000000000000 745.1867822535072036771452985703945159912109375000000000000000000000 215.1187613554345716693205758929252624511718750000000000000000000000
-0.0391129369325133660617588304830860579386353492736816406250000000 160.4884569841287316194211598485708236694335937500000000000000000000 1635.8596165033538909483468160033226013183593750000000000000000000000 -0.5742222404162529159066252759657800197601318359375000000000000000 202.8414613060837439206807175651192665100097656250000000000000000000 54.6119676282308859072145423851907253265380859375000000000000000000 86.8042991284818157282643369399011135101318359375000000000000000000 76.6958293291284718407041509635746479034423828125000000000000000000 -13.3568019797531309933447118964977562427520751953125000000000000000 215.1187613554345716693205758929252624511718750000000000000000000000 116.3525007327617259988983278162777423858642578125000000000000000000
