2.252635755137194773e-01 4.333102270063101669e-01 2.551557647008411589e+00 -3.453890409146682071e-03 4.952205723432536177e-01 3.140047030376573733e-01 1.090524936007354062e-01 3.669178716182882605e-01 1.852491379351335274e-02 6.692342857609591134e-01 1.684282140524618887e-01
4.333102270063101669e-01 1.657254593668782718e+03 9.874940102779537483e+03 -4.789512397876768190e+00 1.916583579950643752e+03 7.581215265293014909e+02 4.419989724005872631e+02 3.166474851006468043e+02 2.196604797378298883e+02 2.559578623335480188e+03 6.826537851304328797e+02
2.551557647008411589e+00 9.874940102779537483e+03 6.116011356657044234e+04 -3.492549224920102802e+01 1.187029675011513064e+04 4.668847642687213011e+03 3.131102536344583314e+03 2.393857604176978384e+03 4.259500051373404403e+02 1.525154052392045560e+04 4.835891329018593751e+03
-3.453890409146682071e-03 -4.789512397876768190e+00 -3.492549224920102802e+01 3.877315289446890689e-02 -6.778534782977670758e+00 -3.033276545463071905e+00 -2.647162732800151019e+00 -2.327742502504043021e+00 2.745493788462705531e+00 -7.397254227949799699e+00 -4.088461223309039383e+00
4.952205723432536177e-01 1.916583579950643752e+03 1.187029675011513064e+04 -6.778534782977670758e+00 2.303853552894817767e+03 9.061560511893019338e+02 6.077018843497303351e+02 4.646132664251984465e+02 8.267075822529116635e+01 2.960104246998933377e+03 9.385768236724720737e+02
3.140047030376573733e-01 7.581215265293014909e+02 4.668847642687213011e+03 -3.033276545463071905e+00 9.061560511893019338e+02 3.990992436270263397e+02 2.346869163556406193e+02 1.671046674755164929e+02 -1.004725665924607014e+01 1.170895323270216977e+03 3.624667064283754030e+02
1.090524936007354062e-01 4.419989724005872631e+02 3.131102536344583314e+03 -2.647162732800151019e+00 6.077018843497303351e+02 2.346869163556406193e+02 2.245636643917966353e+02 1.932070244307928704e+02 -1.307799087843841335e+02 6.826537851304328797e+02 3.468316558910091203e+02
3.669178716182882605e-01 3.166474851006468043e+02 2.393857604176978384e+03 -2.327742502504043021e+00 4.646132664251984465e+02 1.671046674755164929e+02 1.932070244307928704e+02 2.076657083699880104e+02 -1.821149766691287084e+02 4.890522778412270100e+02 2.984022922612874140e+02
1.852491379351335274e-02 2.196604797378298883e+02 4.259500051373404403e+02 2.745493788462705531e+00 8.267075822529116635e+01 -1.004725665924607014e+01 -1.307799087843841335e+02 -1.821149766691287084e+02 5.168449393168814368e+02 3.392588383682791573e+02 -2.019855369024698177e+02
6.692342857609591134e-01 2.559578623335480188e+03 1.525154052392045560e+04 -7.397254227949799699e+00 2.960104246998933377e+03 1.170895323270216977e+03 6.826537851304328797e+02 4.890522778412270100e+02 3.392588383682791573e+02 3.953190266640054688e+03 1.054337723506182101e+03
1.684282140524618887e-01 6.826537851304328797e+02 4.835891329018593751e+03 -4.088461223309039383e+00 9.385768236724720737e+02 3.624667064283754030e+02 3.468316558910091203e+02 2.984022922612874140e+02 -2.019855369024698177e+02 1.054337723506182101e+03 5.356707989865420814e+02
