3.401662820939201914e+00 -3.439817934832264967e+01 -2.674434064470592034e+02 1.540772974059744782e-01 -3.837211126481067680e+01 -1.917130567427746257e+01 -1.063685730823398323e+01 -1.852881466988149928e+00 6.450191008126174630e+00 -4.794682044138467347e+01 -1.482646747823862299e+01
-3.439817934832264967e+01 2.402123301373346112e+04 1.831317644281779940e+05 -5.805214042182043244e+01 2.627528767343223080e+04 9.554814126247314562e+03 6.787239100952576337e+03 4.809356912041998839e+03 3.568423624936763190e+03 3.348263681130849727e+04 9.460574385951822478e+03
-2.674434064470592034e+02 1.831317644281779940e+05 1.446534230197577970e+06 -5.328022374237229997e+02 2.075451145604754565e+05 7.498988004447688581e+04 6.063426037671756785e+04 4.533766774266861466e+04 1.384014617420395552e+04 2.552630980040509021e+05 8.451668227668585314e+04
1.540772974059744782e-01 -5.805214042182043244e+01 -5.328022374237229997e+02 3.681278745779847372e-01 -7.644513285322005913e+01 -3.144426871151909708e+01 -3.232295936784023382e+01 -2.716514056977500502e+01 2.440761202921388673e+01 -8.091752545556745702e+01 -4.505421967978605124e+01
-3.837211126481067680e+01 2.627528767343223080e+04 2.075451145604754565e+05 -7.644513285322005913e+01 2.977805410939871581e+04 1.075936049061311132e+04 8.699652074224808530e+03 6.504935209360167391e+03 1.985749568378029608e+03 3.662451106399081618e+04 1.212624225490342724e+04
-1.917130567427746257e+01 9.554814126247314562e+03 7.498988004447688581e+04 -3.144426871151909708e+01 1.075936049061311132e+04 4.389600711175481592e+03 3.078452774232294360e+03 2.150007517308396473e+03 2.551149133477319992e+02 1.331823270711346595e+04 4.290983569471846749e+03
-1.063685730823398323e+01 6.787239100952576337e+03 6.063426037671756785e+04 -3.232295936784023382e+01 8.699652074224808530e+03 3.078452774232294360e+03 3.486359303925835320e+03 2.889089293379836363e+03 -1.349860002985231631e+03 9.460574385951822478e+03 4.859554973732469080e+03
-1.852881466988149928e+00 4.809356912041998839e+03 4.533766774266861466e+04 -2.716514056977500502e+01 6.504935209360167391e+03 2.150007517308396473e+03 2.889089293379836363e+03 2.880423757545980607e+03 -1.920594178890382864e+03 6.703650503277414828e+03 4.027034227192743856e+03
6.450191008126174630e+00 3.568423624936763190e+03 1.384014617420395552e+04 2.440761202921388673e+01 1.985749568378029608e+03 2.551149133477319992e+02 -1.349860002985231631e+03 -1.920594178890382864e+03 5.653220384440407543e+03 4.973942518035653848e+03 -1.881538395644648517e+03
-4.794682044138467347e+01 3.348263681130849727e+04 2.552630980040509021e+05 -8.091752545556745702e+01 3.662451106399081618e+04 1.331823270711346595e+04 9.460574385951822478e+03 6.703650503277414828e+03 4.973942518035653848e+03 4.667066703849218902e+04 1.318687412965401745e+04
-1.482646747823862299e+01 9.460574385951822478e+03 8.451668227668585314e+04 -4.505421967978605124e+01 1.212624225490342724e+04 4.290983569471846749e+03 4.859554973732469080e+03 4.027034227192743856e+03 -1.881538395644648517e+03 1.318687412965401745e+04 6.773620411452103326e+03
