0.0037062096298226977070244814171928737778216600418090820312500000 0.0190222921141589770832602823702472960576415061950683593750000000 0.2357586015613061247719883795070927590131759643554687500000000000 -0.0000461940593578440169392727854269509180085151456296443939208984 0.0194704011927286715910589975919720018282532691955566406250000000 0.0064719381798359820398558461818083742400631308555603027343750000 0.0059783618692417070036859705339793435996398329734802246093750000 0.0076429715187623856187393300842813914641737937927246093750000000 0.0035484756551835043916764966809296311112120747566223144531250000 0.0234993842700325708539033087163261370733380317687988281250000000 0.0073854308422721930832421932677789300214499235153198242187500000
0.0190222921141589770832602823702472960576415061950683593750000000 20.3342069362224826534202293260022997856140136718750000000000000000 250.6754887873872519321594154462218284606933593750000000000000000000 -0.0299416152186562332937480590544510050676763057708740234375000000 20.7023298558403077151979232439771294593811035156250000000000000000 4.9395423616141211908825425780378282070159912109375000000000000000 6.2265349095184152616866413154639303684234619140625000000000000000 5.5314191388037627916673955041915178298950195312500000000000000000 4.1662715808683516982569017272908240556716918945312500000000000000 25.1200717428252886520567699335515499114990234375000000000000000000 7.6920139608535640363129459728952497243881225585937500000000000000
0.2357586015613061247719883795070927590131759643554687500000000000 250.6754887873872519321594154462218284606933593750000000000000000000 3191.6900101155879383441060781478881835937500000000000000000000000000 -0.4382211065169714370171050177305005490779876708984375000000000000 263.5894706205028228396258782595396041870117187500000000000000000000 62.4903065500690573230713198427110910415649414062500000000000000000 89.1570226130375544926209840923547744750976562500000000000000000000 78.6226822357086518877622438594698905944824218750000000000000000000 39.4785937553647983122573350556194782257080078125000000000000000000 309.6745440949449061918130610138177871704101562500000000000000000000 110.1410451580787963621332892216742038726806640625000000000000000000
-0.0000461940593578440169392727854269509180085151456296443939208984 -0.0299416152186562332937480590544510050676763057708740234375000000 -0.4382211065169714370171050177305005490779876708984375000000000000 0.0001226437049312069653590751006078107820940203964710235595703125 -0.0361910051149849018581328152777132345363497734069824218750000000 -0.0116461910916909380103723137267479614820331335067749023437500000 -0.0176162740549633545228402908833231776952743530273437500000000000 -0.0149929096285053957415822623033818672411143779754638671875000000 0.0065547798025571823304913365859647456090897321701049804687500000 -0.0369886824083063697754525378513790201395750045776367187500000000 -0.0217624453950874922891767226929005119018256664276123046875000000
0.0194704011927286715910589975919720018282532691955566406250000000 20.7023298558403077151979232439771294593811035156250000000000000000 263.5894706205028228396258782595396041870117187500000000000000000000 -0.0361910051149849018581328152777132345363497734069824218750000000 21.7688462230956645271362503990530967712402343750000000000000000000 5.1608354101559834603563103883061558008193969726562500000000000000 7.3631374971216825287001483957283198833465576171875000000000000000 6.4931466162416953125102736521512269973754882812500000000000000000 3.2603860637586277171351412107469514012336730957031250000000000000 25.5748361789295195478644018294289708137512207031250000000000000000 9.0961276611432175798199750715866684913635253906250000000000000000
0.0064719381798359820398558461818083742400631308555603027343750000 4.9395423616141211908825425780378282070159912109375000000000000000 62.4903065500690573230713198427110910415649414062500000000000000000 -0.0116461910916909380103723137267479614820331335067749023437500000 5.1608354101559834603563103883061558008193969726562500000000000000 1.8383541177449247427944101218599826097488403320312500000000000000 1.7077263672593014920408904799842275679111480712890625000000000000 1.3285010638966161522489528579171746969223022460937500000000000000 0.3340146763292098919251316146983299404382705688476562500000000000 6.1021144758509180405781080480664968490600585937500000000000000000 2.1096573373732621092813133145682513713836669921875000000000000000
0.0059783618692417070036859705339793435996398329734802246093750000 6.2265349095184152616866413154639303684234619140625000000000000000 89.1570226130375544926209840923547744750976562500000000000000000000 -0.0176162740549633545228402908833231776952743530273437500000000000 7.3631374971216825287001483957283198833465576171875000000000000000 1.7077263672593014920408904799842275679111480712890625000000000000 3.4221470455685740752471701853210106492042541503906250000000000000 2.9690767545614122902009057725081220269203186035156250000000000000 -0.1767567119473489878345162651385180652141571044921875000000000000 7.6920139608535640363129459728952497243881225585937500000000000000 4.2275845607751030286181048722937703132629394531250000000000000000
0.0076429715187623856187393300842813914641737937927246093750000000 5.5314191388037627916673955041915178298950195312500000000000000000 78.6226822357086518877622438594698905944824218750000000000000000000 -0.0149929096285053957415822623033818672411143779754638671875000000 6.4931466162416953125102736521512269973754882812500000000000000000 1.3285010638966161522489528579171746969223022460937500000000000000 2.9690767545614122902009057725081220269203186035156250000000000000 2.8843983832212156670493641286157071590423583984375000000000000000 -0.2590913218703834175471456546802073717117309570312500000000000000 6.8332955419504690652843237330671399831771850585937500000000000000 3.6678795154620869034545194153906777501106262207031250000000000000
0.0035484756551835043916764966809296311112120747566223144531250000 4.1662715808683516982569017272908240556716918945312500000000000000 39.4785937553647983122573350556194782257080078125000000000000000000 0.0065547798025571823304913365859647456090897321701049804687500000 3.2603860637586277171351412107469514012336730957031250000000000000 0.3340146763292098919251316146983299404382705688476562500000000000 -0.1767567119473489878345162651385180652141571044921875000000000000 -0.2590913218703834175471456546802073717117309570312500000000000000 3.1437085467030141394673137256177142262458801269531250000000000000 5.1468464612246833667086320929229259490966796875000000000000000000 -0.2183582226279910665223127352874143980443477630615234375000000000
0.0234993842700325708539033087163261370733380317687988281250000000 25.1200717428252886520567699335515499114990234375000000000000000000 309.6745440949449061918130610138177871704101562500000000000000000000 -0.0369886824083063697754525378513790201395750045776367187500000000 25.5748361789295195478644018294289708137512207031250000000000000000 6.1021144758509180405781080480664968490600585937500000000000000000 7.6920139608535640363129459728952497243881225585937500000000000000 6.8332955419504690652843237330671399831771850585937500000000000000 5.1468464612246833667086320929229259490966796875000000000000000000 31.0323390700141281683954730397090315818786621093750000000000000000 9.5024085841899452731240671710111200809478759765625000000000000000
0.0073854308422721930832421932677789300214499235153198242187500000 7.6920139608535640363129459728952497243881225585937500000000000000 110.1410451580787963621332892216742038726806640625000000000000000000 -0.0217624453950874922891767226929005119018256664276123046875000000 9.0961276611432175798199750715866684913635253906250000000000000000 2.1096573373732621092813133145682513713836669921875000000000000000 4.2275845607751030286181048722937703132629394531250000000000000000 3.6678795154620869034545194153906777501106262207031250000000000000 -0.2183582226279910665223127352874143980443477630615234375000000000 9.5024085841899452731240671710111200809478759765625000000000000000 5.2225900817580415136376359441783279180526733398437500000000000000
