0.0428621827988991885294289829744229791685938835144042968750000000 0.0239937113090952364169439192664867732673883438110351562500000000 0.2255852129037789199905716941430000588297843933105468750000000000 0.0002083994681204387694559848620556863352248910814523696899414062 0.0279718588152780729683133387197813135571777820587158203125000000 -0.0217750063578861438595701827125594718381762504577636718750000000 0.0099296245260948635957820584962973953224718570709228515625000000 0.0508551806571837933246271745701960753649473190307617187500000000 0.0569650942835393872543114923701068619266152381896972656250000000 0.0321611756641346016594162904311815509572625160217285156250000000 0.0133096707945126405819857851042797847185283899307250976562500000
0.0239937113090952364169439192664867732673883438110351562500000000 206.8018688531449811307538766413927078247070312500000000000000000000 1811.0107755095457378047285601496696472167968750000000000000000000000 -0.3447372886700399430282004686887376010417938232421875000000000000 224.5596556326916584112041164189577102661132812500000000000000000000 53.1303097105148154355447331909090280532836914062500000000000000000 64.1786156196551615948919788934290409088134765625000000000000000000 58.6593302390418998015775287058204412460327148437500000000000000000 44.2696466531113230757910059764981269836425781250000000000000000000 277.1972683248929456567566376179456710815429687500000000000000000000 86.0250298186373072439891984686255455017089843750000000000000000000
0.2255852129037789199905716941430000588297843933105468750000000000 1811.0107755095457378047285601496696472167968750000000000000000000000 16473.2596117262073676101863384246826171875000000000000000000000000000 -3.6293207875527935257764511334244161844253540039062500000000000000 2042.6325207901375051733339205384254455566406250000000000000000000000 479.1566427184666849825589451938867568969726562500000000000000000000 660.5865303883296064668684266507625579833984375000000000000000000000 604.2341499446827128849690780043601989746093750000000000000000000000 286.0637470037418097490444779396057128906250000000000000000000000000 2427.4792228047008393332362174987792968750000000000000000000000000000 885.4503236907238488129223696887493133544921875000000000000000000000
0.0002083994681204387694559848620556863352248910814523696899414062 -0.3447372886700399430282004686887376010417938232421875000000000000 -3.6293207875527935257764511334244161844253540039062500000000000000 0.0016937367666547214171968160911774248233996331691741943359375000 -0.4500243937003173266830913235025946050882339477539062500000000000 -0.1515693472239253991595830939331790432333946228027343750000000000 -0.2049912227380210061333798421401297673583030700683593750000000000 -0.1823567305694639428814696202607592567801475524902343750000000000 0.1005424710116816083838031659070111345499753952026367187500000000 -0.4620859339376897634288354765885742381215095520019531250000000000 -0.2747702778929455025291872516390867531299591064453125000000000000
0.0279718588152780729683133387197813135571777820587158203125000000 224.5596556326916584112041164189577102661132812500000000000000000000 2042.6325207901375051733339205384254455566406250000000000000000000000 -0.4500243937003173266830913235025946050882339477539062500000000000 253.2800255281266288420738419517874717712402343750000000000000000000 59.4139207441774885865015676245093345642089843750000000000000000000 81.9106577308247665314411278814077377319335937500000000000000000000 74.9231393142392363415638101287186145782470703125000000000000000000 35.4710073428931309535983018577098846435546875000000000000000000000 300.9998094435217126374482177197933197021484375000000000000000000000 109.7930627783811843301009503193199634552001953125000000000000000000
-0.0217750063578861438595701827125594718381762504577636718750000000 53.1303097105148154355447331909090280532836914062500000000000000000 479.1566427184666849825589451938867568969726562500000000000000000000 -0.1515693472239253991595830939331790432333946228027343750000000000 59.4139207441774885865015676245093345642089843750000000000000000000 22.6388348541543074077253550058230757713317871093750000000000000000 18.7174438283419632966797507833689451217651367187500000000000000000 14.4097113998247454702550385263748466968536376953125000000000000000 1.8043607952103655200915000023087486624717712402343750000000000000 71.2158782639853740192847908474504947662353515625000000000000000000 25.0888656278316553027707414003089070320129394531250000000000000000
0.0099296245260948635957820584962973953224718570709228515625000000 64.1786156196551615948919788934290409088134765625000000000000000000 660.5865303883296064668684266507625579833984375000000000000000000000 -0.2049912227380210061333798421401297673583030700683593750000000000 81.9106577308247665314411278814077377319335937500000000000000000000 18.7174438283419632966797507833689451217651367187500000000000000000 35.7424544903268497364479117095470428466796875000000000000000000000 32.7420695854674477232038043439388275146484375000000000000000000000 -2.5774072148879452193170891405316069722175598144531250000000000000 86.0250298186373072439891984686255455017089843750000000000000000000 47.9091934850023548619901703204959630966186523437500000000000000000
0.0508551806571837933246271745701960753649473190307617187500000000 58.6593302390418998015775287058204412460327148437500000000000000000 604.2341499446827128849690780043601989746093750000000000000000000000 -0.1823567305694639428814696202607592567801475524902343750000000000 74.9231393142392363415638101287186145782470703125000000000000000000 14.4097113998247454702550385263748466968536376953125000000000000000 32.7420695854674477232038043439388275146484375000000000000000000000 34.3447735792293329382118827197700738906860351562500000000000000000 -4.5305831155420035472047857183497399091720581054687500000000000000 78.6269785384626800350815756246447563171386718750000000000000000000 43.8874769301056630865787155926227569580078125000000000000000000000
0.0569650942835393872543114923701068619266152381896972656250000000 44.2696466531113230757910059764981269836425781250000000000000000000 286.0637470037418097490444779396057128906250000000000000000000000000 0.1005424710116816083838031659070111345499753952026367187500000000 35.4710073428931309535983018577098846435546875000000000000000000000 1.8043607952103655200915000023087486624717712402343750000000000000 -2.5774072148879452193170891405316069722175598144531250000000000000 -4.5305831155420035472047857183497399091720581054687500000000000000 39.9279980651481665177016111556440591812133789062500000000000000000 59.3390436459978687366856320295482873916625976562500000000000000000 -3.4547571706673347868843393371207639575004577636718750000000000000
0.0321611756641346016594162904311815509572625160217285156250000000 277.1972683248929456567566376179456710815429687500000000000000000000 2427.4792228047008393332362174987792968750000000000000000000000000000 -0.4620859339376897634288354765885742381215095520019531250000000000 300.9998094435217126374482177197933197021484375000000000000000000000 71.2158782639853740192847908474504947662353515625000000000000000000 86.0250298186373072439891984686255455017089843750000000000000000000 78.6269785384626800350815756246447563171386718750000000000000000000 59.3390436459978687366856320295482873916625976562500000000000000000 371.5552765209654353384394198656082153320312500000000000000000000000 115.3079679866301319179910933598875999450683593750000000000000000000
0.0133096707945126405819857851042797847185283899307250976562500000 86.0250298186373072439891984686255455017089843750000000000000000000 885.4503236907238488129223696887493133544921875000000000000000000000 -0.2747702778929455025291872516390867531299591064453125000000000000 109.7930627783811843301009503193199634552001953125000000000000000000 25.0888656278316553027707414003089070320129394531250000000000000000 47.9091934850023548619901703204959630966186523437500000000000000000 43.8874769301056630865787155926227569580078125000000000000000000000 -3.4547571706673347868843393371207639575004577636718750000000000000 115.3079679866301319179910933598875999450683593750000000000000000000 64.2174929817586530589323956519365310668945312500000000000000000000
