1.510668478447932672e-01 4.591305316498134337e-01 3.478401082718171722e+00 -6.171497979289020932e-04 5.983594061125598884e-01 1.811463792658254968e-01 2.176593598867275214e-01 2.498388248520222177e-01 1.039367563720500071e-01 6.780188896395331621e-01 3.214274532772960491e-01
4.591305316498134337e-01 5.150913733189634058e+02 3.675998393911169842e+03 -6.850412822519758027e-01 6.323503712034768114e+02 4.648695426803693209e+01 1.992986755766882254e+02 2.279435128285389851e+02 1.534222799088782097e+02 7.606588038170336858e+02 2.943133976204403552e+02
3.478401082718171722e+00 3.675998393911169842e+03 2.743591809608936455e+04 -5.756218413211574791e+00 4.719564900002929789e+03 3.192820970401350564e+02 1.660641232844105161e+03 1.875018999081764150e+03 9.244766640423800936e+02 5.428513630754036058e+03 2.452344261961135544e+03
-6.171497979289020932e-04 -6.850412822519758027e-01 -5.756218413211574791e+00 3.159973717001183201e-03 -9.901927205277734068e-01 -2.616804726226005240e-01 -4.370587862543411917e-01 -4.449324506172540050e-01 1.661631199761711419e-01 -1.011631546002230264e+00 -6.454245416843449323e-01
5.983594061125598884e-01 6.323503712034768114e+02 4.719564900002929789e+03 -9.901927205277734068e-01 8.118661372048114799e+02 5.492335168491173647e+01 2.856658212267284966e+02 3.225433836007210857e+02 1.590297652589990207e+02 9.338204867489391745e+02 4.218556806059676774e+02
1.811463792658254968e-01 4.648695426803693209e+01 3.192820970401350564e+02 -2.616804726226005240e-01 5.492335168491173647e+01 5.592233757119573312e+01 1.551251454652315864e+01 2.479390162298259703e+00 -2.155908153645902559e+01 6.864939476422851783e+01 2.290803412823964536e+01
2.176593598867275214e-01 1.992986755766882254e+02 1.660641232844105161e+03 -4.370587862543411917e-01 2.856658212267284966e+02 1.551251454652315864e+01 1.243745517188524303e+02 1.374311770419923562e+02 2.556327943993843732e+01 2.943133976204403552e+02 1.836695441551458714e+02
2.498388248520222177e-01 2.279435128285389851e+02 1.875018999081764150e+03 -4.449324506172540050e-01 3.225433836007210857e+02 2.479390162298259703e+00 1.374311770419923562e+02 1.693032294073814512e+02 2.924634061785267392e+01 3.366145285812066277e+02 2.029508552285440715e+02
1.039367563720500071e-01 1.534222799088782097e+02 9.244766640423800936e+02 1.661631199761711419e-01 1.590297652589990207e+02 -2.155908153645902559e+01 2.556327943993843732e+01 2.924634061785267392e+01 1.208100292445572990e+02 2.265656424459341167e+02 3.775045471084434467e+01
6.780188896395331621e-01 7.606588038170336858e+02 5.428513630754036058e+03 -1.011631546002230264e+00 9.338204867489391745e+02 6.864939476422851783e+01 2.943133976204403552e+02 3.366145285812066277e+02 2.265656424459341167e+02 1.123299371325462289e+03 4.346259490598407638e+02
3.214274532772960491e-01 2.943133976204403552e+02 2.452344261961135544e+03 -6.454245416843449323e-01 4.218556806059676774e+02 2.290803412823964536e+01 1.836695441551458714e+02 2.029508552285440715e+02 3.775045471084434467e+01 4.346259490598407638e+02 2.712331500612410764e+02
