# A b_HI Tb sigma_NL sigma8tot n_s f DA H omegak omegaDE w0 wa h gamma sigma_8 fs8 bs8 pk0 pk1 pk2 pk3 pk4 pk5 pk6 pk7 pk8 pk9 pk10 pk11 pk12 pk13 pk14 pk15 pk16 pk17 pk18 pk19 pk20 pk21 pk22 pk23 pk24 pk25 pk26 pk27 pk28 pk29 pk30 pk31 pk32 pk33 pk34 pk35 pk36 pk37 pk38 pk39 pk40 pk41 pk42 pk43 pk44 pk45 pk46 pk47 pk48 pk49 pk50 pk51 pk52 pk53 pk54 pk55 pk56 pk57 pk58 pk59 pk60 pk61 pk62 pk63 pk64 pk65 pk66 pk67 pk68 pk69 pk70 pk71 pk72 pk73 pk74 pk75 pk76 pk77 pk78 pk79 pk80 pk81 pk82 pk83 pk84 pk85 pk86 pk87 pk88 pk89
7.553899925610978450e+00 1.486764016667239119e+01 8.396406254586902662e+01 -1.165545797353079727e-01 1.712342978500651824e+01 1.108390498227505105e+01 3.647703848242634272e+00 -9.456754535861536581e+00 1.003107398823258750e-01 1.827987838259669218e+01 -6.392937336959602090e-01 -4.883397652616405238e-01 -2.422893650279547006e-01 1.897861128112797857e+01 -3.106985737069088760e+00 1.368402114228761768e+01 2.342702266384569398e+01 5.747707085037887076e+00 0.000000000000000000e+00 0.000000000000000000e+00 0.000000000000000000e+00 0.000000000000000000e+00 0.000000000000000000e+00 0.000000000000000000e+00 0.000000000000000000e+00 0.000000000000000000e+00 0.000000000000000000e+00 0.000000000000000000e+00 -8.453037263274308493e-25 -7.562009790180218590e-19 -8.044675930291639933e-18 1.816817530828248455e-17 2.061592943137974323e-17 -1.893518401937707323e-17 -2.378490572060081378e-16 -1.785311610691860813e-16 -3.655451858082535941e-16 3.854465800614349650e-16 -2.159027009178531180e-15 -6.736717754322161358e-16 -5.856981411421042114e-16 -2.693139743743218619e-15 -5.777987841980895440e-15 -4.588584875998858850e-15 -1.874523359877862741e-02 -4.215763489112419604e-01 -1.078423716825647638e+00 -1.362467424869855837e+00 -3.063906032887808162e-01 2.660965316686062287e+00 6.140288301624531542e+00 5.114740992653710627e+00 -5.567365163142381945e+00 -1.608859498086990669e+01 7.270572293279704557e-01 2.666879010377812875e+01 -5.891178864641726243e+00 -3.640049830248064922e+01 3.789340708402590963e+01 -1.900594388492070763e+01 -6.530954121110948307e+00 2.060860311482808527e+01 0.000000000000000000e+00 0.000000000000000000e+00 0.000000000000000000e+00 0.000000000000000000e+00 0.000000000000000000e+00 0.000000000000000000e+00 0.000000000000000000e+00 0.000000000000000000e+00 0.000000000000000000e+00 0.000000000000000000e+00 0.000000000000000000e+00 0.000000000000000000e+00 0.000000000000000000e+00 0.000000000000000000e+00 0.000000000000000000e+00 0.000000000000000000e+00 0.000000000000000000e+00 0.000000000000000000e+00 0.000000000000000000e+00 0.000000000000000000e+00 0.000000000000000000e+00 0.000000000000000000e+00 0.000000000000000000e+00 0.000000000000000000e+00 0.000000000000000000e+00 0.000000000000000000e+00 0.000000000000000000e+00 0.000000000000000000e+00 0.000000000000000000e+00 0.000000000000000000e+00 0.000000000000000000e+00 0.000000000000000000e+00 0.000000000000000000e+00 0.000000000000000000e+00 0.000000000000000000e+00 0.000000000000000000e+00 0.000000000000000000e+00 0.000000000000000000e+00 0.000000000000000000e+00 0.000000000000000000e+00 0.000000000000000000e+00 0.000000000000000000e+00 0.000000000000000000e+00 0.000000000000000000e+00 0.000000000000000000e+00 0.000000000000000000e+00
1.486764016667239119e+01 5.647635769140523917e+04 3.170651687493664213e+05 -1.487803989810685152e+02 6.466151100520020555e+04 2.532832319308547449e+04 1.343931765305914087e+04 -7.783788122981290144e+03 1.015207684487759798e+04 5.295065773778635048e+04 4.667624009333776485e+03 -5.557583825848391825e+03 -1.237832456539861141e+03 2.910074976932620484e+04 -1.180222522617595496e+04 5.198025133948041184e+04 8.899010850247983763e+04 2.117640699635683995e+04 0.000000000000000000e+00 0.000000000000000000e+00 0.000000000000000000e+00 0.000000000000000000e+00 0.000000000000000000e+00 0.000000000000000000e+00 0.000000000000000000e+00 0.000000000000000000e+00 0.000000000000000000e+00 0.000000000000000000e+00 1.378734663488581843e-09 6.598800744568001590e-04 8.609001984379536024e-03 3.044035034060576378e-02 7.274904659429420883e-02 1.477400457985805493e-01 2.703277717600203189e-01 4.665033353494703605e-01 7.746508436329383462e-01 1.248825600216472598e+00 1.966984015397529761e+00 3.041235697815606542e+00 4.671488349667102469e+00 7.059529830507951687e+00 1.057171960999919769e+01 1.574327464124978349e+01 2.335791255518598675e+01 3.434852613196674298e+01 5.025269910684889396e+01 7.368255025823786752e+01 1.074643572583980671e+02 1.560591114477361430e+02 2.257444697165144305e+02 3.260486316812757650e+02 4.666822575895749878e+02 6.654445781580155881e+02 9.527481084918742908e+02 1.357260031371734840e+03 1.900949556512030085e+03 2.640550234673630257e+03 3.681634982651853079e+03 4.960985234995071551e+03 6.546451639969085591e+03 2.752805335766137887e+03 0.000000000000000000e+00 0.000000000000000000e+00 0.000000000000000000e+00 0.000000000000000000e+00 0.000000000000000000e+00 0.000000000000000000e+00 0.000000000000000000e+00 0.000000000000000000e+00 0.000000000000000000e+00 0.000000000000000000e+00 0.000000000000000000e+00 0.000000000000000000e+00 0.000000000000000000e+00 0.000000000000000000e+00 0.000000000000000000e+00 0.000000000000000000e+00 0.000000000000000000e+00 0.000000000000000000e+00 0.000000000000000000e+00 0.000000000000000000e+00 0.000000000000000000e+00 0.000000000000000000e+00 0.000000000000000000e+00 0.000000000000000000e+00 0.000000000000000000e+00 0.000000000000000000e+00 0.000000000000000000e+00 0.000000000000000000e+00 0.000000000000000000e+00 0.000000000000000000e+00 0.000000000000000000e+00 0.000000000000000000e+00 0.000000000000000000e+00 0.000000000000000000e+00 0.000000000000000000e+00 0.000000000000000000e+00 0.000000000000000000e+00 0.000000000000000000e+00 0.000000000000000000e+00 0.000000000000000000e+00 0.000000000000000000e+00 0.000000000000000000e+00 0.000000000000000000e+00 0.000000000000000000e+00 0.000000000000000000e+00 0.000000000000000000e+00
8.396406254586902662e+01 3.170651687493664213e+05 1.853106901809153147e+06 -1.045864152263463666e+03 3.779181825546532054e+05 1.477139679123318929e+05 9.163878016165120061e+04 -5.529077727394385147e+04 2.566633769747574479e+04 2.882935669821602642e+05 4.040608814765683201e+04 -3.553894919867122371e+04 -7.890094612276150656e+03 1.445354209308774152e+05 -6.625913366089804913e+04 2.918234786429045489e+05 4.996013362536150962e+05 1.443957316472142411e+05 0.000000000000000000e+00 0.000000000000000000e+00 0.000000000000000000e+00 0.000000000000000000e+00 0.000000000000000000e+00 0.000000000000000000e+00 0.000000000000000000e+00 0.000000000000000000e+00 0.000000000000000000e+00 0.000000000000000000e+00 1.245196681447553228e-08 5.669501336291699750e-03 7.053471716145283399e-02 2.381216368914626513e-01 5.465536792332454930e-01 1.071322599277672927e+00 1.901916630749070913e+00 3.196874581295479079e+00 5.189384431713925494e+00 8.204387773469102640e+00 1.270352445555643150e+01 1.935860484617084154e+01 2.935482765219072121e+01 4.388827282041737021e+01 6.511295231041134457e+01 9.618209821324049358e+01 1.417068863203574267e+02 2.071619202938285582e+02 3.015928329422146703e+02 4.401722416362770787e+02 6.395545878662493351e+02 9.257068529361085893e+02 1.335437495723574784e+03 1.924715609935398561e+03 2.750068383262196221e+03 3.916178194421443095e+03 5.599426352539956497e+03 7.968971667327024988e+03 1.115445267025721114e+04 1.548248595288699653e+04 2.155600607492343261e+04 2.898368041692725092e+04 3.807201109443454334e+04 1.593296728516063195e+04 0.000000000000000000e+00 0.000000000000000000e+00 0.000000000000000000e+00 0.000000000000000000e+00 0.000000000000000000e+00 0.000000000000000000e+00 0.000000000000000000e+00 0.000000000000000000e+00 0.000000000000000000e+00 0.000000000000000000e+00 0.000000000000000000e+00 0.000000000000000000e+00 0.000000000000000000e+00 0.000000000000000000e+00 0.000000000000000000e+00 0.000000000000000000e+00 0.000000000000000000e+00 0.000000000000000000e+00 0.000000000000000000e+00 0.000000000000000000e+00 0.000000000000000000e+00 0.000000000000000000e+00 0.000000000000000000e+00 0.000000000000000000e+00 0.000000000000000000e+00 0.000000000000000000e+00 0.000000000000000000e+00 0.000000000000000000e+00 0.000000000000000000e+00 0.000000000000000000e+00 0.000000000000000000e+00 0.000000000000000000e+00 0.000000000000000000e+00 0.000000000000000000e+00 0.000000000000000000e+00 0.000000000000000000e+00 0.000000000000000000e+00 0.000000000000000000e+00 0.000000000000000000e+00 0.000000000000000000e+00 0.000000000000000000e+00 0.000000000000000000e+00 0.000000000000000000e+00 0.000000000000000000e+00 0.000000000000000000e+00 0.000000000000000000e+00
-1.165545797353079727e-01 -1.487803989810685152e+02 -1.045864152263463666e+03 1.228989347306570057e+00 -2.132910299112237738e+02 -9.586624002477078932e+01 -8.206521943088490900e+01 5.464692373055940777e+01 9.718172833355318119e+01 -9.476772369257157891e+01 -7.397685179619222140e+01 3.421485351182046486e+01 7.273971797715945264e+00 2.119858393161351628e+01 3.109159035378294078e+01 -1.369359294677221612e+02 -2.344340957806213339e+02 -1.293106191680922734e+02 0.000000000000000000e+00 0.000000000000000000e+00 0.000000000000000000e+00 0.000000000000000000e+00 0.000000000000000000e+00 0.000000000000000000e+00 0.000000000000000000e+00 0.000000000000000000e+00 0.000000000000000000e+00 0.000000000000000000e+00 -1.574357338048569351e-14 -7.545522709152227648e-09 -1.027051138607621918e-07 -3.917008961573125087e-07 -1.035852830255804688e-06 -2.383143991598138790e-06 -5.006347803381236517e-06 -1.002154862722378271e-05 -1.956879772060554125e-05 -3.751805182204824861e-05 -7.060628575945747311e-05 -1.313450592064897783e-04 -2.452877533824129983e-04 -4.526432982030173698e-04 -8.302993960767399281e-04 -1.522341940102065611e-03 -2.800272435111447657e-03 -5.110624637254227928e-03 -9.301481025431976302e-03 -1.705153764619575865e-02 -3.116191803383335304e-02 -5.669652934142328099e-02 -1.029459531772295017e-01 -1.880074291959862864e-01 -3.395680683250583143e-01 -6.114484147945359327e-01 -1.108009248426203186e+00 -2.002092854528485510e+00 -3.553296843762401291e+00 -6.243505523190719941e+00 -1.102818697115429813e+01 -1.866796425582161589e+01 -3.051756602228080695e+01 -1.446980335083560121e+01 0.000000000000000000e+00 0.000000000000000000e+00 0.000000000000000000e+00 0.000000000000000000e+00 0.000000000000000000e+00 0.000000000000000000e+00 0.000000000000000000e+00 0.000000000000000000e+00 0.000000000000000000e+00 0.000000000000000000e+00 0.000000000000000000e+00 0.000000000000000000e+00 0.000000000000000000e+00 0.000000000000000000e+00 0.000000000000000000e+00 0.000000000000000000e+00 0.000000000000000000e+00 0.000000000000000000e+00 0.000000000000000000e+00 0.000000000000000000e+00 0.000000000000000000e+00 0.000000000000000000e+00 0.000000000000000000e+00 0.000000000000000000e+00 0.000000000000000000e+00 0.000000000000000000e+00 0.000000000000000000e+00 0.000000000000000000e+00 0.000000000000000000e+00 0.000000000000000000e+00 0.000000000000000000e+00 0.000000000000000000e+00 0.000000000000000000e+00 0.000000000000000000e+00 0.000000000000000000e+00 0.000000000000000000e+00 0.000000000000000000e+00 0.000000000000000000e+00 0.000000000000000000e+00 0.000000000000000000e+00 0.000000000000000000e+00 0.000000000000000000e+00 0.000000000000000000e+00 0.000000000000000000e+00 0.000000000000000000e+00 0.000000000000000000e+00
1.712342978500651824e+01 6.466151100520020555e+04 3.779181825546532054e+05 -2.132910299112237738e+02 7.707172887110704323e+04 3.012443277657922954e+04 1.868859331126883262e+04 -1.127586867169034667e+04 5.234331427935600004e+03 5.879389946134732600e+04 8.240320826606159244e+03 -7.247728168273361007e+03 -1.609086995005295648e+03 2.947620751918953465e+04 -1.351272899924221565e+04 5.951378118975953112e+04 1.018874997521796031e+05 2.944771962129610984e+04 0.000000000000000000e+00 0.000000000000000000e+00 0.000000000000000000e+00 0.000000000000000000e+00 0.000000000000000000e+00 0.000000000000000000e+00 0.000000000000000000e+00 0.000000000000000000e+00 0.000000000000000000e+00 0.000000000000000000e+00 2.539424284245685589e-09 1.156224521591684958e-03 1.438468125645567079e-02 4.856195622233375891e-02 1.114628481080793543e-01 2.184829646112030066e-01 3.878723217540434587e-01 6.519629441986614093e-01 1.058310630161753751e+00 1.673183189429609641e+00 2.590726346977316297e+00 3.947947500015320799e+00 5.986553233755916636e+00 8.950469227415945639e+00 1.327897952022884276e+01 1.961514671147908118e+01 2.889936294629574576e+01 4.224810578145402928e+01 6.150611990369089455e+01 8.976767255455479244e+01 1.304292306369032417e+02 1.887864381156092008e+02 2.723459239218608445e+02 3.925218909557916049e+02 5.608423584677242388e+02 7.986560000132878940e+02 1.141933597265542630e+03 1.625172992667378367e+03 2.274812357786818666e+03 3.157461097916519975e+03 4.396080242871551491e+03 5.910862355655997817e+03 7.764314743505879051e+03 3.249331181720880522e+03 0.000000000000000000e+00 0.000000000000000000e+00 0.000000000000000000e+00 0.000000000000000000e+00 0.000000000000000000e+00 0.000000000000000000e+00 0.000000000000000000e+00 0.000000000000000000e+00 0.000000000000000000e+00 0.000000000000000000e+00 0.000000000000000000e+00 0.000000000000000000e+00 0.000000000000000000e+00 0.000000000000000000e+00 0.000000000000000000e+00 0.000000000000000000e+00 0.000000000000000000e+00 0.000000000000000000e+00 0.000000000000000000e+00 0.000000000000000000e+00 0.000000000000000000e+00 0.000000000000000000e+00 0.000000000000000000e+00 0.000000000000000000e+00 0.000000000000000000e+00 0.000000000000000000e+00 0.000000000000000000e+00 0.000000000000000000e+00 0.000000000000000000e+00 0.000000000000000000e+00 0.000000000000000000e+00 0.000000000000000000e+00 0.000000000000000000e+00 0.000000000000000000e+00 0.000000000000000000e+00 0.000000000000000000e+00 0.000000000000000000e+00 0.000000000000000000e+00 0.000000000000000000e+00 0.000000000000000000e+00 0.000000000000000000e+00 0.000000000000000000e+00 0.000000000000000000e+00 0.000000000000000000e+00 0.000000000000000000e+00 0.000000000000000000e+00
1.108390498227505105e+01 2.532832319308547449e+04 1.477139679123318929e+05 -9.586624002477078932e+01 3.012443277657922954e+04 1.334237260009187412e+04 7.249764900243009834e+03 -3.988328777046279356e+03 3.812585776596051801e+02 2.172892029543671379e+04 4.475998554902062097e+03 -3.285737295036096384e+03 -7.064662128057260588e+02 8.457854851758311270e+03 -5.293021489798784387e+03 2.331192483725865168e+04 3.990997864016943640e+04 1.142349456413824919e+04 0.000000000000000000e+00 0.000000000000000000e+00 0.000000000000000000e+00 0.000000000000000000e+00 0.000000000000000000e+00 0.000000000000000000e+00 0.000000000000000000e+00 0.000000000000000000e+00 0.000000000000000000e+00 0.000000000000000000e+00 -2.710890556885116103e-09 -1.197273878973598984e-03 -1.432483481435128415e-02 -4.610524018210922920e-02 -1.004372851740973904e-01 -1.859067234399508495e-01 -3.107527047719918500e-01 -4.900637799361401981e-01 -7.424958896281298459e-01 -1.089638035424088658e+00 -1.558109097952872446e+00 -2.178475575728353597e+00 -2.999767285962349650e+00 -4.037010284704342311e+00 -5.328126104739798308e+00 -6.889434577966712325e+00 -8.688611978961867877e+00 -1.059243746619116777e+01 -1.236237788739529719e+01 -1.350715623557519862e+01 -1.307305748170408144e+01 -9.511107331945350296e+00 -1.551382012762997642e-01 1.969297860125794841e+01 5.614955036771811336e+01 1.197244614178431590e+02 2.286331648946365078e+02 4.072326942922287003e+02 6.833216397979271051e+02 1.105466195455898969e+03 1.762134440118662951e+03 2.663751282908874146e+03 3.885469314778181342e+03 1.726361715980579447e+03 0.000000000000000000e+00 0.000000000000000000e+00 0.000000000000000000e+00 0.000000000000000000e+00 0.000000000000000000e+00 0.000000000000000000e+00 0.000000000000000000e+00 0.000000000000000000e+00 0.000000000000000000e+00 0.000000000000000000e+00 0.000000000000000000e+00 0.000000000000000000e+00 0.000000000000000000e+00 0.000000000000000000e+00 0.000000000000000000e+00 0.000000000000000000e+00 0.000000000000000000e+00 0.000000000000000000e+00 0.000000000000000000e+00 0.000000000000000000e+00 0.000000000000000000e+00 0.000000000000000000e+00 0.000000000000000000e+00 0.000000000000000000e+00 0.000000000000000000e+00 0.000000000000000000e+00 0.000000000000000000e+00 0.000000000000000000e+00 0.000000000000000000e+00 0.000000000000000000e+00 0.000000000000000000e+00 0.000000000000000000e+00 0.000000000000000000e+00 0.000000000000000000e+00 0.000000000000000000e+00 0.000000000000000000e+00 0.000000000000000000e+00 0.000000000000000000e+00 0.000000000000000000e+00 0.000000000000000000e+00 0.000000000000000000e+00 0.000000000000000000e+00 0.000000000000000000e+00 0.000000000000000000e+00 0.000000000000000000e+00 0.000000000000000000e+00
3.647703848242634272e+00 1.343931765305914087e+04 9.163878016165120061e+04 -8.206521943088490900e+01 1.868859331126883262e+04 7.249764900243009834e+03 6.785011307009413940e+03 -4.420609604624151871e+03 -4.525644013020657439e+03 1.061110442873759712e+04 4.257335595100013052e+03 -2.283669073475685309e+03 -5.030008215479173259e+02 2.750611342502536445e+03 -2.808500057567713611e+03 1.236940797872030817e+04 2.117640699635683995e+04 1.069117976234519665e+04 0.000000000000000000e+00 0.000000000000000000e+00 0.000000000000000000e+00 0.000000000000000000e+00 0.000000000000000000e+00 0.000000000000000000e+00 0.000000000000000000e+00 0.000000000000000000e+00 0.000000000000000000e+00 0.000000000000000000e+00 1.372030490550181377e-09 5.923787217392194543e-04 6.968071658929559514e-03 2.213886569511045246e-02 4.791735447501421080e-02 8.875257587176058061e-02 1.494691581786384560e-01 2.390485846976974360e-01 3.705455257143541181e-01 5.615799396577263458e-01 8.360165201319331718e-01 1.229930765605049992e+00 1.804828469124246659e+00 2.622735021560002266e+00 3.792372750824358985e+00 5.473997711714468473e+00 7.900921395331822694e+00 1.134770113714036022e+01 1.627183371218047014e+01 2.340743528326225587e+01 3.360151484976540814e+01 4.812000839506669081e+01 6.880350941052532221e+01 9.846812497038791889e+01 1.398700717428481823e+02 1.982985525002378324e+02 2.822406742028753683e+02 4.003389827728751129e+02 5.592173932623938981e+02 7.741728009210065693e+02 1.072595548392929686e+03 1.431373279372704019e+03 1.850162857596244294e+03 7.610622266608505697e+02 0.000000000000000000e+00 0.000000000000000000e+00 0.000000000000000000e+00 0.000000000000000000e+00 0.000000000000000000e+00 0.000000000000000000e+00 0.000000000000000000e+00 0.000000000000000000e+00 0.000000000000000000e+00 0.000000000000000000e+00 0.000000000000000000e+00 0.000000000000000000e+00 0.000000000000000000e+00 0.000000000000000000e+00 0.000000000000000000e+00 0.000000000000000000e+00 0.000000000000000000e+00 0.000000000000000000e+00 0.000000000000000000e+00 0.000000000000000000e+00 0.000000000000000000e+00 0.000000000000000000e+00 0.000000000000000000e+00 0.000000000000000000e+00 0.000000000000000000e+00 0.000000000000000000e+00 0.000000000000000000e+00 0.000000000000000000e+00 0.000000000000000000e+00 0.000000000000000000e+00 0.000000000000000000e+00 0.000000000000000000e+00 0.000000000000000000e+00 0.000000000000000000e+00 0.000000000000000000e+00 0.000000000000000000e+00 0.000000000000000000e+00 0.000000000000000000e+00 0.000000000000000000e+00 0.000000000000000000e+00 0.000000000000000000e+00 0.000000000000000000e+00 0.000000000000000000e+00 0.000000000000000000e+00 0.000000000000000000e+00 0.000000000000000000e+00
-9.456754535861536581e+00 -7.783788122981290144e+03 -5.529077727394385147e+04 5.464692373055940777e+01 -1.127586867169034667e+04 -3.988328777046279356e+03 -4.420609604624151871e+03 3.683698263500263693e+03 4.541492541429577614e+03 -5.920131942624208023e+03 -3.142236602247846804e+03 1.503450395821633265e+03 3.387087563492854088e+02 -1.260963707965650428e+03 1.626627925303317170e+03 -7.164117509430035170e+03 -1.226495790343492990e+04 -6.965578950968276331e+03 -0.000000000000000000e+00 -0.000000000000000000e+00 -0.000000000000000000e+00 -0.000000000000000000e+00 -0.000000000000000000e+00 -0.000000000000000000e+00 -0.000000000000000000e+00 -0.000000000000000000e+00 -0.000000000000000000e+00 -0.000000000000000000e+00 -1.581151320501473853e-09 -6.766121855017592909e-04 -8.006479042880208438e-03 -2.598694014856892803e-02 -5.804525769204733898e-02 -1.115669657734540271e-01 -1.946367516574208645e-01 -3.216689374016242220e-01 -5.115499509501623132e-01 -7.857399004286166333e-01 -1.173842113978298407e+00 -1.707818216391739474e+00 -2.441257805113033363e+00 -3.393855450973195964e+00 -4.647381780833226728e+00 -6.323334428883671698e+00 -9.008366546953663345e+00 -1.433614997067908980e+01 -2.007277418080131781e+01 -2.792357118745926314e+01 -3.850384097474366030e+01 -5.220703690578121581e+01 -6.972302515705675319e+01 -9.289909278735439102e+01 -1.216233634135816857e+02 -1.617822876567077515e+02 -2.247297238442634182e+02 -3.147070429235653251e+02 -3.758841825914284982e+02 -4.453236935705390920e+02 -6.965465382477490266e+02 -7.484145523722992266e+02 -8.835797716353777105e+02 -3.838855595893230088e+02 -0.000000000000000000e+00 -0.000000000000000000e+00 -0.000000000000000000e+00 -0.000000000000000000e+00 -0.000000000000000000e+00 -0.000000000000000000e+00 -0.000000000000000000e+00 -0.000000000000000000e+00 -0.000000000000000000e+00 -0.000000000000000000e+00 -0.000000000000000000e+00 -0.000000000000000000e+00 -0.000000000000000000e+00 -0.000000000000000000e+00 -0.000000000000000000e+00 -0.000000000000000000e+00 -0.000000000000000000e+00 -0.000000000000000000e+00 -0.000000000000000000e+00 -0.000000000000000000e+00 -0.000000000000000000e+00 -0.000000000000000000e+00 -0.000000000000000000e+00 -0.000000000000000000e+00 -0.000000000000000000e+00 -0.000000000000000000e+00 -0.000000000000000000e+00 -0.000000000000000000e+00 -0.000000000000000000e+00 -0.000000000000000000e+00 -0.000000000000000000e+00 -0.000000000000000000e+00 -0.000000000000000000e+00 -0.000000000000000000e+00 -0.000000000000000000e+00 -0.000000000000000000e+00 -0.000000000000000000e+00 -0.000000000000000000e+00 -0.000000000000000000e+00 -0.000000000000000000e+00 -0.000000000000000000e+00 -0.000000000000000000e+00 -0.000000000000000000e+00 -0.000000000000000000e+00 -0.000000000000000000e+00 -0.000000000000000000e+00
1.003107398823258750e-01 1.015207684487759798e+04 2.566633769747574479e+04 9.718172833355318119e+01 5.234331427935600004e+03 3.812585776596051801e+02 -4.525644013020657439e+03 4.541492541429577614e+03 2.143031249487348396e+04 1.616957127901628701e+04 -8.665431961416148624e+03 1.986430303003084873e+03 3.989249374088986997e+02 1.963800266483883752e+04 -2.121544347661169013e+03 9.343865780047730368e+03 1.599668351290752980e+04 -7.131082247954465856e+03 0.000000000000000000e+00 0.000000000000000000e+00 0.000000000000000000e+00 0.000000000000000000e+00 0.000000000000000000e+00 0.000000000000000000e+00 0.000000000000000000e+00 0.000000000000000000e+00 0.000000000000000000e+00 0.000000000000000000e+00 1.955704209303428845e-09 9.402560331625564594e-04 1.204246818361939808e-02 4.115526460195702285e-02 9.396798677472807670e-02 1.810854898098062937e-01 3.129880420237454719e-01 5.098427502798030808e-01 7.977015588021504344e-01 1.207430235107164629e+00 1.783676644098938002e+00 2.580713604163693109e+00 3.693672428403286911e+00 5.186800933867137253e+00 7.226157438041886039e+00 1.005500757338645812e+01 1.440937251646561990e+01 2.200154086407201603e+01 3.099210494896054158e+01 4.349967416494880013e+01 6.056114693180823849e+01 8.322363937376829313e+01 1.128844902623540065e+02 1.518735854278427837e+02 1.998463562865700851e+02 2.609464523254248434e+02 3.420481106938955236e+02 4.359203861353307730e+02 4.745231926728654912e+02 4.532534953396087190e+02 4.432595628656963527e+02 4.381802344417930328e+01 -6.173835518205660264e+02 -4.062645114594941447e+02 0.000000000000000000e+00 0.000000000000000000e+00 0.000000000000000000e+00 0.000000000000000000e+00 0.000000000000000000e+00 0.000000000000000000e+00 0.000000000000000000e+00 0.000000000000000000e+00 0.000000000000000000e+00 0.000000000000000000e+00 0.000000000000000000e+00 0.000000000000000000e+00 0.000000000000000000e+00 0.000000000000000000e+00 0.000000000000000000e+00 0.000000000000000000e+00 0.000000000000000000e+00 0.000000000000000000e+00 0.000000000000000000e+00 0.000000000000000000e+00 0.000000000000000000e+00 0.000000000000000000e+00 0.000000000000000000e+00 0.000000000000000000e+00 0.000000000000000000e+00 0.000000000000000000e+00 0.000000000000000000e+00 0.000000000000000000e+00 0.000000000000000000e+00 0.000000000000000000e+00 0.000000000000000000e+00 0.000000000000000000e+00 0.000000000000000000e+00 0.000000000000000000e+00 0.000000000000000000e+00 0.000000000000000000e+00 0.000000000000000000e+00 0.000000000000000000e+00 0.000000000000000000e+00 0.000000000000000000e+00 0.000000000000000000e+00 0.000000000000000000e+00 0.000000000000000000e+00 0.000000000000000000e+00 0.000000000000000000e+00 0.000000000000000000e+00
1.827987838259669218e+01 5.295065773778635048e+04 2.882935669821602642e+05 -9.476772369257157891e+01 5.879389946134732600e+04 2.172892029543671379e+04 1.061110442873759712e+04 -5.920131942624208023e+03 1.616957127901628701e+04 5.240308860687181004e+04 8.520784009360519349e+02 -4.066339991986941186e+03 -9.338460836148054796e+02 3.344241131937367027e+04 -1.106543718541919407e+04 4.873523382723040413e+04 8.343464362752946909e+04 1.671997581012925366e+04 0.000000000000000000e+00 0.000000000000000000e+00 0.000000000000000000e+00 0.000000000000000000e+00 0.000000000000000000e+00 0.000000000000000000e+00 0.000000000000000000e+00 0.000000000000000000e+00 0.000000000000000000e+00 0.000000000000000000e+00 3.373199816115591606e-09 1.553865051657371283e-03 1.949703118777306940e-02 6.628878419124760446e-02 1.526944463654235362e-01 2.995006758619678244e-01 5.299373678025067758e-01 8.858420025160970157e-01 1.424957552404760852e+00 2.221198633104984221e+00 3.380181341499623127e+00 5.039708740208757476e+00 7.441877436423347092e+00 1.078565200146242553e+01 1.549699484825009677e+01 2.220018738804454017e+01 3.235020700158278828e+01 4.889757812548227633e+01 7.013823241722181479e+01 1.005317630783076766e+02 1.432110294597852942e+02 2.023260516916872405e+02 2.837799764453829425e+02 3.972826552448432835e+02 5.495907168090644745e+02 7.606377766893879198e+02 1.065383712108161717e+03 1.483781683311284269e+03 1.948558740396456642e+03 2.527357508480332399e+03 3.474322203353919122e+03 4.212386072032832089e+03 5.086818198288896383e+03 2.064024736857527841e+03 0.000000000000000000e+00 0.000000000000000000e+00 0.000000000000000000e+00 0.000000000000000000e+00 0.000000000000000000e+00 0.000000000000000000e+00 0.000000000000000000e+00 0.000000000000000000e+00 0.000000000000000000e+00 0.000000000000000000e+00 0.000000000000000000e+00 0.000000000000000000e+00 0.000000000000000000e+00 0.000000000000000000e+00 0.000000000000000000e+00 0.000000000000000000e+00 0.000000000000000000e+00 0.000000000000000000e+00 0.000000000000000000e+00 0.000000000000000000e+00 0.000000000000000000e+00 0.000000000000000000e+00 0.000000000000000000e+00 0.000000000000000000e+00 0.000000000000000000e+00 0.000000000000000000e+00 0.000000000000000000e+00 0.000000000000000000e+00 0.000000000000000000e+00 0.000000000000000000e+00 0.000000000000000000e+00 0.000000000000000000e+00 0.000000000000000000e+00 0.000000000000000000e+00 0.000000000000000000e+00 0.000000000000000000e+00 0.000000000000000000e+00 0.000000000000000000e+00 0.000000000000000000e+00 0.000000000000000000e+00 0.000000000000000000e+00 0.000000000000000000e+00 0.000000000000000000e+00 0.000000000000000000e+00 0.000000000000000000e+00 0.000000000000000000e+00
-6.392937336959602090e-01 4.667624009333776485e+03 4.040608814765683201e+04 -7.397685179619222140e+01 8.240320826606159244e+03 4.475998554902062097e+03 4.257335595100013052e+03 -3.142236602247846804e+03 -8.665431961416148624e+03 8.520784009360521623e+02 5.172513357418421947e+03 -1.985187185179877360e+03 -4.130604575324357484e+02 -5.338525067904172829e+03 -9.754232050564254450e+02 4.296032518405236260e+03 7.354800911720356453e+03 6.708307193065958018e+03 0.000000000000000000e+00 0.000000000000000000e+00 0.000000000000000000e+00 0.000000000000000000e+00 0.000000000000000000e+00 0.000000000000000000e+00 0.000000000000000000e+00 0.000000000000000000e+00 0.000000000000000000e+00 0.000000000000000000e+00 -1.611009493520678389e-09 -7.360365417545630022e-04 -9.076056246338939579e-03 -3.010606758643182695e-02 -6.728930618572513678e-02 -1.275727975860432573e-01 -2.174491022755611902e-01 -3.495793218064623953e-01 -5.391930548971788362e-01 -8.016715842552193383e-01 -1.158649143098153367e+00 -1.630019591172295224e+00 -2.248625696068415891e+00 -3.011521354503009729e+00 -3.965973976937758216e+00 -5.182415006917956646e+00 -7.194289322885008886e+00 -1.160061232985144919e+01 -1.579781505959508081e+01 -2.123655948778845826e+01 -2.812106166449754596e+01 -3.613239041561526221e+01 -4.483794712548129269e+01 -5.408830336365177516e+01 -6.108840147251074626e+01 -6.657286511294250886e+01 -7.227693400083198583e+01 -6.820053415709834610e+01 2.028498290716985153e+01 1.934083128669147982e+02 3.524618668600967908e+02 9.114548391359869584e+02 1.675115886891921718e+03 7.905737911975776342e+02 0.000000000000000000e+00 0.000000000000000000e+00 0.000000000000000000e+00 0.000000000000000000e+00 0.000000000000000000e+00 0.000000000000000000e+00 0.000000000000000000e+00 0.000000000000000000e+00 0.000000000000000000e+00 0.000000000000000000e+00 0.000000000000000000e+00 0.000000000000000000e+00 0.000000000000000000e+00 0.000000000000000000e+00 0.000000000000000000e+00 0.000000000000000000e+00 0.000000000000000000e+00 0.000000000000000000e+00 0.000000000000000000e+00 0.000000000000000000e+00 0.000000000000000000e+00 0.000000000000000000e+00 0.000000000000000000e+00 0.000000000000000000e+00 0.000000000000000000e+00 0.000000000000000000e+00 0.000000000000000000e+00 0.000000000000000000e+00 0.000000000000000000e+00 0.000000000000000000e+00 0.000000000000000000e+00 0.000000000000000000e+00 0.000000000000000000e+00 0.000000000000000000e+00 0.000000000000000000e+00 0.000000000000000000e+00 0.000000000000000000e+00 0.000000000000000000e+00 0.000000000000000000e+00 0.000000000000000000e+00 0.000000000000000000e+00 0.000000000000000000e+00 0.000000000000000000e+00 0.000000000000000000e+00 0.000000000000000000e+00 0.000000000000000000e+00
-4.883397652616405238e-01 -5.557583825848391825e+03 -3.553894919867122371e+04 3.421485351182046486e+01 -7.247728168273361007e+03 -3.285737295036096384e+03 -2.283669073475685309e+03 1.503450395821633265e+03 1.986430303003084873e+03 -4.066339991986941186e+03 -1.985187185179877133e+03 1.035969858043240038e+03 2.206034400223400951e+02 -3.367604731669230205e+02 1.161403792794472565e+03 -5.115142263357995034e+03 -8.757115506213680419e+03 -3.598389962447703965e+03 0.000000000000000000e+00 0.000000000000000000e+00 0.000000000000000000e+00 0.000000000000000000e+00 0.000000000000000000e+00 0.000000000000000000e+00 0.000000000000000000e+00 0.000000000000000000e+00 0.000000000000000000e+00 0.000000000000000000e+00 5.178612346762664573e-10 2.322411525388179496e-04 2.812488722735602843e-03 9.159631050298606969e-03 2.011098785875269773e-02 3.744747871527107086e-02 6.261920022875196168e-02 9.862899333099790777e-02 1.486153120616625078e-01 2.146885873571987291e-01 2.996438833125793511e-01 4.031797068245630555e-01 5.237037446156629361e-01 6.456931287157470223e-01 7.610617799659635807e-01 8.585607757744275759e-01 1.087542767580082614e+00 1.998175373993859916e+00 2.480586843984993184e+00 2.909194946824819716e+00 3.165989204412661184e+00 2.819005091897969439e+00 1.272079350874410597e+00 -2.169793447813974208e+00 -9.210007504134196665e+00 -2.068958840370423857e+01 -3.782256058215926942e+01 -6.602948195602618853e+01 -1.350651136593918977e+02 -2.476622911768832864e+02 -3.702346568772597379e+02 -6.569495294767548330e+02 -1.033341560508251860e+03 -4.634730286477251298e+02 0.000000000000000000e+00 0.000000000000000000e+00 0.000000000000000000e+00 0.000000000000000000e+00 0.000000000000000000e+00 0.000000000000000000e+00 0.000000000000000000e+00 0.000000000000000000e+00 0.000000000000000000e+00 0.000000000000000000e+00 0.000000000000000000e+00 0.000000000000000000e+00 0.000000000000000000e+00 0.000000000000000000e+00 0.000000000000000000e+00 0.000000000000000000e+00 0.000000000000000000e+00 0.000000000000000000e+00 0.000000000000000000e+00 0.000000000000000000e+00 0.000000000000000000e+00 0.000000000000000000e+00 0.000000000000000000e+00 0.000000000000000000e+00 0.000000000000000000e+00 0.000000000000000000e+00 0.000000000000000000e+00 0.000000000000000000e+00 0.000000000000000000e+00 0.000000000000000000e+00 0.000000000000000000e+00 0.000000000000000000e+00 0.000000000000000000e+00 0.000000000000000000e+00 0.000000000000000000e+00 0.000000000000000000e+00 0.000000000000000000e+00 0.000000000000000000e+00 0.000000000000000000e+00 0.000000000000000000e+00 0.000000000000000000e+00 0.000000000000000000e+00 0.000000000000000000e+00 0.000000000000000000e+00 0.000000000000000000e+00 0.000000000000000000e+00
-2.422893650279547006e-01 -1.237832456539861141e+03 -7.890094612276150656e+03 7.273971797715945264e+00 -1.609086995005295648e+03 -7.064662128057260588e+02 -5.030008215479173259e+02 3.387087563492854088e+02 3.989249374088986997e+02 -9.338460836148055932e+02 -4.130604575324357484e+02 2.206034400223401235e+02 4.733128906350734155e+01 -1.409174420914151540e+02 2.586777554632806186e+02 -1.139288099255386442e+03 -1.950459433260106607e+03 -7.925811705310751449e+02 0.000000000000000000e+00 0.000000000000000000e+00 0.000000000000000000e+00 0.000000000000000000e+00 0.000000000000000000e+00 0.000000000000000000e+00 0.000000000000000000e+00 0.000000000000000000e+00 0.000000000000000000e+00 0.000000000000000000e+00 7.145988314818344356e-11 3.237119447867974124e-05 3.930713396633207356e-04 1.276046047046318528e-03 2.776229381859225080e-03 5.098276685620429030e-03 8.371567969127526390e-03 1.290437050061509112e-02 1.894570167214869316e-02 2.648977514210360332e-02 3.550000525824380249e-02 4.526953191278996341e-02 5.438860336797969597e-02 5.933018535511206532e-02 5.677610113387571156e-02 4.195587303665823664e-02 3.297155073240868456e-02 1.074861559814996870e-01 8.783875915135558321e-02 1.500735039285543485e-02 -1.465747076478557120e-01 -4.905730465243833271e-01 -1.148395125081969503e+00 -2.291354631225070104e+00 -4.250440312859945280e+00 -7.293195961607456645e+00 -1.185255002057358986e+01 -1.903560554100082669e+01 -3.361526209566083168e+01 -5.668741969340184994e+01 -8.455858745189725312e+01 -1.404007648034124429e+02 -2.143606965242877607e+02 -9.558749923055658826e+01 0.000000000000000000e+00 0.000000000000000000e+00 0.000000000000000000e+00 0.000000000000000000e+00 0.000000000000000000e+00 0.000000000000000000e+00 0.000000000000000000e+00 0.000000000000000000e+00 0.000000000000000000e+00 0.000000000000000000e+00 0.000000000000000000e+00 0.000000000000000000e+00 0.000000000000000000e+00 0.000000000000000000e+00 0.000000000000000000e+00 0.000000000000000000e+00 0.000000000000000000e+00 0.000000000000000000e+00 0.000000000000000000e+00 0.000000000000000000e+00 0.000000000000000000e+00 0.000000000000000000e+00 0.000000000000000000e+00 0.000000000000000000e+00 0.000000000000000000e+00 0.000000000000000000e+00 0.000000000000000000e+00 0.000000000000000000e+00 0.000000000000000000e+00 0.000000000000000000e+00 0.000000000000000000e+00 0.000000000000000000e+00 0.000000000000000000e+00 0.000000000000000000e+00 0.000000000000000000e+00 0.000000000000000000e+00 0.000000000000000000e+00 0.000000000000000000e+00 0.000000000000000000e+00 0.000000000000000000e+00 0.000000000000000000e+00 0.000000000000000000e+00 0.000000000000000000e+00 0.000000000000000000e+00 0.000000000000000000e+00 0.000000000000000000e+00
1.897861128112797857e+01 2.910074976932620484e+04 1.445354209308773861e+05 2.119858393161352694e+01 2.947620751918953465e+04 8.457854851758311270e+03 2.750611342502535990e+03 -1.260963707965650428e+03 1.963800266483883752e+04 3.344241131937367027e+04 -5.338525067904174648e+03 -3.367604731669230205e+02 -1.409174420914150971e+02 2.880118634210231539e+04 -6.081369568923947554e+03 2.678402696296940485e+04 4.585421201604789530e+04 4.334153472767298808e+03 0.000000000000000000e+00 0.000000000000000000e+00 0.000000000000000000e+00 0.000000000000000000e+00 0.000000000000000000e+00 0.000000000000000000e+00 0.000000000000000000e+00 0.000000000000000000e+00 0.000000000000000000e+00 0.000000000000000000e+00 5.768746534116459365e-09 2.606951879086241881e-03 3.207508175577889614e-02 1.068764214418755631e-01 2.414564813701335078e-01 4.647285298761107963e-01 8.068322485410269751e-01 1.323487606713226405e+00 2.087203829467427774e+00 3.182062716918782730e+00 4.726822393504749975e+00 6.857824804064804880e+00 9.809204995019232598e+00 1.370621360865780503e+01 1.893408828803231359e+01 2.606058392667715395e+01 3.723999268565377463e+01 5.801986873551815194e+01 8.148640306940691858e+01 1.138738687942772856e+02 1.577964125846330035e+02 2.154397887176730819e+02 2.900492355577029002e+02 3.884247238288352264e+02 5.098820611953569824e+02 6.716979990343764939e+02 9.056994193814316532e+02 1.210658306160230040e+03 1.384240842078279456e+03 1.494139134997654764e+03 1.981368636614964998e+03 1.550011373092285567e+03 9.342331562571608856e+02 2.211154187475337949e+02 0.000000000000000000e+00 0.000000000000000000e+00 0.000000000000000000e+00 0.000000000000000000e+00 0.000000000000000000e+00 0.000000000000000000e+00 0.000000000000000000e+00 0.000000000000000000e+00 0.000000000000000000e+00 0.000000000000000000e+00 0.000000000000000000e+00 0.000000000000000000e+00 0.000000000000000000e+00 0.000000000000000000e+00 0.000000000000000000e+00 0.000000000000000000e+00 0.000000000000000000e+00 0.000000000000000000e+00 0.000000000000000000e+00 0.000000000000000000e+00 0.000000000000000000e+00 0.000000000000000000e+00 0.000000000000000000e+00 0.000000000000000000e+00 0.000000000000000000e+00 0.000000000000000000e+00 0.000000000000000000e+00 0.000000000000000000e+00 0.000000000000000000e+00 0.000000000000000000e+00 0.000000000000000000e+00 0.000000000000000000e+00 0.000000000000000000e+00 0.000000000000000000e+00 0.000000000000000000e+00 0.000000000000000000e+00 0.000000000000000000e+00 0.000000000000000000e+00 0.000000000000000000e+00 0.000000000000000000e+00 0.000000000000000000e+00 0.000000000000000000e+00 0.000000000000000000e+00 0.000000000000000000e+00 0.000000000000000000e+00 0.000000000000000000e+00
