5.544192338551083843e-01 5.154230865016340424e+00 6.227326068232311940e+01 -1.581661775468946179e-02 5.211233161399285052e+00 2.295138110876575155e+00 1.511717350634365742e+00 1.694623556289960753e+00 4.001305155773854927e-01 6.380936516976422723e+00 1.871505700585086140e+00
5.154230865016340424e+00 4.082707799037456425e+03 4.809254306987983000e+04 -6.474136553524548532e+00 4.024543640653181683e+03 1.262255574849311643e+03 1.045135133380149909e+03 8.628428037277225258e+02 8.008387556089569443e+02 5.054391230288821134e+03 1.293877032754776110e+03
6.227326068232311940e+01 4.809254306987983000e+04 5.840610759997697314e+05 -9.187862954801580884e+01 4.887616954987114877e+04 1.528169382594105082e+04 1.447650706456555054e+04 1.189199920408421531e+04 7.039989055113896029e+03 5.953855624739945051e+04 1.792191211176192883e+04
-1.581661775468946179e-02 -6.474136553524548532e+00 -9.187862954801580884e+01 2.903119661525189327e-02 -7.688708699020362580e+00 -2.796743702239809171e+00 -3.583807941188642321e+00 -2.922134697293374384e+00 1.559434631144213323e+00 -8.014979428001568706e+00 -4.436753331515392418e+00
5.211233161399285052e+00 4.024543640653181683e+03 4.887616954987114877e+04 -7.688708699020362580e+00 4.090120105638907262e+03 1.278822864830335902e+03 1.211442163932000085e+03 9.951619672494355200e+02 5.891296524049131449e+02 4.982384016810569847e+03 1.499765094828388555e+03
2.295138110876575155e+00 1.262255574849311643e+03 1.528169382594105082e+04 -2.796743702239809171e+00 1.278822864830335902e+03 4.710819030168605082e+02 3.740591305580011294e+02 2.867198521288739812e+02 1.331656690453345391e+02 1.562672084787864605e+03 4.630851097273142614e+02
1.511717350634365742e+00 1.045135133380149909e+03 1.447650706456555054e+04 -3.583807941188642321e+00 1.211442163932000085e+03 3.740591305580011294e+02 5.346642448974253057e+02 4.340657672420597919e+02 -9.027441893172323262e+01 1.293877032754776110e+03 6.619142009613476603e+02
1.694623556289960753e+00 8.628428037277225258e+02 1.189199920408421531e+04 -2.922134697293374384e+00 9.951619672494355200e+02 2.867198521288739812e+02 4.340657672420597919e+02 4.050929234707930959e+02 -1.077977668846954487e+02 1.068199174407584906e+03 5.373733108781630108e+02
4.001305155773854927e-01 8.008387556089569443e+02 7.039989055113896029e+03 1.559434631144213323e+00 5.891296524049131449e+02 1.331656690453345391e+02 -9.027441893172323262e+01 -1.077977668846954487e+02 6.234424681279006109e+02 9.914381784019975612e+02 -1.117597079750587454e+02
6.380936516976422723e+00 5.054391230288821134e+03 5.953855624739945051e+04 -8.014979428001568706e+00 4.982384016810569847e+03 1.562672084787864605e+03 1.293877032754776110e+03 1.068199174407584906e+03 9.914381784019975612e+02 6.257335074247414923e+03 1.601819441736604858e+03
1.871505700585086140e+00 1.293877032754776110e+03 1.792191211176192883e+04 -4.436753331515392418e+00 1.499765094828388555e+03 4.630851097273142614e+02 6.619142009613476603e+02 5.373733108781630108e+02 -1.117597079750587454e+02 1.601819441736604858e+03 8.194496146237612493e+02
