4.528305032129441798e+00 -1.260200336976692448e+01 -1.082217954800427719e+02 6.449683048188996348e-02 -1.357005037668215941e+01 -8.294847342130594825e+00 -3.728181565677473941e+00 3.122119280660298646e+00 5.421784418100497938e+00 -1.693890846372361381e+01 -5.011213251113457723e+00
-1.260200336976692448e+01 2.677561490685883473e+04 2.255589214251126687e+05 -4.800046952676065359e+01 2.828308210071534631e+04 8.387460708822851302e+03 7.212722599568217447e+03 6.169984885472827045e+03 5.352336491929907424e+03 3.599028477133184788e+04 9.694938519174216708e+03
-1.082217954800427719e+02 2.255589214251126687e+05 1.971933016429218696e+06 -4.941385439543080338e+02 2.472628572986669315e+05 7.308596239743813931e+04 7.237538734050016501e+04 6.212857521724834805e+04 3.144890900143308681e+04 3.031836931866233936e+05 9.728294979895303550e+04
6.449683048188996348e-02 -4.800046952676065359e+01 -4.941385439543080338e+02 2.582712153314654646e-01 -6.196057739364430716e+01 -2.305090389360598380e+01 -2.745097924301668968e+01 -2.348305548076819704e+01 1.594098435392869462e+01 -6.451954785857124364e+01 -3.689807175838237896e+01
-1.357005037668215941e+01 2.828308210071534631e+04 2.472628572986669315e+05 -6.196057739364430716e+01 3.100456257394149361e+04 9.164329487995133604e+03 9.075229697363400192e+03 7.790370616102202803e+03 3.943413408991537381e+03 3.801653790423145983e+04 1.219841644382514460e+04
-8.294847342130594825e+00 8.387460708822851302e+03 7.308596239743813931e+04 -2.305090389360598380e+01 9.164329487995133604e+03 3.520946674811251341e+03 2.652345645750665426e+03 1.997101063172835666e+03 5.305277379422519743e+02 1.127395581647557447e+04 3.565134747964867074e+03
-3.728181565677473941e+00 7.212722599568217447e+03 7.237538734050016501e+04 -2.745097924301668968e+01 9.075229697363400192e+03 2.652345645750665426e+03 3.821523106788578843e+03 3.304054937550504292e+03 -7.641933730943135288e+02 9.694938519174214889e+03 5.136677732779690814e+03
3.122119280660298646e+00 6.169984885472827045e+03 6.212857521724834805e+04 -2.348305548076819704e+01 7.790370616102202803e+03 1.997101063172835666e+03 3.304054937550504292e+03 3.391476145024237212e+03 -1.023061204532206034e+03 8.293348774077923736e+03 4.441125946732478951e+03
5.421784418100497938e+00 5.352336491929907424e+03 3.144890900143308681e+04 1.594098435392869462e+01 3.943413408991537381e+03 5.305277379422519743e+02 -7.641933730943135288e+02 -1.023061204532206034e+03 5.227732832987473557e+03 7.194311510926460869e+03 -1.027186012859173843e+03
-1.693890846372361381e+01 3.599028477133184788e+04 3.031836931866233936e+05 -6.451954785857124364e+01 3.801653790423145983e+04 1.127395581647557447e+04 9.694938519174214889e+03 8.293348774077923736e+03 7.194311510926460869e+03 4.837612889292626642e+04 1.303139439969515297e+04
-5.011213251113457723e+00 9.694938519174216708e+03 9.728294979895303550e+04 -3.689807175838237896e+01 1.219841644382514460e+04 3.565134747964867074e+03 5.136677732779690814e+03 4.441125946732478951e+03 -1.027186012859173843e+03 1.303139439969515297e+04 6.904435062439740250e+03
