21.9654013189686274643008800921961665153503417968750000000000000000 -151.5478881537098914122907444834709167480468750000000000000000000000 -1074.0952776246242592605995014309883117675781250000000000000000000000 0.6370949169736729311708245404588524252176284790039062500000000000 -170.2307900152265176529908785596489906311035156250000000000000000000 -84.5981513332869070609376649372279644012451171875000000000000000000 -44.0278265454934327749469957780092954635620117187500000000000000000 1.8761956581912031527537010333617217838764190673828125000000000000 26.1921598647488309552500140853226184844970703125000000000000000000 -217.7443033385156638814805774018168449401855468750000000000000000000 -63.2592676509876383761366014368832111358642578125000000000000000000
-151.5478881537098914122907444834709167480468750000000000000000000000 163471.2872825996309984475374221801757812500000000000000000000000000000 1119534.1601037736982107162475585937500000000000000000000000000000000000 -365.8716822876283458754187449812889099121093750000000000000000000000 177432.2897545613523107022047042846679687500000000000000000000000000000 64563.1680660589845501817762851715087890625000000000000000000000000000 40142.9578747127961833029985427856445312500000000000000000000000000000 30876.8725561561186623293906450271606445312500000000000000000000000000 28391.1031043042530654929578304290771484375000000000000000000000000000 234875.8666243983316235244274139404296875000000000000000000000000000000 57677.4807149481348460540175437927246093750000000000000000000000000000
-1074.0952776246242592605995014309883117675781250000000000000000000000 1119534.1601037736982107162475585937500000000000000000000000000000000000 7966658.9557284237816929817199707031250000000000000000000000000000000000 -3108.2940890416361980896908789873123168945312500000000000000000000000 1262616.7120059565640985965728759765625000000000000000000000000000000000 458329.0547892547328956425189971923828125000000000000000000000000000000 331260.4854394658468663692474365234375000000000000000000000000000000000 262568.1967973436694592237472534179687500000000000000000000000000000000 110366.7373096955852815881371498107910156250000000000000000000000000000 1608548.8799963779747486114501953125000000000000000000000000000000000000 475955.7160732974298298358917236328125000000000000000000000000000000000
0.6370949169736729311708245404588524252176284790039062500000000000 -365.8716822876283458754187449812889099121093750000000000000000000000 -3108.2940890416361980896908789873123168945312500000000000000000000000 2.5010634858949245540316042024642229080200195312500000000000000000 -492.6260913718829783647379372268915176391601562500000000000000000000 -207.8783808325107145265064900740981101989746093750000000000000000000 -203.2004757394535943149094237014651298522949218750000000000000000000 -172.8504874482807167623832356184720993041992187500000000000000000000 170.0796574827479616942582651972770690917968750000000000000000000000 -525.6851516809481381642399355769157409667968750000000000000000000000 -291.9588426271259322675177827477455139160156250000000000000000000000
-170.2307900152265176529908785596489906311035156250000000000000000000 177432.2897545613523107022047042846679687500000000000000000000000000000 1262616.7120059565640985965728759765625000000000000000000000000000000000 -492.6260913718829783647379372268915176391601562500000000000000000000 200109.1009789521922357380390167236328125000000000000000000000000000000 72639.4750158970127813518047332763671875000000000000000000000000000000 52500.6815614128063316456973552703857421875000000000000000000000000000 41613.8051295911791385151445865631103515625000000000000000000000000000 17491.7600654403286171145737171173095703125000000000000000000000000000 254935.0623954492912162095308303833007812500000000000000000000000000000 75433.0823785038228379562497138977050781250000000000000000000000000000
-84.5981513332869070609376649372279644012451171875000000000000000000 64563.1680660589845501817762851715087890625000000000000000000000000000 458329.0547892547328956425189971923828125000000000000000000000000000000 -207.8783808325107145265064900740981101989746093750000000000000000000 72639.4750158970127813518047332763671875000000000000000000000000000000 30435.8644414724949456285685300827026367187500000000000000000000000000 18895.7245593848056159913539886474609375000000000000000000000000000000 13560.0702965313066670205444097518920898437500000000000000000000000000 2715.9750477959969430230557918548583984375000000000000000000000000000 92764.4866790402884362265467643737792968750000000000000000000000000000 27149.4141580289760895539075136184692382812500000000000000000000000000
-44.0278265454934327749469957780092954635620117187500000000000000000 40142.9578747127961833029985427856445312500000000000000000000000000000 331260.4854394658468663692474365234375000000000000000000000000000000000 -203.2004757394535943149094237014651298522949218750000000000000000000 52500.6815614128063316456973552703857421875000000000000000000000000000 18895.7245593848056159913539886474609375000000000000000000000000000000 20455.7166430701290664728730916976928710937500000000000000000000000000 17195.8533289053812040947377681732177734375000000000000000000000000000 -8841.9696005137939209816977381706237792968750000000000000000000000000 57677.4807149481348460540175437927246093750000000000000000000000000000 29390.8138476844069373328238725662231445312500000000000000000000000000
1.8761956581912031527537010333617217838764190673828125000000000000 30876.8725561561186623293906450271606445312500000000000000000000000000 262568.1967973436694592237472534179687500000000000000000000000000000000 -172.8504874482807167623832356184720993041992187500000000000000000000 41613.8051295911791385151445865631103515625000000000000000000000000000 13560.0702965313066670205444097518920898437500000000000000000000000000 17195.8533289053812040947377681732177734375000000000000000000000000000 18013.0294038150095730088651180267333984375000000000000000000000000000 -11633.8089615003900689771398901939392089843750000000000000000000000000 44363.9511307024367852136492729187011718750000000000000000000000000000 24707.0358355378812120761722326278686523437500000000000000000000000000
26.1921598647488309552500140853226184844970703125000000000000000000 28391.1031043042530654929578304290771484375000000000000000000000000000 110366.7373096955852815881371498107910156250000000000000000000000000000 170.0796574827479616942582651972770690917968750000000000000000000000 17491.7600654403286171145737171173095703125000000000000000000000000000 2715.9750477959969430230557918548583984375000000000000000000000000000 -8841.9696005137939209816977381706237792968750000000000000000000000000 -11633.8089615003900689771398901939392089843750000000000000000000000000 39810.8063186942163156345486640930175781250000000000000000000000000000 40792.3927002433920279145240783691406250000000000000000000000000000000 -12704.1592876005888683721423149108886718750000000000000000000000000000
-217.7443033385156638814805774018168449401855468750000000000000000000 234875.8666243983316235244274139404296875000000000000000000000000000000 1608548.8799963779747486114501953125000000000000000000000000000000000000 -525.6851516809481381642399355769157409667968750000000000000000000000 254935.0623954492912162095308303833007812500000000000000000000000000000 92764.4866790402884362265467643737792968750000000000000000000000000000 57677.4807149481348460540175437927246093750000000000000000000000000000 44363.9511307024367852136492729187011718750000000000000000000000000000 40792.3927002433920279145240783691406250000000000000000000000000000000 337470.1064609176246449351310729980468750000000000000000000000000000000 82871.1175695100246230140328407287597656250000000000000000000000000000
-63.2592676509876383761366014368832111358642578125000000000000000000 57677.4807149481348460540175437927246093750000000000000000000000000000 475955.7160732974298298358917236328125000000000000000000000000000000000 -291.9588426271259322675177827477455139160156250000000000000000000000 75433.0823785038228379562497138977050781250000000000000000000000000000 27149.4141580289760895539075136184692382812500000000000000000000000000 29390.8138476844069373328238725662231445312500000000000000000000000000 24707.0358355378812120761722326278686523437500000000000000000000000000 -12704.1592876005888683721423149108886718750000000000000000000000000000 82871.1175695100246230140328407287597656250000000000000000000000000000 42228.7790597586936200968921184539794921875000000000000000000000000000
