2.731868774136507305e+00 -2.282187805142497794e+01 -1.853503566600680585e+02 1.008196015787563848e-01 -2.521268469612381935e+01 -1.260985700337698745e+01 -7.083040841823916800e+00 -5.159663947973435194e-01 4.699395955867029961e+00 -3.133711862329719011e+01 -9.725846863862104286e+00
-2.282187805142497794e+01 1.821923538048860792e+04 1.453659719901999924e+05 -4.172645759175870239e+01 1.977372195758004091e+04 6.981798749067865174e+03 5.210683751101803864e+03 3.726831234734464942e+03 2.866203628561937876e+03 2.501714973051904235e+04 7.154880700388674995e+03
-1.853503566600680585e+02 1.453659719901999924e+05 1.200804610524771968e+06 -3.993254263755518991e+02 1.633420543254633376e+05 5.729168275521953183e+04 4.855978321984888316e+04 3.650000783048415178e+04 1.283235017410724322e+04 1.996045504135609081e+05 6.667828491822941578e+04
1.008196015787563848e-01 -4.172645759175870239e+01 -3.993254263755518991e+02 2.467918278364446549e-01 -5.431910813539353455e+01 -2.169392952235774175e+01 -2.325457252691240484e+01 -1.948887449045565745e+01 1.581528082791615297e+01 -5.729532636781739541e+01 -3.193125895107571210e+01
-2.521268469612381935e+01 1.977372195758004091e+04 1.633420543254633376e+05 -5.431910813539353455e+01 2.221895758678235870e+04 7.793225538092007810e+03 6.605449945152128748e+03 4.964992813711210147e+03 1.745548293944657416e+03 2.715164235005154478e+04 9.070058477442418734e+03
-1.260985700337698745e+01 6.981798749067865174e+03 5.729168275521953183e+04 -2.169392952235774175e+01 7.793225538092007810e+03 3.096786214983882019e+03 2.267173891225929765e+03 1.593953934384854392e+03 2.886559451260954461e+02 9.586829581269566916e+03 3.113095995382079309e+03
-7.083040841823916800e+00 5.210683751101803864e+03 4.855978321984888316e+04 -2.325457252691240484e+01 6.605449945152128748e+03 2.267173891225929765e+03 2.681160297491378060e+03 2.219178815545225461e+03 -8.913401857199057758e+02 7.154880700388674995e+03 3.681547947160115200e+03
-5.159663947973435194e-01 3.726831234734464942e+03 3.650000783048415178e+04 -1.948887449045565745e+01 4.964992813711210147e+03 1.593953934384854392e+03 2.219178815545225461e+03 2.188255743185783558e+03 -1.310261225933206788e+03 5.117376941052883922e+03 3.047193120230817840e+03
4.699395955867029961e+00 2.866203628561937876e+03 1.283235017410724322e+04 1.581528082791615297e+01 1.745548293944657416e+03 2.886559451260954461e+02 -8.913401857199057758e+02 -1.310261225933206788e+03 4.003728136690370320e+03 3.935634171052025067e+03 -1.223914748412758172e+03
-3.133711862329719011e+01 2.501714973051904235e+04 1.996045504135609081e+05 -5.729532636781739541e+01 2.715164235005154478e+04 9.586829581269566916e+03 7.154880700388674995e+03 5.117376941052883922e+03 3.935634171052025067e+03 3.435148443767592107e+04 9.824491426095410134e+03
-9.725846863862104286e+00 7.154880700388674995e+03 6.667828491822941578e+04 -3.193125895107571210e+01 9.070058477442418734e+03 3.113095995382079309e+03 3.681547947160115200e+03 3.047193120230817840e+03 -1.223914748412758172e+03 9.824491426095410134e+03 5.055197669427091569e+03
