0.0054889453472633581085360354734348220517858862876892089843750000 0.0226328797382447967356799978233539150096476078033447265625000000 0.2408288247423058803242668091115774586796760559082031250000000000 -0.0000325860242489734916720295343495195083960425108671188354492188 0.0248729986795746434158349558174450066871941089630126953125000000 0.0054018207203671182725646104927363921888172626495361328125000000 0.0084469791257277097862310455411716247908771038055419921875000000 0.0104632249263179495646358674321163562126457691192626953125000000 0.0065996501839925046997703539375379477860406041145324707031250000 0.0291142708648889879385901480191023438237607479095458984375000000 0.0108659455226519027770670788868301315233111381530761718750000000
0.0226328797382447967356799978233539150096476078033447265625000000 23.9889682299661082254260691115632653236389160156250000000000000000 251.4277564613095705681189429014921188354492187500000000000000000000 -0.0330427144874387568318496732899802736937999725341796875000000000 25.9676650465835265890746086370199918746948242187500000000000000000 4.2913189191726281990213465178385376930236816406250000000000000000 8.4077379849138083045545499771833419799804687500000000000000000000 8.1043096096866840127859177300706505775451660156250000000000000000 5.5992013022589155468722310615703463554382324218750000000000000000 30.8587032182327760665430105291306972503662109375000000000000000000 10.8154668731863292663319953135214745998382568359375000000000000000
0.2408288247423058803242668091115774586796760559082031250000000000 251.4277564613095705681189429014921188354492187500000000000000000000 2731.8262846727134274260606616735458374023437500000000000000000000000 -0.4079679254741655491933727262221509590744972229003906250000000000 282.1452608266426409500127192586660385131835937500000000000000000000 45.7761457837578191742977651301771402359008789062500000000000000000 101.8761766459137874107909738086163997650146484375000000000000000000 97.5439630124594714288832619786262512207031250000000000000000000000 47.0315383294385114254509971942752599716186523437500000000000000000 323.4292714504387049601064063608646392822265625000000000000000000000 131.0505174706695470376871526241302490234375000000000000000000000000
-0.0000325860242489734916720295343495195083960425108671188354492188 -0.0330427144874387568318496732899802736937999725341796875000000000 -0.4079679254741655491933727262221509590744972229003906250000000000 0.0001321850219469004287121266516535911250684875994920730590820312 -0.0421352621825304071712103848312835907563567161560058593750000000 -0.0120767509667909032217147924370692635420709848403930664062500000 -0.0203573321922426060670563430221591261215507984161376953125000000 -0.0184515413128954648691593121156984125263988971710205078125000000 0.0068710756429706046355398996183794224634766578674316406250000000 -0.0425051761342098294305102967882703524082899093627929687500000000 -0.0261870734253033012051137262687916518189013004302978515625000000
0.0248729986795746434158349558174450066871941089630126953125000000 25.9676650465835265890746086370199918746948242187500000000000000000 282.1452608266426409500127192586660385131835937500000000000000000000 -0.0421352621825304071712103848312835907563567161560058593750000000 29.1401941088180826966436143266037106513977050781250000000000000000 4.7277979073051170644248486496508121490478515625000000000000000000 10.5218551388329295548373920610174536705017089843750000000000000000 10.0744205591066666727328993147239089012145996093750000000000000000 4.8574558797860936110168950108345597982406616210937500000000000000 33.4040406098837010517854650970548391342163085937500000000000000000 13.5350050040456277855582811753265559673309326171875000000000000000
0.0054018207203671182725646104927363921888172626495361328125000000 4.2913189191726281990213465178385376930236816406250000000000000000 45.7761457837578191742977651301771402359008789062500000000000000000 -0.0120767509667909032217147924370692635420709848403930664062500000 4.7277979073051170644248486496508121490478515625000000000000000000 1.9591027199930721724996374177862890064716339111328125000000000000 1.6177764598004031881828268524259328842163085937500000000000000000 1.2195830331758208409098642732715234160423278808593750000000000000 -0.0237079423747529015320534284683162695728242397308349609375000000 5.5202264504279874302028474630787968635559082031250000000000000000 2.0810600592676871123387627449119463562965393066406250000000000000
0.0084469791257277097862310455411716247908771038055419921875000000 8.4077379849138083045545499771833419799804687500000000000000000000 101.8761766459137874107909738086163997650146484375000000000000000000 -0.0203573321922426060670563430221591261215507984161376953125000000 10.5218551388329295548373920610174536705017089843750000000000000000 1.6177764598004031881828268524259328842163085937500000000000000000 4.9049609558310152124249725602567195892333984375000000000000000000 4.6346137751672991100804210873320698738098144531250000000000000000 0.3033942860987647316406423669832292944192886352539062500000000000 10.8154668731863274899751559132710099220275878906250000000000000000 6.3095975192436393186312670877669006586074829101562500000000000000
0.0104632249263179495646358674321163562126457691192626953125000000 8.1043096096866840127859177300706505775451660156250000000000000000 97.5439630124594714288832619786262512207031250000000000000000000000 -0.0184515413128954648691593121156984125263988971710205078125000000 10.0744205591066666727328993147239089012145996093750000000000000000 1.2195830331758208409098642732715234160423278808593750000000000000 4.6346137751672991100804210873320698738098144531250000000000000000 4.8399346460048544571463935426436364650726318359375000000000000000 0.1971829616122863504390494426843360997736454010009765625000000000 10.4251455350877577643586846534162759780883789062500000000000000000 5.9618308569173139588315279979724436998367309570312500000000000000
0.0065996501839925046997703539375379477860406041145324707031250000 5.5992013022589155468722310615703463554382324218750000000000000000 47.0315383294385114254509971942752599716186523437500000000000000000 0.0068710756429706046355398996183794224634766578674316406250000000 4.8574558797860936110168950108345597982406616210937500000000000000 -0.0237079423747529015320534284683162695728242397308349609375000000 0.3033942860987647316406423669832292944192886352539062500000000000 0.1971829616122863504390494426843360997736454010009765625000000000 4.1437577515043422238250059308484196662902832031250000000000000000 7.2026478833597780138120469928253442049026489257812500000000000000 0.3902774868464034541126750355033436790108680725097656250000000000
0.0291142708648889879385901480191023438237607479095458984375000000 30.8587032182327760665430105291306972503662109375000000000000000000 323.4292714504387049601064063608646392822265625000000000000000000000 -0.0425051761342098294305102967882703524082899093627929687500000000 33.4040406098837010517854650970548391342163085937500000000000000000 5.5202264504279874302028474630787968635559082031250000000000000000 10.8154668731863274899751559132710099220275878906250000000000000000 10.4251455350877577643586846534162759780883789062500000000000000000 7.2026478833597780138120469928253442049026489257812500000000000000 39.6957282690233981270466756541281938552856445312500000000000000000 13.9126985040305086727130401413887739181518554687500000000000000000
0.0108659455226519027770670788868301315233111381530761718750000000 10.8154668731863292663319953135214745998382568359375000000000000000 131.0505174706695470376871526241302490234375000000000000000000000000 -0.0261870734253033012051137262687916518189013004302978515625000000 13.5350050040456277855582811753265559673309326171875000000000000000 2.0810600592676871123387627449119463562965393066406250000000000000 6.3095975192436393186312670877669006586074829101562500000000000000 5.9618308569173139588315279979724436998367309570312500000000000000 0.3902774868464034541126750355033436790108680725097656250000000000 13.9126985040305086727130401413887739181518554687500000000000000000 8.1164806842179206824994253111071884632110595703125000000000000000
