0.0257270734209862246555378106904754531569778919219970703125000000 0.2019388968288249874838413688848959282040596008300781250000000000 2.2658887396311766515566432644845917820930480957031250000000000000 -0.0006317389496342709197945763932580121036153286695480346679687500 0.2072653902588995900035939712324761785566806793212890625000000000 0.0894534635913351999780829260089376475661993026733398437500000000 0.0602223540323451600464466082485159859061241149902343750000000000 0.0706042807773545333382969602098455652594566345214843750000000000 0.0176234321404027637070210943193160346709191799163818359375000000 0.2538158755195253912795294581883354112505912780761718750000000000 0.0756931416116592287179898335125471930950880050659179687500000000
0.2019388968288249874838413688848959282040596008300781250000000000 174.8009341525568913766619516536593437194824218750000000000000000000 1914.5702398130670189857482910156250000000000000000000000000000000000 -0.2780110946983962438849857790046371519565582275390625000000000000 175.1295820453754856771411141380667686462402343750000000000000000000 52.8127306352342600348492851480841636657714843750000000000000000000 45.9890254866484511353519337717443704605102539062500000000000000000 38.6645365876655233705605496652424335479736328125000000000000000000 35.1281381988317775721952784806489944458007812500000000000000000000 219.7063212698955965151981217786669731140136718750000000000000000000 57.8033501791283512716290715616196393966674804687500000000000000000
2.2658887396311766515566432644845917820930480957031250000000000000 1914.5702398130670189857482910156250000000000000000000000000000000000 21651.7352043608516396488994359970092773437500000000000000000000000000 -3.6756145043805004135606395720969885587692260742187500000000000000 1980.5276704118641646346077322959899902343750000000000000000000000000 595.3301371391009979561204090714454650878906250000000000000000000000 593.1294026498806033487198874354362487792968750000000000000000000000 496.4520330841218651585222687572240829467773437500000000000000000000 287.0149626985900681575003545731306076049804687500000000000000000000 2406.4126787505379070353228598833084106445312500000000000000000000000 745.5010450887214119575219228863716125488281250000000000000000000000
-0.0006317389496342709197945763932580121036153286695480346679687500 -0.2780110946983962438849857790046371519565582275390625000000000000 -3.6756145043805004135606395720969885587692260742187500000000000000 0.0012532821592519233742935025333053999929688870906829833984375000 -0.3362158350350867852540659441729076206684112548828125000000000000 -0.1201198482075170187455270820464647840708494186401367187500000000 -0.1558561939536403373463002708376734517514705657958984375000000000 -0.1293971171952845722330494027119129896163940429687500000000000000 0.0673797990088294551647152275108965113759040832519531250000000000 -0.3494305976368132782283737469697371125221252441406250000000000000 -0.1958947827521136941797408326237928122282028198242187500000000000
0.2072653902588995900035939712324761785566806793212890625000000000 175.1295820453754856771411141380667686462402343750000000000000000000 1980.5276704118641646346077322959899902343750000000000000000000000000 -0.3362158350350867852540659441729076206684112548828125000000000000 181.1628405873456699737289454787969589233398437500000000000000000000 54.4560423682164937986271979752928018569946289062500000000000000000 54.2547367679959222641628002747893333435058593750000000000000000000 45.4114637591400409633024537470191717147827148437500000000000000000 26.2538346271802538467454724013805389404296875000000000000000000000 220.1193969772671437112876446917653083801269531250000000000000000000 68.1924766852773132086440455168485641479492187500000000000000000000
0.0894534635913351999780829260089376475661993026733398437500000000 52.8127306352342600348492851480841636657714843750000000000000000000 595.3301371391009979561204090714454650878906250000000000000000000000 -0.1201198482075170187455270820464647840708494186401367187500000000 54.4560423682164937986271979752928018569946289062500000000000000000 19.8540872268736485750650899717584252357482910156250000000000000000 16.1087418749503186177207680884748697280883789062500000000000000000 12.4623821854287637478364558774046599864959716796875000000000000000 5.3671768659998217998463587719015777111053466796875000000000000000 66.3800272025921032081896555610001087188720703125000000000000000000 20.2469880083297368855710374191403388977050781250000000000000000000
0.0602223540323451600464466082485159859061241149902343750000000000 45.9890254866484511353519337717443704605102539062500000000000000000 593.1294026498806033487198874354362487792968750000000000000000000000 -0.1558561939536403373463002708376734517514705657958984375000000000 54.2547367679959222641628002747893333435058593750000000000000000000 16.1087418749503186177207680884748697280883789062500000000000000000 23.8280612102592321832617017207667231559753417968750000000000000000 19.7429191881151346876777097349986433982849121093750000000000000000 -3.5780302013617606426976180955534800887107849121093750000000000000 57.8033501791283512716290715616196393966674804687500000000000000000 29.9493575184842626413228572346270084381103515625000000000000000000
0.0706042807773545333382969602098455652594566345214843750000000000 38.6645365876655233705605496652424335479736328125000000000000000000 496.4520330841218651585222687572240829467773437500000000000000000000 -0.1293971171952845722330494027119129896163940429687500000000000000 45.4114637591400409633024537470191717147827148437500000000000000000 12.4623821854287637478364558774046599864959716796875000000000000000 19.7429191881151346876777097349986433982849121093750000000000000000 18.8214661726369989480645017465576529502868652343750000000000000000 -4.5581066878527600749748671660199761390686035156250000000000000000 48.5972408469363799099483003374189138412475585937500000000000000000 24.8147652469863011504003225127235054969787597656250000000000000000
0.0176234321404027637070210943193160346709191799163818359375000000 35.1281381988317775721952784806489944458007812500000000000000000000 287.0149626985900681575003545731306076049804687500000000000000000000 0.0673797990088294551647152275108965113759040832519531250000000000 26.2538346271802538467454724013805389404296875000000000000000000000 5.3671768659998217998463587719015777111053466796875000000000000000 -3.5780302013617606426976180955534800887107849121093750000000000000 -4.5581066878527600749748671660199761390686035156250000000000000000 27.6428154470049065594139392487704753875732421875000000000000000000 44.1523613940762942320361617021262645721435546875000000000000000000 -4.4972062463218662742292508482933044433593750000000000000000000000
0.2538158755195253912795294581883354112505912780761718750000000000 219.7063212698955965151981217786669731140136718750000000000000000000 2406.4126787505379070353228598833084106445312500000000000000000000000 -0.3494305976368132782283737469697371125221252441406250000000000000 220.1193969772671437112876446917653083801269531250000000000000000000 66.3800272025921032081896555610001087188720703125000000000000000000 57.8033501791283512716290715616196393966674804687500000000000000000 48.5972408469363799099483003374189138412475585937500000000000000000 44.1523613940762942320361617021262645721435546875000000000000000000 276.1476524137013939252938143908977508544921875000000000000000000000 72.6527091316810640364565188065171241760253906250000000000000000000
0.0756931416116592287179898335125471930950880050659179687500000000 57.8033501791283512716290715616196393966674804687500000000000000000 745.5010450887214119575219228863716125488281250000000000000000000000 -0.1958947827521136941797408326237928122282028198242187500000000000 68.1924766852773132086440455168485641479492187500000000000000000000 20.2469880083297368855710374191403388977050781250000000000000000000 29.9493575184842626413228572346270084381103515625000000000000000000 24.8147652469863011504003225127235054969787597656250000000000000000 -4.4972062463218662742292508482933044433593750000000000000000000000 72.6527091316810640364565188065171241760253906250000000000000000000 37.6431807798025843680989055428653955459594726562500000000000000000
