0.0055781918091381711005682930704097088892012834548950195312500000 0.0231487776716561496903601380381587659940123558044433593750000000 0.2423700018629465768871256159400218166410923004150390625000000000 -0.0000330851218399869987361362755340365993106388486921787261962891 0.0256288359587930683614054316876718075945973396301269531250000000 0.0055832418406868457305680664148894720710813999176025390625000000 0.0087637530485480102243611710832738026510924100875854492187500000 0.0107092518828442104239506704743689624592661857604980468750000000 0.0066733271617155269853083332520782278152182698249816894531250000 0.0299233482909824696771572405396000249311327934265136718750000000 0.0113284959805439126162562857302873453591018915176391601562500000
0.0231487776716561496903601380381587659940123558044433593750000000 23.9385332414385523236433073179796338081359863281250000000000000000 246.5756679481308708545839181169867515563964843750000000000000000000 -0.0327332961445068390538004621248546754941344261169433593750000000 26.0735540566029087017341225873678922653198242187500000000000000000 4.1430135621770904919003442046232521533966064453125000000000000000 8.4751760421860016236905721598304808139801025390625000000000000000 8.2324673764139006948425958398729562759399414062500000000000000000 5.6696145048873711758119497972074896097183227539062500000000000000 30.9442285860261812047156126936897635459899902343750000000000000000 10.9554659055817875668026317725889384746551513671875000000000000000
0.2423700018629465768871256159400218166410923004150390625000000000 246.5756679481308708545839181169867515563964843750000000000000000000 2633.8672785907983779907226562500000000000000000000000000000000000000 -0.3969780780653368035260086799098644405603408813476562500000000000 278.5119936517862697655800729990005493164062500000000000000000000000 43.3779329846970043149667617399245500564575195312500000000000000000 100.8974708334751966276598977856338024139404296875000000000000000000 97.3559578091790882581335608847439289093017578125000000000000000000 47.0026293971412840733137272763997316360473632812500000000000000000 318.7368981960455585067393258213996887207031250000000000000000000000 130.4254679989467149425763636827468872070312500000000000000000000000
-0.0000330851218399869987361362755340365993106388486921787261962891 -0.0327332961445068390538004621248546754941344261169433593750000000 -0.3969780780653368035260086799098644405603408813476562500000000000 0.0001304921472402510078478915511723812414857093244791030883789062 -0.0419774970655264478835988484206609427928924560546875000000000000 -0.0118888577876435173191760341637746023479849100112915039062500000 -0.0202383408631899262830611263552782475017011165618896484375000000 -0.0184625591804063564349558390631500515155494213104248046875000000 0.0067303253136418092483772568357380805537104606628417968750000000 -0.0423128095632997053288093525225121993571519851684570312500000000 -0.0261611619875015063985124186274333624169230461120605468750000000
0.0256288359587930683614054316876718075945973396301269531250000000 26.0735540566029087017341225873678922653198242187500000000000000000 278.5119936517862697655800729990005493164062500000000000000000000000 -0.0419774970655264478835988484206609427928924560546875000000000000 29.4505844081082344132482830900698900222778320312500000000000000000 4.5868957385451105679408101423177868127822875976562500000000000000 10.6691616486040761202502835658378899097442626953125000000000000000 10.2946728271824419209679035702720284461975097656250000000000000000 4.9701805883240481875873229000717401504516601562500000000000000000 33.7040706980736359810180147178471088409423828125000000000000000000 13.7915290609437821700566928484477102756500244140625000000000000000
0.0055832418406868457305680664148894720710813999176025390625000000 4.1430135621770904919003442046232521533966064453125000000000000000 43.3779329846970043149667617399245500564575195312500000000000000000 -0.0118888577876435173191760341637746023479849100112915039062500000 4.5868957385451105679408101423177868127822875976562500000000000000 1.9474631691673509603646152754663489758968353271484375000000000000 1.5685024654980213032473557177581824362277984619140625000000000000 1.1746282556611742364793826709501445293426513671875000000000000000 -0.0613417884037500069083215237242256989702582359313964843750000000 5.3554809482266492182134243194013833999633789062500000000000000000 2.0275301891136132681481285544577986001968383789062500000000000000
0.0087637530485480102243611710832738026510924100875854492187500000 8.4751760421860016236905721598304808139801025390625000000000000000 100.8974708334751966276598977856338024139404296875000000000000000000 -0.0202383408631899262830611263552782475017011165618896484375000000 10.6691616486040761202502835658378899097442626953125000000000000000 1.5685024654980213032473557177581824362277984619140625000000000000 4.9672237375912287049573023978155106306076049804687500000000000000 4.7306822513121700168881034187506884336471557617187500000000000000 0.3592396077344722216118100277526536956429481506347656250000000000 10.9554659055817875668026317725889384746551513671875000000000000000 6.4208991095530274506586465577129274606704711914062500000000000000
0.0107092518828442104239506704743689624592661857604980468750000000 8.2324673764139006948425958398729562759399414062500000000000000000 97.3559578091790882581335608847439289093017578125000000000000000000 -0.0184625591804063564349558390631500515155494213104248046875000000 10.2946728271824419209679035702720284461975097656250000000000000000 1.1746282556611742364793826709501445293426513671875000000000000000 4.7306822513121700168881034187506884336471557617187500000000000000 4.9744867604327573928912897827103734016418457031250000000000000000 0.2546305315777603328619704825541703030467033386230468750000000000 10.6417277012518578516164780012331902980804443359375000000000000000 6.1151329313300823997678890009410679340362548828125000000000000000
0.0066733271617155269853083332520782278152182698249816894531250000 5.6696145048873711758119497972074896097183227539062500000000000000 47.0026293971412840733137272763997316360473632812500000000000000000 0.0067303253136418092483772568357380805537104606628417968750000000 4.9701805883240481875873229000717401504516601562500000000000000000 -0.0613417884037500069083215237242256989702582359313964843750000000 0.3592396077344722216118100277526536956429481506347656250000000000 0.2546305315777603328619704825541703030467033386230468750000000000 4.1815301927459662678643326216842979192733764648437500000000000000 7.3288469875918584861551607900764793157577514648437500000000000000 0.4643723333745013448492500174324959516525268554687500000000000000
0.0299233482909824696771572405396000249311327934265136718750000000 30.9442285860261812047156126936897635459899902343750000000000000000 318.7368981960455585067393258213996887207031250000000000000000000000 -0.0423128095632997053288093525225121993571519851684570312500000000 33.7040706980736359810180147178471088409423828125000000000000000000 5.3554809482266492182134243194013833999633789062500000000000000000 10.9554659055817875668026317725889384746551513671875000000000000000 10.6417277012518578516164780012331902980804443359375000000000000000 7.3288469875918584861551607900764793157577514648437500000000000000 40.0001651365460944020924216601997613906860351562500000000000000000 14.1616212584780285510532849002629518508911132812500000000000000000
0.0113284959805439126162562857302873453591018915176391601562500000 10.9554659055817875668026317725889384746551513671875000000000000000 130.4254679989467149425763636827468872070312500000000000000000000000 -0.0261611619875015063985124186274333624169230461120605468750000000 13.7915290609437821700566928484477102756500244140625000000000000000 2.0275301891136132681481285544577986001968383789062500000000000000 6.4208991095530274506586465577129274606704711914062500000000000000 6.1151329313300823997678890009410679340362548828125000000000000000 0.4643723333745013448492500174324959516525268554687500000000000000 14.1616212584780285510532849002629518508911132812500000000000000000 8.2999976552398369022967017372138798236846923828125000000000000000
