# A b_HI Tb sigma_NL sigma8tot n_s f DA H omegak omegaDE w0 wa h gamma sigma_8 fs8 bs8 pk0 pk1 pk2 pk3 pk4 pk5 pk6 pk7 pk8 pk9 pk10 pk11 pk12 pk13 pk14 pk15 pk16 pk17 pk18 pk19 pk20 pk21 pk22 pk23 pk24 pk25 pk26 pk27 pk28 pk29 pk30 pk31 pk32 pk33 pk34 pk35 pk36 pk37 pk38 pk39 pk40 pk41 pk42 pk43 pk44 pk45 pk46 pk47 pk48 pk49 pk50 pk51 pk52 pk53 pk54 pk55 pk56 pk57 pk58 pk59 pk60 pk61 pk62 pk63 pk64 pk65 pk66 pk67 pk68 pk69 pk70 pk71 pk72 pk73 pk74 pk75 pk76 pk77 pk78 pk79 pk80 pk81 pk82 pk83 pk84 pk85 pk86 pk87 pk88 pk89
1.613426688428919176e-01 4.444613086904022903e-01 2.678201291378072391e+00 -8.006207803194871284e-04 6.331603137564320027e-01 2.303892820182736056e-01 2.120485428708912545e-01 -1.683537239384370332e-01 7.876446836335129764e-02 4.721760085156827547e-01 -4.071226022018083202e-02 -1.162884786373501525e-02 -7.254900755737342388e-03 4.877254921702881552e-01 -5.548111087393061552e-02 4.295137460053712330e-01 7.480392081892632827e-01 3.568828624795294946e-01 0.000000000000000000e+00 0.000000000000000000e+00 2.217865106923359279e-22 1.691023926828743686e-20 3.943188406359294614e-20 1.537711248383341816e-19 -5.230559941954935487e-20 6.956929292500279075e-19 7.978532520634848758e-19 -1.733500075955182466e-18 1.336051336316961181e-18 -7.678954973890068502e-18 -3.883303621901527174e-17 3.622799970452904348e-17 3.182658099398931577e-17 -2.259923476497607157e-17 -2.458178768851925330e-16 -1.747056631916924455e-16 -3.273137248084270595e-16 3.184978408948000367e-16 -1.697831465995074818e-15 -5.342494562301449164e-16 -3.807739969585642259e-16 -1.519933816166511825e-15 -2.932823676364519456e-15 -2.120646360119605237e-15 -5.686678559032942032e-03 -1.153348488869753163e-01 -2.436291142540860377e-01 -2.562647738370345540e-01 -5.415923463846947922e-02 3.400881189072482158e-01 6.338555275456699833e-01 3.957314817878472835e-01 -2.304329923812067082e-01 -5.030195157472844292e-01 -5.057146357307465076e-03 4.275752909447291250e-01 -1.432630350547045399e-02 -2.068482399653375492e-01 1.235350772388470325e-01 -2.015398928072418758e-02 -1.518584876043230225e-02 1.362625429768043669e-02 -2.392419504110430333e-04 0.000000000000000000e+00 0.000000000000000000e+00 0.000000000000000000e+00 0.000000000000000000e+00 0.000000000000000000e+00 0.000000000000000000e+00 0.000000000000000000e+00 0.000000000000000000e+00 0.000000000000000000e+00 0.000000000000000000e+00 0.000000000000000000e+00 0.000000000000000000e+00 0.000000000000000000e+00 0.000000000000000000e+00 0.000000000000000000e+00 0.000000000000000000e+00 0.000000000000000000e+00 0.000000000000000000e+00 0.000000000000000000e+00 0.000000000000000000e+00 0.000000000000000000e+00 0.000000000000000000e+00 0.000000000000000000e+00 0.000000000000000000e+00 0.000000000000000000e+00 0.000000000000000000e+00 0.000000000000000000e+00 0.000000000000000000e+00 0.000000000000000000e+00 0.000000000000000000e+00 0.000000000000000000e+00 0.000000000000000000e+00 0.000000000000000000e+00 0.000000000000000000e+00 0.000000000000000000e+00 0.000000000000000000e+00 0.000000000000000000e+00 0.000000000000000000e+00 0.000000000000000000e+00 0.000000000000000000e+00 0.000000000000000000e+00 0.000000000000000000e+00 0.000000000000000000e+00 0.000000000000000000e+00 0.000000000000000000e+00
4.444613086904022903e-01 4.648347860188081313e+02 2.650206102207621370e+03 -6.744386441459441217e-01 6.265419005640037540e+02 3.703171448651406905e+01 1.848865012868043323e+02 -1.552870820900471358e+02 1.579611501711323456e+02 5.229062721727673306e+02 -9.065077644185079464e+01 5.564016094768923226e-01 -4.482919389915339003e+00 5.737436038437277830e+02 -5.802428647199409539e+01 4.492020482161144628e+02 7.823282667660546394e+02 3.111684849126009453e+02 0.000000000000000000e+00 0.000000000000000000e+00 2.161271948152728671e-07 1.378837560994377334e-05 9.611469311617588539e-05 3.209572941055838778e-04 8.089629187363054415e-04 1.779705159022869007e-03 3.619552857310239131e-03 6.904122688159352803e-03 1.262034324714015297e-02 2.248705886368072837e-02 3.888293800884589507e-02 6.543903806492973318e-02 1.078063765672189478e-01 1.752279781285429050e-01 2.773799814087432036e-01 4.302095270328701315e-01 6.554568138790339837e-01 9.769529892626247491e-01 1.417427424351949794e+00 2.001795403166488629e+00 2.754236349556741015e+00 3.654366733088774133e+00 4.682918485854857593e+00 5.796836532635639472e+00 6.963479356945354581e+00 8.198564538367014265e+00 9.635842913721635483e+00 1.153662172808782671e+01 1.408274837576781735e+01 1.707605578143007818e+01 1.949433884581916132e+01 1.986821601200201926e+01 1.839192420833861163e+01 1.729450822730786541e+01 1.815006945900692159e+01 1.844153358377639762e+01 1.537550460013806841e+01 1.245639211082111864e+01 1.130610971968653899e+01 8.706996910819894353e+00 6.631305209431528347e+00 4.560272953273143415e+00 5.939182703897353394e-02 0.000000000000000000e+00 0.000000000000000000e+00 0.000000000000000000e+00 0.000000000000000000e+00 0.000000000000000000e+00 0.000000000000000000e+00 0.000000000000000000e+00 0.000000000000000000e+00 0.000000000000000000e+00 0.000000000000000000e+00 0.000000000000000000e+00 0.000000000000000000e+00 0.000000000000000000e+00 0.000000000000000000e+00 0.000000000000000000e+00 0.000000000000000000e+00 0.000000000000000000e+00 0.000000000000000000e+00 0.000000000000000000e+00 0.000000000000000000e+00 0.000000000000000000e+00 0.000000000000000000e+00 0.000000000000000000e+00 0.000000000000000000e+00 0.000000000000000000e+00 0.000000000000000000e+00 0.000000000000000000e+00 0.000000000000000000e+00 0.000000000000000000e+00 0.000000000000000000e+00 0.000000000000000000e+00 0.000000000000000000e+00 0.000000000000000000e+00 0.000000000000000000e+00 0.000000000000000000e+00 0.000000000000000000e+00 0.000000000000000000e+00 0.000000000000000000e+00 0.000000000000000000e+00 0.000000000000000000e+00 0.000000000000000000e+00 0.000000000000000000e+00 0.000000000000000000e+00 0.000000000000000000e+00 0.000000000000000000e+00
2.678201291378072391e+00 2.650206102207621370e+03 1.583715437739001936e+04 -4.509297048749131953e+00 3.744101560580482783e+03 1.923577859908479581e+02 1.232034407714803365e+03 -1.024256649501160609e+03 7.659710572007563769e+02 3.020173616665286318e+03 -4.953963439080543480e+02 6.218552863538308273e+00 -2.748777296750839128e+01 3.383701162469083101e+03 -3.308192990489739600e+02 2.561077710002408821e+03 4.460361420603790975e+03 2.073543916622164033e+03 0.000000000000000000e+00 0.000000000000000000e+00 1.688852912579677705e-06 1.027199652708332521e-04 6.823219118330911851e-04 2.195733659937405130e-03 5.388368792227946590e-03 1.162689590180184494e-02 2.331842372199904173e-02 4.402930375066801960e-02 7.986343603589679541e-02 1.414178447611308120e-01 2.432876778073771729e-01 4.077006716627962213e-01 6.691035110629999227e-01 1.083684827622923841e+00 1.710257708832226831e+00 2.645227917009106644e+00 4.020589257452484411e+00 5.980624651085045151e+00 8.663564231930457993e+00 1.222263498277161275e+01 1.680906338642249764e+01 2.230531213708279736e+01 2.859700055067126101e+01 3.543511659683830572e+01 4.261411522918188410e+01 5.022666854859171082e+01 5.906611685592852723e+01 7.071638600867166247e+01 8.626793131444084395e+01 1.044689306927862873e+02 1.190781588024794928e+02 1.211211719443092250e+02 1.117896646404788186e+02 1.045958942285993913e+02 1.089267744579721580e+02 1.095598806722307756e+02 9.018225941890061392e+01 7.178922993156025711e+01 6.368349450013200652e+01 4.770802557420904577e+01 3.509435061950238577e+01 2.327277083985669393e+01 2.985789735282001756e-01 0.000000000000000000e+00 0.000000000000000000e+00 0.000000000000000000e+00 0.000000000000000000e+00 0.000000000000000000e+00 0.000000000000000000e+00 0.000000000000000000e+00 0.000000000000000000e+00 0.000000000000000000e+00 0.000000000000000000e+00 0.000000000000000000e+00 0.000000000000000000e+00 0.000000000000000000e+00 0.000000000000000000e+00 0.000000000000000000e+00 0.000000000000000000e+00 0.000000000000000000e+00 0.000000000000000000e+00 0.000000000000000000e+00 0.000000000000000000e+00 0.000000000000000000e+00 0.000000000000000000e+00 0.000000000000000000e+00 0.000000000000000000e+00 0.000000000000000000e+00 0.000000000000000000e+00 0.000000000000000000e+00 0.000000000000000000e+00 0.000000000000000000e+00 0.000000000000000000e+00 0.000000000000000000e+00 0.000000000000000000e+00 0.000000000000000000e+00 0.000000000000000000e+00 0.000000000000000000e+00 0.000000000000000000e+00 0.000000000000000000e+00 0.000000000000000000e+00 0.000000000000000000e+00 0.000000000000000000e+00 0.000000000000000000e+00 0.000000000000000000e+00 0.000000000000000000e+00 0.000000000000000000e+00 0.000000000000000000e+00
-8.006207803194871284e-04 -6.744386441459441217e-01 -4.509297048749131953e+00 3.562948993639199809e-03 -1.066054274336433849e+00 -2.849702696447506400e-01 -4.307109813814601340e-01 3.205063225941176541e-01 1.973867349251008929e-01 -5.748766420294235679e-01 -1.536924756428454664e-01 7.654298858509928083e-02 2.480594026725978576e-02 -4.241737455570157578e-01 8.418866718405217109e-02 -6.517567735005935781e-01 -1.135096665277101957e+00 -7.248970724140902933e-01 0.000000000000000000e+00 0.000000000000000000e+00 -3.185261210067829085e-13 -2.062487314794352171e-11 -1.531533539091575450e-10 -5.727559405951740319e-10 -1.676037214069733075e-09 -4.399350235142416952e-09 -1.093165657032792096e-08 -2.573280294095005060e-08 -5.841023516213403444e-08 -1.304024906575252164e-07 -2.833780268898121078e-07 -5.992892024634992133e-07 -1.240845469841091142e-06 -2.549987095608025690e-06 -5.091673503028199434e-06 -9.950987155348203585e-06 -1.916734791708580478e-05 -3.619686825987833249e-05 -6.644243094641906489e-05 -1.187470446364395301e-04 -2.082229219412018884e-04 -3.515945316721936251e-04 -5.732678247905033907e-04 -9.055133655389953828e-04 -1.392145351358205349e-03 -2.091152600941371519e-03 -3.129273422161468667e-03 -4.779371922684899979e-03 -7.411876761595439025e-03 -1.135900755507118255e-02 -1.635176149257271463e-02 -2.104999590885040656e-02 -2.445969203956359361e-02 -2.877150570088543233e-02 -3.747318333148400710e-02 -4.651213616138874518e-02 -4.669755321268481002e-02 -4.504464164453130665e-02 -4.744413273077763976e-02 -4.086744728982143887e-02 -3.354345147763027751e-02 -2.363737378809166456e-02 -3.072320296336371803e-04 0.000000000000000000e+00 0.000000000000000000e+00 0.000000000000000000e+00 0.000000000000000000e+00 0.000000000000000000e+00 0.000000000000000000e+00 0.000000000000000000e+00 0.000000000000000000e+00 0.000000000000000000e+00 0.000000000000000000e+00 0.000000000000000000e+00 0.000000000000000000e+00 0.000000000000000000e+00 0.000000000000000000e+00 0.000000000000000000e+00 0.000000000000000000e+00 0.000000000000000000e+00 0.000000000000000000e+00 0.000000000000000000e+00 0.000000000000000000e+00 0.000000000000000000e+00 0.000000000000000000e+00 0.000000000000000000e+00 0.000000000000000000e+00 0.000000000000000000e+00 0.000000000000000000e+00 0.000000000000000000e+00 0.000000000000000000e+00 0.000000000000000000e+00 0.000000000000000000e+00 0.000000000000000000e+00 0.000000000000000000e+00 0.000000000000000000e+00 0.000000000000000000e+00 0.000000000000000000e+00 0.000000000000000000e+00 0.000000000000000000e+00 0.000000000000000000e+00 0.000000000000000000e+00 0.000000000000000000e+00 0.000000000000000000e+00 0.000000000000000000e+00 0.000000000000000000e+00 0.000000000000000000e+00 0.000000000000000000e+00
6.331603137564320027e-01 6.265419005640037540e+02 3.744101560580482783e+03 -1.066054274336433849e+00 8.851524814302807727e+02 4.547578874058002185e+01 2.912683578559680200e+02 -2.421470946388685661e+02 1.810851471347128836e+02 7.140068526151503647e+02 -1.171178975801388731e+02 1.470143747172521387e+00 -6.498453649694800660e+00 7.999493154543802120e+02 -7.820982383096091439e+01 6.054708328459304312e+02 1.054485279216418121e+03 4.902117406420492784e+02 0.000000000000000000e+00 0.000000000000000000e+00 3.992659713292850614e-07 2.428428574405809429e-05 1.613094419638757041e-04 5.190989256584851476e-04 1.273877839617840830e-03 2.748743748611312803e-03 5.512767291860027480e-03 1.040907861070655520e-02 1.888071609140929905e-02 3.343294891536807700e-02 5.751625275870542175e-02 9.638554279685887516e-02 1.581844465403081379e-01 2.561966599298283187e-01 4.043263331306129471e-01 6.253649952610390583e-01 9.505176343278032292e-01 1.413894539118829341e+00 2.048175043824115971e+00 2.889583925426288058e+00 3.973873017671024410e+00 5.273255030014398770e+00 6.760688936804727156e+00 8.377305176678984111e+00 1.007451032744373620e+01 1.187421323391383510e+01 1.396396947506150354e+01 1.671823895280571293e+01 2.039481895330733607e+01 2.469776306515339215e+01 2.815156748360808336e+01 2.863456136687359432e+01 2.642847621885491805e+01 2.472777883447954395e+01 2.575165313911043441e+01 2.590132737403501650e+01 2.132021512078133441e+01 1.697187268713881636e+01 1.505557535522726909e+01 1.127877450381007662e+01 8.296743833578243965e+00 5.501974378991906001e+00 7.058780726035185360e-02 0.000000000000000000e+00 0.000000000000000000e+00 0.000000000000000000e+00 0.000000000000000000e+00 0.000000000000000000e+00 0.000000000000000000e+00 0.000000000000000000e+00 0.000000000000000000e+00 0.000000000000000000e+00 0.000000000000000000e+00 0.000000000000000000e+00 0.000000000000000000e+00 0.000000000000000000e+00 0.000000000000000000e+00 0.000000000000000000e+00 0.000000000000000000e+00 0.000000000000000000e+00 0.000000000000000000e+00 0.000000000000000000e+00 0.000000000000000000e+00 0.000000000000000000e+00 0.000000000000000000e+00 0.000000000000000000e+00 0.000000000000000000e+00 0.000000000000000000e+00 0.000000000000000000e+00 0.000000000000000000e+00 0.000000000000000000e+00 0.000000000000000000e+00 0.000000000000000000e+00 0.000000000000000000e+00 0.000000000000000000e+00 0.000000000000000000e+00 0.000000000000000000e+00 0.000000000000000000e+00 0.000000000000000000e+00 0.000000000000000000e+00 0.000000000000000000e+00 0.000000000000000000e+00 0.000000000000000000e+00 0.000000000000000000e+00 0.000000000000000000e+00 0.000000000000000000e+00 0.000000000000000000e+00 0.000000000000000000e+00
2.303892820182736056e-01 3.703171448651406905e+01 1.923577859908479581e+02 -2.849702696447506400e-01 4.547578874058002185e+01 6.428617979661784432e+01 1.013621440601730939e+01 3.313886155401966072e+00 -2.954064090164909473e+01 1.177579884384548636e+00 3.674675262734315595e+01 -1.392160221485162452e+01 -3.050974392941751212e+00 -5.024307493853498841e+01 -4.622586076911299635e+00 3.578631052716308147e+01 6.232527745554249776e+01 1.705949573125919017e+01 0.000000000000000000e+00 0.000000000000000000e+00 -5.899209831153974891e-07 -3.505333488630988362e-05 -2.255672419500234966e-04 -7.008093640460480184e-04 -1.657624990627509396e-03 -3.441171722538278153e-03 -6.623768145599871066e-03 -1.198864681808819825e-02 -2.081151004351266404e-02 -3.516920009639856043e-02 -5.761548134854990039e-02 -9.175627423550168638e-02 -1.427356374419438134e-01 -2.181868496429790472e-01 -3.241588162124385830e-01 -4.703116241665110664e-01 -6.671727752804298417e-01 -9.212663499647795184e-01 -1.232610228011084885e+00 -1.595741140760468468e+00 -1.993453069360512364e+00 -2.382326867615667254e+00 -2.718698780447144525e+00 -2.950479552005562667e+00 -3.040237414860056830e+00 -2.991775449717854585e+00 -2.822117547042011676e+00 -2.531333872383037420e+00 -2.063274159490283033e+00 -1.271406147279846355e+00 -5.668142361902053089e-02 1.376160205501971712e+00 2.577726635607354488e+00 3.657474263902263267e+00 5.118095687621959655e+00 6.428544478017045982e+00 6.331457988200577702e+00 5.900744826302798174e+00 5.997186871797737240e+00 5.041535197767542442e+00 4.128612689041712969e+00 2.993470246770652654e+00 3.969006961221084595e-02 0.000000000000000000e+00 0.000000000000000000e+00 0.000000000000000000e+00 0.000000000000000000e+00 0.000000000000000000e+00 0.000000000000000000e+00 0.000000000000000000e+00 0.000000000000000000e+00 0.000000000000000000e+00 0.000000000000000000e+00 0.000000000000000000e+00 0.000000000000000000e+00 0.000000000000000000e+00 0.000000000000000000e+00 0.000000000000000000e+00 0.000000000000000000e+00 0.000000000000000000e+00 0.000000000000000000e+00 0.000000000000000000e+00 0.000000000000000000e+00 0.000000000000000000e+00 0.000000000000000000e+00 0.000000000000000000e+00 0.000000000000000000e+00 0.000000000000000000e+00 0.000000000000000000e+00 0.000000000000000000e+00 0.000000000000000000e+00 0.000000000000000000e+00 0.000000000000000000e+00 0.000000000000000000e+00 0.000000000000000000e+00 0.000000000000000000e+00 0.000000000000000000e+00 0.000000000000000000e+00 0.000000000000000000e+00 0.000000000000000000e+00 0.000000000000000000e+00 0.000000000000000000e+00 0.000000000000000000e+00 0.000000000000000000e+00 0.000000000000000000e+00 0.000000000000000000e+00 0.000000000000000000e+00 0.000000000000000000e+00
2.120485428708912545e-01 1.848865012868043323e+02 1.232034407714803365e+03 -4.307109813814601340e-01 2.912683578559680200e+02 1.013621440601730939e+01 1.170653446521228176e+02 -9.574644341431768169e+01 2.989314377597496630e+01 2.174956507961427690e+02 -3.081109570310328394e+01 9.665525709594953163e-01 -2.254949839300354864e+00 2.557421035455901688e+02 -2.307896835207201747e+01 1.786686314439973273e+02 3.111684849126009453e+02 1.970238263888461177e+02 0.000000000000000000e+00 0.000000000000000000e+00 1.976732887989659568e-07 1.138183283002874142e-05 7.109289829256183876e-05 2.171565061282672055e-04 5.116407705878973661e-04 1.069963413127722083e-03 2.095773570134904559e-03 3.887629489065532514e-03 6.954780040764859186e-03 1.217592125628626752e-02 2.074997773576719648e-02 3.449442617818002793e-02 5.620200156599359370e-02 9.040300666667733243e-02 1.418379582172664410e-01 2.181915920662934327e-01 3.300789805154567547e-01 4.890368413906741596e-01 7.062196562247500253e-01 9.942712895919442184e-01 1.366079888662189656e+00 1.813214367188804133e+00 2.326903709801481313e+00 2.889157340353543102e+00 3.482235678726956163e+00 4.113138938534881106e+00 4.842594673360193447e+00 5.797560194983344850e+00 7.063494985343221622e+00 8.531734168302108401e+00 9.694605813604098898e+00 9.821637169009830970e+00 9.010702006208951786e+00 8.344987582545810412e+00 8.551463121970778403e+00 8.415743603118810867e+00 6.732161702584172680e+00 5.142968462521947615e+00 4.306860618193572243e+00 2.990046526248124614e+00 1.973788966136348133e+00 1.146664335479343544e+00 1.382817693030251663e-02 0.000000000000000000e+00 0.000000000000000000e+00 0.000000000000000000e+00 0.000000000000000000e+00 0.000000000000000000e+00 0.000000000000000000e+00 0.000000000000000000e+00 0.000000000000000000e+00 0.000000000000000000e+00 0.000000000000000000e+00 0.000000000000000000e+00 0.000000000000000000e+00 0.000000000000000000e+00 0.000000000000000000e+00 0.000000000000000000e+00 0.000000000000000000e+00 0.000000000000000000e+00 0.000000000000000000e+00 0.000000000000000000e+00 0.000000000000000000e+00 0.000000000000000000e+00 0.000000000000000000e+00 0.000000000000000000e+00 0.000000000000000000e+00 0.000000000000000000e+00 0.000000000000000000e+00 0.000000000000000000e+00 0.000000000000000000e+00 0.000000000000000000e+00 0.000000000000000000e+00 0.000000000000000000e+00 0.000000000000000000e+00 0.000000000000000000e+00 0.000000000000000000e+00 0.000000000000000000e+00 0.000000000000000000e+00 0.000000000000000000e+00 0.000000000000000000e+00 0.000000000000000000e+00 0.000000000000000000e+00 0.000000000000000000e+00 0.000000000000000000e+00 0.000000000000000000e+00 0.000000000000000000e+00 0.000000000000000000e+00
-1.683537239384370332e-01 -1.552870820900471358e+02 -1.024256649501160609e+03 3.205063225941176541e-01 -2.421470946388685661e+02 3.313886155401966072e+00 -9.574644341431768169e+01 8.715273469105227377e+01 -2.491251569139350153e+01 -1.885474370113075224e+02 2.996329092333534660e+01 -2.464255992081189284e+00 1.665832470480418159e+00 -2.294518622108262207e+02 1.938413906963576139e+01 -1.500646626165595023e+02 -2.613519414567847434e+02 -1.611435963450172437e+02 -0.000000000000000000e+00 -0.000000000000000000e+00 -2.142340702877199665e-07 -1.253190102123090672e-05 -8.104434604188899636e-05 -2.579698110572619155e-04 -6.319510335614677947e-04 -1.365925906663857095e-03 -2.746204030452681528e-03 -5.190377686414201878e-03 -9.415482328418127086e-03 -1.664552154732241301e-02 -2.851003206375537710e-02 -4.748488218859624882e-02 -7.727080474592187831e-02 -1.237874922129365562e-01 -1.924405885606100264e-01 -2.925459680842250054e-01 -4.351967323125615072e-01 -6.294612968894088834e-01 -8.826554338462508920e-01 -1.197912744373879512e+00 -1.573583069935536427e+00 -1.981495748243973676e+00 -2.407226256214452853e+00 -2.833168361025073079e+00 -3.334814841900464621e+00 -4.158761326864341967e+00 -4.779715175688978412e+00 -5.563059780408848631e+00 -6.581265253677577753e+00 -7.673563483018075004e+00 -8.375996661424805367e+00 -8.153128307771948968e+00 -7.163338341799002862e+00 -6.394297278940967999e+00 -6.431121888882803006e+00 -6.259583563320112454e+00 -4.584072764795981136e+00 -3.129887275438469896e+00 -2.731290722973346075e+00 -1.597652733660290814e+00 -8.760046880526497493e-01 -4.618412410593867312e-01 -4.438033586718757861e-03 -0.000000000000000000e+00 -0.000000000000000000e+00 -0.000000000000000000e+00 -0.000000000000000000e+00 -0.000000000000000000e+00 -0.000000000000000000e+00 -0.000000000000000000e+00 -0.000000000000000000e+00 -0.000000000000000000e+00 -0.000000000000000000e+00 -0.000000000000000000e+00 -0.000000000000000000e+00 -0.000000000000000000e+00 -0.000000000000000000e+00 -0.000000000000000000e+00 -0.000000000000000000e+00 -0.000000000000000000e+00 -0.000000000000000000e+00 -0.000000000000000000e+00 -0.000000000000000000e+00 -0.000000000000000000e+00 -0.000000000000000000e+00 -0.000000000000000000e+00 -0.000000000000000000e+00 -0.000000000000000000e+00 -0.000000000000000000e+00 -0.000000000000000000e+00 -0.000000000000000000e+00 -0.000000000000000000e+00 -0.000000000000000000e+00 -0.000000000000000000e+00 -0.000000000000000000e+00 -0.000000000000000000e+00 -0.000000000000000000e+00 -0.000000000000000000e+00 -0.000000000000000000e+00 -0.000000000000000000e+00 -0.000000000000000000e+00 -0.000000000000000000e+00 -0.000000000000000000e+00 -0.000000000000000000e+00 -0.000000000000000000e+00 -0.000000000000000000e+00 -0.000000000000000000e+00 -0.000000000000000000e+00
7.876446836335129764e-02 1.579611501711323456e+02 7.659710572007563769e+02 1.973867349251008929e-01 1.810851471347128836e+02 -2.954064090164909473e+01 2.989314377597496630e+01 -2.491251569139350153e+01 1.417810219540684500e+02 2.083649137087783174e+02 -8.454950183172542211e+01 1.409719350872987498e+01 1.966848468561147811e+00 2.611186042703029671e+02 -1.971793700612717259e+01 1.526487998094334557e+02 2.658524631690414139e+02 5.031088907683582789e+01 0.000000000000000000e+00 0.000000000000000000e+00 3.340225308229305073e-07 2.096270404973210225e-05 1.415876945612255214e-04 4.554315216760276364e-04 1.107448372766343860e-03 2.356516116066144449e-03 4.650005960006947658e-03 8.622692280650401733e-03 1.535987272271168748e-02 2.668151371151874715e-02 4.493834839805931763e-02 7.368319905465500752e-02 1.181025327926347179e-01 1.863795358362708154e-01 2.854798050184425562e-01 4.276379610489701166e-01 6.264321110183799224e-01 8.905203576693537793e-01 1.225276108974597600e+00 1.626572108416980189e+00 2.079560164024510716e+00 2.532122674274454255e+00 2.955599239881864015e+00 3.321946670887180542e+00 3.784264374316467894e+00 4.822249808031629392e+00 5.348114232413458069e+00 5.958061517889644776e+00 6.699468140762956381e+00 7.314428383876943052e+00 7.320463876672361536e+00 6.372008774841685153e+00 4.820987769888513519e+00 3.587919645826282977e+00 2.979716694596027171e+00 2.289612982687071252e+00 6.891715426971739555e-01 -3.898426199777403900e-01 -4.829091165510310812e-01 -8.332386792201805781e-01 -7.687793419274658868e-01 -4.342138280329743139e-01 -5.476967941194546032e-03 0.000000000000000000e+00 0.000000000000000000e+00 0.000000000000000000e+00 0.000000000000000000e+00 0.000000000000000000e+00 0.000000000000000000e+00 0.000000000000000000e+00 0.000000000000000000e+00 0.000000000000000000e+00 0.000000000000000000e+00 0.000000000000000000e+00 0.000000000000000000e+00 0.000000000000000000e+00 0.000000000000000000e+00 0.000000000000000000e+00 0.000000000000000000e+00 0.000000000000000000e+00 0.000000000000000000e+00 0.000000000000000000e+00 0.000000000000000000e+00 0.000000000000000000e+00 0.000000000000000000e+00 0.000000000000000000e+00 0.000000000000000000e+00 0.000000000000000000e+00 0.000000000000000000e+00 0.000000000000000000e+00 0.000000000000000000e+00 0.000000000000000000e+00 0.000000000000000000e+00 0.000000000000000000e+00 0.000000000000000000e+00 0.000000000000000000e+00 0.000000000000000000e+00 0.000000000000000000e+00 0.000000000000000000e+00 0.000000000000000000e+00 0.000000000000000000e+00 0.000000000000000000e+00 0.000000000000000000e+00 0.000000000000000000e+00 0.000000000000000000e+00 0.000000000000000000e+00 0.000000000000000000e+00 0.000000000000000000e+00
4.721760085156827547e-01 5.229062721727673306e+02 3.020173616665286318e+03 -5.748766420294235679e-01 7.140068526151503647e+02 1.177579884384548636e+00 2.174956507961427690e+02 -1.885474370113075224e+02 2.083649137087783174e+02 6.198775175403662843e+02 -1.355253558993899503e+02 1.140968663543034012e+01 -2.995416011902840570e+00 7.206926745057472772e+02 -6.527322017876583971e+01 5.053205473214217136e+02 8.800639923998018048e+02 3.660504777919454682e+02 0.000000000000000000e+00 0.000000000000000000e+00 5.335933997520727689e-07 3.281256101477140574e-05 2.202523557005477020e-04 7.132832222608663899e-04 1.756094060030797318e-03 3.791428668891816400e-03 7.592860016220232509e-03 1.428492324291678710e-02 2.579470692590437111e-02 4.541218682739340401e-02 7.752733617850862680e-02 1.288087249245354615e-01 2.092831457640983439e-01 3.350432367989821802e-01 5.212233438743230085e-01 7.936034994315903646e-01 1.183946289441828670e+00 1.720397908658083397e+00 2.426800593278012119e+00 3.318634396667897946e+00 4.399920567581397712e+00 5.600266280689478293e+00 6.876965714244255068e+00 8.170272787926435853e+00 9.623734615594393915e+00 1.176847708136939552e+01 1.353421187811216342e+01 1.578184677829580806e+01 1.871730158943391942e+01 2.191351187954571245e+01 2.402650329891832826e+01 2.346046433720889723e+01 2.069711172063061611e+01 1.856290509378940357e+01 1.873780174419640687e+01 1.832952254697110561e+01 1.394917731149216067e+01 1.018424679474921568e+01 9.065008306881308542e+00 6.240498405782471281e+00 4.365015458759080147e+00 2.936119678453689374e+00 3.694788592576393749e-02 0.000000000000000000e+00 0.000000000000000000e+00 0.000000000000000000e+00 0.000000000000000000e+00 0.000000000000000000e+00 0.000000000000000000e+00 0.000000000000000000e+00 0.000000000000000000e+00 0.000000000000000000e+00 0.000000000000000000e+00 0.000000000000000000e+00 0.000000000000000000e+00 0.000000000000000000e+00 0.000000000000000000e+00 0.000000000000000000e+00 0.000000000000000000e+00 0.000000000000000000e+00 0.000000000000000000e+00 0.000000000000000000e+00 0.000000000000000000e+00 0.000000000000000000e+00 0.000000000000000000e+00 0.000000000000000000e+00 0.000000000000000000e+00 0.000000000000000000e+00 0.000000000000000000e+00 0.000000000000000000e+00 0.000000000000000000e+00 0.000000000000000000e+00 0.000000000000000000e+00 0.000000000000000000e+00 0.000000000000000000e+00 0.000000000000000000e+00 0.000000000000000000e+00 0.000000000000000000e+00 0.000000000000000000e+00 0.000000000000000000e+00 0.000000000000000000e+00 0.000000000000000000e+00 0.000000000000000000e+00 0.000000000000000000e+00 0.000000000000000000e+00 0.000000000000000000e+00 0.000000000000000000e+00 0.000000000000000000e+00
-4.071226022018083202e-02 -9.065077644185079464e+01 -4.953963439080543480e+02 -1.536924756428454664e-01 -1.171178975801388873e+02 3.674675262734315595e+01 -3.081109570310328394e+01 2.996329092333534660e+01 -8.454950183172542211e+01 -1.355253558993899503e+02 6.096705183298060149e+01 -1.279833984178308093e+01 -1.844115009602860678e+00 -1.892178151940515534e+02 1.131573363134189947e+01 -8.760212375416503505e+01 -1.525674647161210657e+02 -5.185582452858106706e+01 0.000000000000000000e+00 0.000000000000000000e+00 -3.424836447168656525e-07 -2.085329312345218561e-05 -1.377145296931307642e-04 -4.378357513609934136e-04 -1.059317770205884688e-03 -2.250521620744619453e-03 -4.441616611318650008e-03 -8.242161057229935653e-03 -1.469546285840515193e-02 -2.554613407370479039e-02 -4.303212927195298326e-02 -7.053357553465879060e-02 -1.129375322303258627e-01 -1.779106836677379344e-01 -2.716848220581077888e-01 -4.053975236588499009e-01 -5.907106882026887940e-01 -8.334222088249515492e-01 -1.135887872248363628e+00 -1.489506062671980935e+00 -1.874199868976537120e+00 -2.235968896763474323e+00 -2.548129948969962033e+00 -2.789403107377895541e+00 -3.140714027252124119e+00 -4.141016218872449528e+00 -4.540310238471208848e+00 -4.975334556590092383e+00 -5.477267624785889133e+00 -5.793685123814321436e+00 -5.538756783326418187e+00 -4.522282689551008872e+00 -3.072405069115628606e+00 -1.908846487947293058e+00 -1.191411759315959440e+00 -4.402673036641444604e-01 1.019885086178642153e+00 1.961337220210216836e+00 1.953681946528460278e+00 2.196480673936721306e+00 1.996105963417972085e+00 1.384812371325655933e+00 1.888465168755809262e-02 0.000000000000000000e+00 0.000000000000000000e+00 0.000000000000000000e+00 0.000000000000000000e+00 0.000000000000000000e+00 0.000000000000000000e+00 0.000000000000000000e+00 0.000000000000000000e+00 0.000000000000000000e+00 0.000000000000000000e+00 0.000000000000000000e+00 0.000000000000000000e+00 0.000000000000000000e+00 0.000000000000000000e+00 0.000000000000000000e+00 0.000000000000000000e+00 0.000000000000000000e+00 0.000000000000000000e+00 0.000000000000000000e+00 0.000000000000000000e+00 0.000000000000000000e+00 0.000000000000000000e+00 0.000000000000000000e+00 0.000000000000000000e+00 0.000000000000000000e+00 0.000000000000000000e+00 0.000000000000000000e+00 0.000000000000000000e+00 0.000000000000000000e+00 0.000000000000000000e+00 0.000000000000000000e+00 0.000000000000000000e+00 0.000000000000000000e+00 0.000000000000000000e+00 0.000000000000000000e+00 0.000000000000000000e+00 0.000000000000000000e+00 0.000000000000000000e+00 0.000000000000000000e+00 0.000000000000000000e+00 0.000000000000000000e+00 0.000000000000000000e+00 0.000000000000000000e+00 0.000000000000000000e+00 0.000000000000000000e+00
-1.162884786373501525e-02 5.564016094768923226e-01 6.218552863538308273e+00 7.654298858509928083e-02 1.470143747172531823e+00 -1.392160221485162452e+01 9.665525709594953163e-01 -2.464255992081189284e+00 1.409719350872987498e+01 1.140968663543033834e+01 -1.279833984178308093e+01 3.880171802915406865e+00 7.815470217326756508e-01 2.593451066655628168e+01 -6.945436820311275128e-02 5.376894116475143814e-01 9.364374609224511703e-01 1.626731519070130361e+00 0.000000000000000000e+00 0.000000000000000000e+00 9.800214297758705387e-08 5.883353371799084758e-06 3.834095691968698551e-05 1.207100670478856639e-04 2.900294459572867484e-04 6.129422927296571382e-04 1.204676288841098619e-03 2.227101909399416442e-03 3.957292990525915037e-03 6.854870129797616118e-03 1.149977415394760026e-02 1.876589810858088694e-02 2.989337223535123989e-02 4.680567553033646716e-02 7.093635475168136306e-02 1.049299837818724324e-01 1.512496629559980099e-01 2.103361878483613612e-01 2.815882616460319565e-01 3.607340871959025530e-01 4.398682962902180082e-01 5.028403218167672994e-01 5.423579679647922980e-01 5.543698222605503156e-01 5.996440829757303526e-01 8.517906014213600940e-01 8.979240375135184582e-01 9.290694229803136972e-01 9.449744382497121675e-01 8.762674780437121891e-01 6.587290988918826917e-01 3.158974352150564768e-01 -6.047385733059874868e-02 -3.676787819514150124e-01 -6.430638406366199211e-01 -8.980588851311709364e-01 -1.198713313418546589e+00 -1.343708450858693837e+00 -1.277929300054289952e+00 -1.221343383083961731e+00 -1.048022246488983900e+00 -7.337242123093625779e-01 -9.911250960079116823e-03 0.000000000000000000e+00 0.000000000000000000e+00 0.000000000000000000e+00 0.000000000000000000e+00 0.000000000000000000e+00 0.000000000000000000e+00 0.000000000000000000e+00 0.000000000000000000e+00 0.000000000000000000e+00 0.000000000000000000e+00 0.000000000000000000e+00 0.000000000000000000e+00 0.000000000000000000e+00 0.000000000000000000e+00 0.000000000000000000e+00 0.000000000000000000e+00 0.000000000000000000e+00 0.000000000000000000e+00 0.000000000000000000e+00 0.000000000000000000e+00 0.000000000000000000e+00 0.000000000000000000e+00 0.000000000000000000e+00 0.000000000000000000e+00 0.000000000000000000e+00 0.000000000000000000e+00 0.000000000000000000e+00 0.000000000000000000e+00 0.000000000000000000e+00 0.000000000000000000e+00 0.000000000000000000e+00 0.000000000000000000e+00 0.000000000000000000e+00 0.000000000000000000e+00 0.000000000000000000e+00 0.000000000000000000e+00 0.000000000000000000e+00 0.000000000000000000e+00 0.000000000000000000e+00 0.000000000000000000e+00 0.000000000000000000e+00 0.000000000000000000e+00 0.000000000000000000e+00 0.000000000000000000e+00 0.000000000000000000e+00
-7.254900755737342388e-03 -4.482919389915339003e+00 -2.748777296750839128e+01 2.480594026725978576e-02 -6.498453649694799772e+00 -3.050974392941751212e+00 -2.254949839300354864e+00 1.665832470480418159e+00 1.966848468561147811e+00 -2.995416011902840570e+00 -1.844115009602861788e+00 7.815470217326757618e-01 2.145585794174391103e-01 -8.383853296117164122e-01 5.595927988504283412e-01 -4.332155493750473596e+00 -7.544862522880341871e+00 -3.795135502945900186e+00 0.000000000000000000e+00 0.000000000000000000e+00 1.616986008645771196e-08 9.738318462984438055e-07 6.334792518022913158e-06 1.982391426147272486e-05 4.726587225402247814e-05 9.906770068483338864e-05 1.931133942412062963e-04 3.541189784526586307e-04 6.243431678031752946e-04 1.072942601310783190e-03 1.784821560300680872e-03 2.887368323551901816e-03 4.556038817326146968e-03 7.057865158054443637e-03 1.056310570124284649e-02 1.540507200560081724e-02 2.182387092107461804e-02 2.965722904005168442e-02 3.855675385182442266e-02 4.745909859054370239e-02 5.461582544917900628e-02 5.717336351390319565e-02 5.391214619420083010e-02 4.445230245017149640e-02 4.050123470234917589e-02 7.452911729884204028e-02 6.754568890014683857e-02 5.262974990664744807e-02 2.770938741589318299e-02 -1.832501791877842387e-02 -8.680559021471977166e-02 -1.573266184987460181e-01 -2.139355116260857892e-01 -2.612604490766566312e-01 -3.239683355068891935e-01 -3.763634692690915884e-01 -3.981775092514474035e-01 -3.913736442980236818e-01 -3.656597790326110431e-01 -3.229048732877142780e-01 -2.647845416105848448e-01 -1.822593260816722516e-01 -2.420378578316179172e-03 0.000000000000000000e+00 0.000000000000000000e+00 0.000000000000000000e+00 0.000000000000000000e+00 0.000000000000000000e+00 0.000000000000000000e+00 0.000000000000000000e+00 0.000000000000000000e+00 0.000000000000000000e+00 0.000000000000000000e+00 0.000000000000000000e+00 0.000000000000000000e+00 0.000000000000000000e+00 0.000000000000000000e+00 0.000000000000000000e+00 0.000000000000000000e+00 0.000000000000000000e+00 0.000000000000000000e+00 0.000000000000000000e+00 0.000000000000000000e+00 0.000000000000000000e+00 0.000000000000000000e+00 0.000000000000000000e+00 0.000000000000000000e+00 0.000000000000000000e+00 0.000000000000000000e+00 0.000000000000000000e+00 0.000000000000000000e+00 0.000000000000000000e+00 0.000000000000000000e+00 0.000000000000000000e+00 0.000000000000000000e+00 0.000000000000000000e+00 0.000000000000000000e+00 0.000000000000000000e+00 0.000000000000000000e+00 0.000000000000000000e+00 0.000000000000000000e+00 0.000000000000000000e+00 0.000000000000000000e+00 0.000000000000000000e+00 0.000000000000000000e+00 0.000000000000000000e+00 0.000000000000000000e+00 0.000000000000000000e+00
4.877254921702881552e-01 5.737436038437277830e+02 3.383701162469083101e+03 -4.241737455570157578e-01 7.999493154543802120e+02 -5.024307493853498841e+01 2.557421035455901688e+02 -2.294518622108262207e+02 2.611186042703029671e+02 7.206926745057473909e+02 -1.892178151940515249e+02 2.593451066655628878e+01 -8.383853296117176335e-01 8.880061224120888710e+02 -7.161913056471580319e+01 5.544481819118186650e+02 9.656244598376761132e+02 4.304201893311638969e+02 0.000000000000000000e+00 0.000000000000000000e+00 9.601163727357158961e-07 5.823039787922741173e-05 3.853211447434262216e-04 1.233398347910857592e-03 3.009522311381691850e-03 6.450937871600339116e-03 1.284218855975047605e-02 2.403107776415107366e-02 4.318365554179483257e-02 7.565703333163414923e-02 1.284783602494325438e-01 2.122971595035161030e-01 3.428514305298758780e-01 5.451514727325967868e-01 8.412996069751959016e-01 1.269720629908434040e+00 1.874731467543467200e+00 2.689014918559715195e+00 3.736597479036232627e+00 5.018435620465360181e+00 6.509309779657428408e+00 8.071069726240553521e+00 9.630110522607164825e+00 1.110666737687853356e+01 1.289046510220683395e+01 1.622491244175608571e+01 1.836556919899973650e+01 2.098844987044492427e+01 2.432306308418693774e+01 2.763838750681515322e+01 2.920493349475619027e+01 2.733349458638760510e+01 2.288631417457666473e+01 1.939036443642997298e+01 1.858890143627239411e+01 1.720643074158670771e+01 1.116677099717398391e+01 6.375071082573484205e+00 5.355970341214310260e+00 2.333218559058791719e+00 8.264204495660556482e-01 3.937314631803414677e-01 1.889483132509090033e-03 0.000000000000000000e+00 0.000000000000000000e+00 0.000000000000000000e+00 0.000000000000000000e+00 0.000000000000000000e+00 0.000000000000000000e+00 0.000000000000000000e+00 0.000000000000000000e+00 0.000000000000000000e+00 0.000000000000000000e+00 0.000000000000000000e+00 0.000000000000000000e+00 0.000000000000000000e+00 0.000000000000000000e+00 0.000000000000000000e+00 0.000000000000000000e+00 0.000000000000000000e+00 0.000000000000000000e+00 0.000000000000000000e+00 0.000000000000000000e+00 0.000000000000000000e+00 0.000000000000000000e+00 0.000000000000000000e+00 0.000000000000000000e+00 0.000000000000000000e+00 0.000000000000000000e+00 0.000000000000000000e+00 0.000000000000000000e+00 0.000000000000000000e+00 0.000000000000000000e+00 0.000000000000000000e+00 0.000000000000000000e+00 0.000000000000000000e+00 0.000000000000000000e+00 0.000000000000000000e+00 0.000000000000000000e+00 0.000000000000000000e+00 0.000000000000000000e+00 0.000000000000000000e+00 0.000000000000000000e+00 0.000000000000000000e+00 0.000000000000000000e+00 0.000000000000000000e+00 0.000000000000000000e+00 0.000000000000000000e+00
