1.9931873754847972968207159283338114619255065917968750000000000000 -0.7798392298287257773381497827358543872833251953125000000000000000 -5.6665736024952719773750686726998537778854370117187500000000000000 0.0165489905356697337979188233703098376281559467315673828125000000 -0.8173671350430041782075818446173798292875289916992187500000000000 -1.8829749686035242017823065907577984035015106201171875000000000000 -0.1754813766093013260860544733077404089272022247314453125000000000 1.9903617104292425921130416099913418292999267578125000000000000000 2.7333452486962923622115795296849682927131652832031250000000000000 -1.0886725833410455521743642748333513736724853515625000000000000000 -0.2449758312921110625648424274913850240409374237060546875000000000
-0.7798392298287257773381497827358543872833251953125000000000000000 9647.1076322598746628500521183013916015625000000000000000000000000000 74226.5334711505856830626726150512695312500000000000000000000000000000 -17.3756691603861490591498295543715357780456542968750000000000000000 10706.7044855417225335258990526199340820312500000000000000000000000000 2722.1983998913060531776864081621170043945312500000000000000000000000 2901.5913027520587093022186309099197387695312500000000000000000000000 2646.7003198079228241113014519214630126953125000000000000000000000000 2062.5808902517655951669439673423767089843750000000000000000000000000 13467.5727843135628063464537262916564941406250000000000000000000000000 4050.6847803242071677232161164283752441406250000000000000000000000000
-5.6665736024952719773750686726998537778854370117187500000000000000 74226.5334711505856830626726150512695312500000000000000000000000000000 594281.3461924517760053277015686035156250000000000000000000000000000000 -162.0553421929106718835100764408707618713378906250000000000000000000 85721.2974579434812767431139945983886718750000000000000000000000000000 21632.0125417708768509328365325927734375000000000000000000000000000000 26427.5902790018590167164802551269531250000000000000000000000000000000 24222.7594339601855608634650707244873046875000000000000000000000000000 11326.4799428052047005621716380119323730468750000000000000000000000000 103621.8605778979108436033129692077636718750000000000000000000000000000 36893.4927611148159485310316085815429687500000000000000000000000000000
0.0165489905356697337979188233703098376281559467315673828125000000 -17.3756691603861490591498295543715357780456542968750000000000000000 -162.0553421929106718835100764408707618713378906250000000000000000000 0.0938085432877793085060247335604799445718526840209960937500000000 -23.3754505029822361450442258501425385475158691406250000000000000000 -8.2316664192896578100544502376578748226165771484375000000000000000 -10.2480802151170351521614065859466791152954101562500000000000000000 -9.2378660771876717205941531574353575706481933593750000000000000000 5.7482949122393840468703274382278323173522949218750000000000000000 -24.2568133386561690656435530399903655052185058593750000000000000000 -14.3065436250597173284404561854898929595947265625000000000000000000
-0.8173671350430041782075818446173798292875289916992187500000000000 10706.7044855417225335258990526199340820312500000000000000000000000000 85721.2974579434812767431139945983886718750000000000000000000000000000 -23.3754505029822361450442258501425385475158691406250000000000000000 12364.7509465888688282575458288192749023437500000000000000000000000000 3120.2799710738390785991214215755462646484375000000000000000000000000 3812.0115024935425935836974531412124633789062500000000000000000000000 3493.9787021655652097251731902360916137695312500000000000000000000000 1633.7725599992384104552911594510078430175781250000000000000000000000 14946.7931151703942305175587534904479980468750000000000000000000000000 5321.6512473434513594838790595531463623046875000000000000000000000000
-1.8829749686035242017823065907577984035015106201171875000000000000 2722.1983998913060531776864081621170043945312500000000000000000000000 21632.0125417708768509328365325927734375000000000000000000000000000000 -8.2316664192896578100544502376578748226165771484375000000000000000 3120.2799710738390785991214215755462646484375000000000000000000000000 1204.8831061476530521758832037448883056640625000000000000000000000000 940.3901521676029915397521108388900756835937500000000000000000000000 728.7334232056906557772890664637088775634765625000000000000000000000 90.4744334781257038002877379767596721649169921875000000000000000000 3800.2483730234907852718606591224670410156250000000000000000000000000 1312.8051746430164712364785373210906982421875000000000000000000000000
-0.1754813766093013260860544733077404089272022247314453125000000000 2901.5913027520587093022186309099197387695312500000000000000000000000 26427.5902790018590167164802551269531250000000000000000000000000000000 -10.2480802151170351521614065859466791152954101562500000000000000000 3812.0115024935425935836974531412124633789062500000000000000000000000 940.3901521676029915397521108388900756835937500000000000000000000000 1599.0390373633251783758169040083885192871093750000000000000000000000 1479.2345469032420623989310115575790405273437500000000000000000000000 -184.0545879517596290497749578207731246948242187500000000000000000000 4050.6847803242071677232161164283752441406250000000000000000000000000 2232.2933921288254168757703155279159545898437500000000000000000000000
1.9903617104292425921130416099913418292999267578125000000000000000 2646.7003198079228241113014519214630126953125000000000000000000000000 24222.7594339601855608634650707244873046875000000000000000000000000000 -9.2378660771876717205941531574353575706481933593750000000000000000 3493.9787021655652097251731902360916137695312500000000000000000000000 728.7334232056906557772890664637088775634765625000000000000000000000 1479.2345469032420623989310115575790405273437500000000000000000000000 1591.7082615467213599913520738482475280761718750000000000000000000000 -305.6077132312271942282677628099918365478515625000000000000000000000 3694.8514056258422897371929138898849487304687500000000000000000000000 2065.0437089426113743684254586696624755859375000000000000000000000000
2.7333452486962923622115795296849682927131652832031250000000000000 2062.5808902517655951669439673423767089843750000000000000000000000000 11326.4799428052047005621716380119323730468750000000000000000000000000 5.7482949122393840468703274382278323173522949218750000000000000000 1633.7725599992384104552911594510078430175781250000000000000000000000 90.4744334781257038002877379767596721649169921875000000000000000000 -184.0545879517596290497749578207731246948242187500000000000000000000 -305.6077132312271942282677628099918365478515625000000000000000000000 2040.3246867791363001742865890264511108398437500000000000000000000000 2879.4079346757353050634264945983886718750000000000000000000000000000 -256.9442214201257002059719525277614593505859375000000000000000000000
-1.0886725833410455521743642748333513736724853515625000000000000000 13467.5727843135628063464537262916564941406250000000000000000000000000 103621.8605778979108436033129692077636718750000000000000000000000000000 -24.2568133386561690656435530399903655052185058593750000000000000000 14946.7931151703942305175587534904479980468750000000000000000000000000 3800.2483730234907852718606591224670410156250000000000000000000000000 4050.6847803242071677232161164283752441406250000000000000000000000000 3694.8514056258422897371929138898849487304687500000000000000000000000 2879.4079346757353050634264945983886718750000000000000000000000000000 18801.0255109277204610407352447509765625000000000000000000000000000000 5654.8443517830037308158352971076965332031250000000000000000000000000
-0.2449758312921110625648424274913850240409374237060546875000000000 4050.6847803242071677232161164283752441406250000000000000000000000000 36893.4927611148159485310316085815429687500000000000000000000000000000 -14.3065436250597173284404561854898929595947265625000000000000000000 5321.6512473434513594838790595531463623046875000000000000000000000000 1312.8051746430164712364785373210906982421875000000000000000000000000 2232.2933921288254168757703155279159545898437500000000000000000000000 2065.0437089426113743684254586696624755859375000000000000000000000000 -256.9442214201257002059719525277614593505859375000000000000000000000 5654.8443517830037308158352971076965332031250000000000000000000000000 3116.3302909469734913727734237909317016601562500000000000000000000000
