1.1774087051887711652398138539865612983703613281250000000000000000 2.8680819336037761679847335472004488110542297363281250000000000000 13.8466086133003223324067221255972981452941894531250000000000000000 -0.0030052259910075080837077443618454708484932780265808105468750000 4.2612910381903583711959981883410364389419555664062500000000000000 0.7400819529629013571181417319166939705610275268554687500000000000 1.1737118466458706933508437941782176494598388671875000000000000000 1.9795797504541590150495267153019085526466369628906250000000000000 1.4626318624422833813980560080381110310554504394531250000000000000 5.5708498990743136047854022763203829526901245117187500000000000000 2.2797718732580571909807076735887676477432250976562500000000000000
2.8680819336037761679847335472004488110542297363281250000000000000 3221.8353958340817371208686381578445434570312500000000000000000000000 14779.9205368430721136974170804023742675781250000000000000000000000000 -6.7061009126697124216320844425354152917861938476562500000000000000 4548.5175964544987436966039240360260009765625000000000000000000000000 823.9835014487953230855055153369903564453125000000000000000000000000 1090.0079936944050587044330313801765441894531250000000000000000000000 1335.0296173256119800498709082603454589843750000000000000000000000000 943.0114997599936259575770236551761627197265625000000000000000000000 6257.9667545145921394578181207180023193359375000000000000000000000000 2117.1887910582813674409408122301101684570312500000000000000000000000
13.8466086133003223324067221255972981452941894531250000000000000000 14779.9205368430721136974170804023742675781250000000000000000000000000 70900.1442937918473035097122192382812500000000000000000000000000000000 -36.7447250667381624111840210389345884323120117187500000000000000000 21819.5052610450547945220023393630981445312500000000000000000000000000 3826.2625292763991637912113219499588012695312500000000000000000000000 5914.2728198353297557332552969455718994140625000000000000000000000000 7242.1369226154929492622613906860351562500000000000000000000000000000 3304.8887317785283812554553151130676269531250000000000000000000000000 28707.9381750930879206862300634384155273437500000000000000000000000000 11487.6516446232399175642058253288269042968750000000000000000000000000
-0.0030052259910075080837077443618454708484932780265808105468750000 -6.7061009126697124216320844425354152917861938476562500000000000000 -36.7447250667381624111840210389345884323120117187500000000000000000 0.0481281292279236785902618578347755828872323036193847656250000000 -11.3081818083062835000873747048899531364440917968750000000000000000 -3.8613905770705430064992924599209800362586975097656250000000000000 -4.0330371175265247174479554814752191305160522460937500000000000000 -4.5623887157724460905683372402563691139221191406250000000000000000 3.0191962923538135932233217317843809723854064941406250000000000000 -13.0256674869767969937583984574303030967712402343750000000000000000 -7.8336131739810630492115706147160381078720092773437500000000000000
4.2612910381903583711959981883410364389419555664062500000000000000 4548.5175964544987436966039240360260009765625000000000000000000000000 21819.5052610450547945220023393630981445312500000000000000000000000000 -11.3081818083062835000873747048899531364440917968750000000000000000 6714.9483908520087425131350755691528320312500000000000000000000000000 1177.5315300027707507979357615113258361816406250000000000000000000000 1820.1162803409458774694940075278282165527343750000000000000000000000 2228.7661930478452632087282836437225341796875000000000000000000000000 1017.0788478426871961346478201448917388916015625000000000000000000000 8834.8622458311110676731914281845092773437500000000000000000000000000 3535.3225017182012379635125398635864257812500000000000000000000000000
0.7400819529629013571181417319166939705610275268554687500000000000 823.9835014487953230855055153369903564453125000000000000000000000000 3826.2625292763991637912113219499588012695312500000000000000000000000 -3.8613905770705430064992924599209800362586975097656250000000000000 1177.5315300027707507979357615113258361816406250000000000000000000000 581.5260509399857937751221470534801483154296875000000000000000000000 292.4270807130070579660241492092609405517578125000000000000000000000 243.9218571184123618422745494171977043151855468750000000000000000000 -80.9354964360884139296103967353701591491699218750000000000000000000 1600.4732473305518851702800020575523376464843750000000000000000000000 567.9988964017188664001878350973129272460937500000000000000000000000
1.1737118466458706933508437941782176494598388671875000000000000000 1090.0079936944050587044330313801765441894531250000000000000000000000 5914.2728198353297557332552969455718994140625000000000000000000000000 -4.0330371175265247174479554814752191305160522460937500000000000000 1820.1162803409458774694940075278282165527343750000000000000000000000 292.4270807130070579660241492092609405517578125000000000000000000000 638.3597271534479205001844093203544616699218750000000000000000000000 781.3843866489888796422746963798999786376953125000000000000000000000 17.8405686701973706931312335655093193054199218750000000000000000000 2117.1887910582809126935899257659912109375000000000000000000000000000 1239.9249058821278595132753252983093261718750000000000000000000000000
1.9795797504541590150495267153019085526466369628906250000000000000 1335.0296173256119800498709082603454589843750000000000000000000000000 7242.1369226154929492622613906860351562500000000000000000000000000000 -4.5623887157724460905683372402563691139221191406250000000000000000 2228.7661930478452632087282836437225341796875000000000000000000000000 243.9218571184123618422745494171977043151855468750000000000000000000 781.3843866489888796422746963798999786376953125000000000000000000000 1096.6478271896125988860148936510086059570312500000000000000000000000 -10.9798706864506137037551525281742215156555175781250000000000000000 2593.1091862479061092017218470573425292968750000000000000000000000000 1517.7303969249601323099341243505477905273437500000000000000000000000
1.4626318624422833813980560080381110310554504394531250000000000000 943.0114997599936259575770236551761627197265625000000000000000000000 3304.8887317785283812554553151130676269531250000000000000000000000000 3.0191962923538135932233217317843809723854064941406250000000000000 1017.0788478426871961346478201448917388916015625000000000000000000000 -80.9354964360884139296103967353701591491699218750000000000000000000 17.8405686701973706931312335655093193054199218750000000000000000000 -10.9798706864506137037551525281742215156555175781250000000000000000 1121.4390547852456165855983272194862365722656250000000000000000000000 1831.6685645249185654392931610345840454101562500000000000000000000000 34.6528211106285723985820368397980928421020507812500000000000000000
5.5708498990743136047854022763203829526901245117187500000000000000 6257.9667545145921394578181207180023193359375000000000000000000000000 28707.9381750930879206862300634384155273437500000000000000000000000000 -13.0256674869767969937583984574303030967712402343750000000000000000 8834.8622458311110676731914281845092773437500000000000000000000000000 1600.4732473305518851702800020575523376464843750000000000000000000000 2117.1887910582809126935899257659912109375000000000000000000000000000 2593.1091862479061092017218470573425292968750000000000000000000000000 1831.6685645249185654392931610345840454101562500000000000000000000000 12155.2292681518047174904495477676391601562500000000000000000000000000 4112.3444992271643059211783111095428466796875000000000000000000000000
2.2797718732580571909807076735887676477432250976562500000000000000 2117.1887910582813674409408122301101684570312500000000000000000000000 11487.6516446232399175642058253288269042968750000000000000000000000000 -7.8336131739810630492115706147160381078720092773437500000000000000 3535.3225017182012379635125398635864257812500000000000000000000000000 567.9988964017188664001878350973129272460937500000000000000000000000 1239.9249058821278595132753252983093261718750000000000000000000000000 1517.7303969249601323099341243505477905273437500000000000000000000000 34.6528211106285723985820368397980928421020507812500000000000000000 4112.3444992271643059211783111095428466796875000000000000000000000000 2408.3815235061697421770077198743820190429687500000000000000000000000
