0.0364057236109854992500700632263033185154199600219726562500000000 0.1254195040555790008340864005731418728828430175781250000000000000 1.2961285737888481595092571296845562756061553955078125000000000000 -0.0003402406883695180796547963275600068300263956189155578613281250 0.1307188264358128404474257422407390549778938293457031250000000000 0.0475428753532753448074466007255978183820843696594238281250000000 0.0376501640400322412638445257471175864338874816894531250000000000 0.0652718506699390965675178222227259539067745208740234375000000000 0.0301079637046988007886838545346108730882406234741210937500000000 0.1605672854225445034259678322996478527784347534179687500000000000 0.0482013119183002103351753930837730877101421356201171875000000000
0.1254195040555790008340864005731418728828430175781250000000000000 227.3364576760931754506600555032491683959960937500000000000000000000 2311.0275154951800686831120401620864868164062500000000000000000000000 -0.3769394065444562347266810320434160530567169189453125000000000000 233.0747202056640787759533850476145744323730468750000000000000000000 67.2057385175220929340866860002279281616210937500000000000000000000 62.8722059692658135077181214001029729843139648437500000000000000000 53.6185674433441903374841785989701747894287109375000000000000000000 45.1891156713899988517368910834193229675292968750000000000000000000 291.0456245342146530674654059112071990966796875000000000000000000000 80.4916230296881423100785468704998493194580078125000000000000000000
1.2961285737888481595092571296845562756061553955078125000000000000 2311.0275154951800686831120401620864868164062500000000000000000000000 24304.1628864292688376735895872116088867187500000000000000000000000000 -4.6263520036196457141386417788453400135040283203125000000000000000 2451.1547035274575137009378522634506225585937500000000000000000000000 704.1193658143425864182063378393650054931640625000000000000000000000 752.7725677841007154711405746638774871826171875000000000000000000000 641.1990995506175750051625072956085205078125000000000000000000000000 334.4632302109884562923980411142110824584960937500000000000000000000 2958.6739119573330754064954817295074462890625000000000000000000000000 963.7308699298336023275624029338359832763671875000000000000000000000
-0.0003402406883695180796547963275600068300263956189155578613281250 -0.3769394065444562347266810320434160530567169189453125000000000000 -4.6263520036196457141386417788453400135040283203125000000000000000 0.0017823729247804923677550581473383317643310874700546264648437500 -0.4665828042231334182865509774273959919810295104980468750000000000 -0.1660032987862813114166016248418600298464298248291015625000000000 -0.2155678016791083839720499781833495944738388061523437500000000000 -0.1821916298690359203860111847461666911840438842773437500000000000 0.1016216729129567619693830238247755914926528930664062500000000000 -0.4825735656776898863107305714947870001196861267089843750000000000 -0.2759788997792658182817149281618185341358184814453125000000000000
0.1307188264358128404474257422407390549778938293457031250000000000 233.0747202056640787759533850476145744323730468750000000000000000000 2451.1547035274575137009378522634506225585937500000000000000000000000 -0.4665828042231334182865509774273959919810295104980468750000000000 247.2070076513336971402168273925781250000000000000000000000000000000 71.0127521538415749091655015945434570312500000000000000000000000000 75.9195874728409165754783316515386104583740234375000000000000000000 64.6670365116194147958594840019941329956054687500000000000000000000 33.7317159911899508983879059087485074996948242187500000000000000000 298.3919878000651806360110640525817871093750000000000000000000000000 97.1954255656397378970723366364836692810058593750000000000000000000
0.0475428753532753448074466007255978183820843696594238281250000000 67.2057385175220929340866860002279281616210937500000000000000000000 704.1193658143425864182063378393650054931640625000000000000000000000 -0.1660032987862813114166016248418600298464298248291015625000000000 71.0127521538415749091655015945434570312500000000000000000000000000 26.1275996889550725654771667905151844024658203125000000000000000000 21.5187152281018043709082121495157480239868164062500000000000000000 16.5894523012111712034766242140904068946838378906250000000000000000 5.3751734615681741047410469036549329757690429687500000000000000000 86.0395923252404628556178067810833454132080078125000000000000000000 27.5491576527517025851921061985194683074951171875000000000000000000
0.0376501640400322412638445257471175864338874816894531250000000000 62.8722059692658135077181214001029729843139648437500000000000000000 752.7725677841007154711405746638774871826171875000000000000000000000 -0.2155678016791083839720499781833495944738388061523437500000000000 75.9195874728409165754783316515386104583740234375000000000000000000 21.5187152281018043709082121495157480239868164062500000000000000000 33.3096339384775106395863986108452081680297851562500000000000000000 28.2979005233487299619810073636472225189208984375000000000000000000 -5.0046535937595217902185140701476484537124633789062500000000000000 80.4916230296881423100785468704998493194580078125000000000000000000 42.6443840628636223755165701732039451599121093750000000000000000000
0.0652718506699390965675178222227259539067745208740234375000000000 53.6185674433441903374841785989701747894287109375000000000000000000 641.1990995506175750051625072956085205078125000000000000000000000000 -0.1821916298690359203860111847461666911840438842773437500000000000 64.6670365116194147958594840019941329956054687500000000000000000000 16.5894523012111712034766242140904068946838378906250000000000000000 28.2979005233487299619810073636472225189208984375000000000000000000 27.6871600004098077363323682220652699470520019531250000000000000000 -6.6333724683103785224602688685990869998931884765625000000000000000 68.6447286445032744950367487035691738128662109375000000000000000000 36.2281537022964315042372618336230516433715820312500000000000000000
0.0301079637046988007886838545346108730882406234741210937500000000 45.1891156713899988517368910834193229675292968750000000000000000000 334.4632302109884562923980411142110824584960937500000000000000000000 0.1016216729129567619693830238247755914926528930664062500000000000 33.7317159911899508983879059087485074996948242187500000000000000000 5.3751734615681741047410469036549329757690429687500000000000000000 -5.0046535937595217902185140701476484537124633789062500000000000000 -6.6333724683103785224602688685990869998931884765625000000000000000 38.6425400926039799287536880001425743103027343750000000000000000000 57.8529925519801437872047245036810636520385742187500000000000000000 -6.4071664776639867255880744778551161289215087890625000000000000000
0.1605672854225445034259678322996478527784347534179687500000000000 291.0456245342146530674654059112071990966796875000000000000000000000 2958.6739119573330754064954817295074462890625000000000000000000000000 -0.4825735656776898863107305714947870001196861267089843750000000000 298.3919878000651806360110640525817871093750000000000000000000000000 86.0395923252404628556178067810833454132080078125000000000000000000 80.4916230296881423100785468704998493194580078125000000000000000000 68.6447286445032744950367487035691738128662109375000000000000000000 57.8529925519801437872047245036810636520385742187500000000000000000 372.6087598373753735359059646725654602050781250000000000000000000000 103.0487363704168615186063107103109359741210937500000000000000000000
0.0482013119183002103351753930837730877101421356201171875000000000 80.4916230296881423100785468704998493194580078125000000000000000000 963.7308699298336023275624029338359832763671875000000000000000000000 -0.2759788997792658182817149281618185341358184814453125000000000000 97.1954255656397378970723366364836692810058593750000000000000000000 27.5491576527517025851921061985194683074951171875000000000000000000 42.6443840628636223755165701732039451599121093750000000000000000000 36.2281537022964315042372618336230516433715820312500000000000000000 -6.4071664776639867255880744778551161289215087890625000000000000000 103.0487363704168615186063107103109359741210937500000000000000000000 54.5951209028548802848490595351904630661010742187500000000000000000
