# A b_HI Tb sigma_NL sigma8tot n_s f DA H omegak omegaDE w0 wa h gamma sigma_8 fs8 bs8 pk0 pk1 pk2 pk3 pk4 pk5 pk6 pk7 pk8 pk9 pk10 pk11 pk12 pk13 pk14 pk15 pk16 pk17 pk18 pk19 pk20 pk21 pk22 pk23 pk24 pk25 pk26 pk27 pk28 pk29 pk30 pk31 pk32 pk33 pk34 pk35 pk36 pk37 pk38 pk39 pk40 pk41 pk42 pk43 pk44 pk45 pk46 pk47 pk48 pk49 pk50 pk51 pk52 pk53 pk54 pk55 pk56 pk57 pk58 pk59 pk60 pk61 pk62 pk63 pk64 pk65 pk66 pk67 pk68 pk69 pk70 pk71 pk72 pk73 pk74 pk75 pk76 pk77 pk78 pk79 pk80 pk81 pk82 pk83 pk84 pk85 pk86 pk87 pk88 pk89
2.985109442697900128e+00 -2.965764393771280538e+01 -2.355451579005080305e+02 1.324450757779142840e-01 -3.291543431299718492e+01 -1.647368386936006246e+01 -9.177446090598984085e+00 1.741532544179013042e+00 7.304789657309069817e+00 -2.384286129924630515e+01 -6.545629223392853469e+00 4.563972286920504828e+00 5.196728101688280477e-01 6.120297590677711064e+00 1.179172470649768201e+01 -2.388887948517054483e+01 -4.102874886601320981e+01 -1.269619163522801841e+01 0.000000000000000000e+00 0.000000000000000000e+00 0.000000000000000000e+00 0.000000000000000000e+00 0.000000000000000000e+00 0.000000000000000000e+00 0.000000000000000000e+00 0.000000000000000000e+00 0.000000000000000000e+00 0.000000000000000000e+00 0.000000000000000000e+00 0.000000000000000000e+00 0.000000000000000000e+00 0.000000000000000000e+00 0.000000000000000000e+00 0.000000000000000000e+00 0.000000000000000000e+00 0.000000000000000000e+00 0.000000000000000000e+00 0.000000000000000000e+00 0.000000000000000000e+00 -2.885490605462889474e-20 -1.746400497102299224e-17 -3.094421594193905451e-16 -8.839599653294970208e-16 -8.338260014716887609e-16 -4.928431714327418008e-03 -1.172333828109116544e-01 -3.276334515853063234e-01 -4.447384365451733657e-01 -1.021100802658139045e-01 9.804180056610122262e-01 2.345866039575736028e+00 2.013103594337863456e+00 -2.278832396031142515e+00 -6.687523423755984631e+00 3.330630797399856680e-01 1.148674956904342004e+01 -2.591539958517704356e+00 -1.594269683467660315e+01 1.668571889584125145e+01 -8.311355246058065305e+00 -1.076445353602594501e+01 0.000000000000000000e+00 0.000000000000000000e+00 0.000000000000000000e+00 0.000000000000000000e+00 0.000000000000000000e+00 0.000000000000000000e+00 0.000000000000000000e+00 0.000000000000000000e+00 0.000000000000000000e+00 0.000000000000000000e+00 0.000000000000000000e+00 0.000000000000000000e+00 0.000000000000000000e+00 0.000000000000000000e+00 0.000000000000000000e+00 0.000000000000000000e+00 0.000000000000000000e+00 0.000000000000000000e+00 0.000000000000000000e+00 0.000000000000000000e+00 0.000000000000000000e+00 0.000000000000000000e+00 0.000000000000000000e+00 0.000000000000000000e+00 0.000000000000000000e+00 0.000000000000000000e+00 0.000000000000000000e+00 0.000000000000000000e+00 0.000000000000000000e+00 0.000000000000000000e+00 0.000000000000000000e+00 0.000000000000000000e+00 0.000000000000000000e+00 0.000000000000000000e+00 0.000000000000000000e+00 0.000000000000000000e+00 0.000000000000000000e+00 0.000000000000000000e+00 0.000000000000000000e+00 0.000000000000000000e+00 0.000000000000000000e+00 0.000000000000000000e+00 0.000000000000000000e+00 0.000000000000000000e+00 0.000000000000000000e+00 0.000000000000000000e+00 0.000000000000000000e+00
-2.965764393771280538e+01 2.112861330001386523e+04 1.647603760809678352e+05 -5.088702164774082348e+01 2.302386253496451900e+04 8.348180282153341977e+03 6.009753473386516816e+03 -4.808093235014396669e+03 4.011914842392221090e+03 2.305442228480915583e+04 1.263992547264312179e+03 -1.617880093061891330e+03 -2.025186366055894496e+02 1.097512725009023416e+04 -8.400626563157224155e+03 1.701884673890006161e+04 2.922958313189018736e+04 8.313966764321523442e+03 0.000000000000000000e+00 0.000000000000000000e+00 0.000000000000000000e+00 0.000000000000000000e+00 0.000000000000000000e+00 0.000000000000000000e+00 0.000000000000000000e+00 0.000000000000000000e+00 0.000000000000000000e+00 0.000000000000000000e+00 0.000000000000000000e+00 0.000000000000000000e+00 0.000000000000000000e+00 0.000000000000000000e+00 0.000000000000000000e+00 0.000000000000000000e+00 0.000000000000000000e+00 0.000000000000000000e+00 0.000000000000000000e+00 0.000000000000000000e+00 0.000000000000000000e+00 6.296447674002644595e-05 1.044327655922580450e-01 5.526268232973123862e-01 1.376263668574460253e+00 2.786169958596332208e+00 5.118083987165531035e+00 8.794565994867094005e+00 1.453110446658313570e+01 2.345199702804748298e+01 3.695753771313793834e+01 5.719958375895602387e+01 8.725857914675663096e+01 1.317673040080515534e+02 1.955724555949564660e+02 2.873989658209914637e+02 4.220509705012529480e+02 6.141389916751421651e+02 8.733304948209795384e+02 1.226364983453703871e+03 1.723162864098791715e+03 2.323970944330537350e+03 1.566733384119831953e+03 0.000000000000000000e+00 0.000000000000000000e+00 0.000000000000000000e+00 0.000000000000000000e+00 0.000000000000000000e+00 0.000000000000000000e+00 0.000000000000000000e+00 0.000000000000000000e+00 0.000000000000000000e+00 0.000000000000000000e+00 0.000000000000000000e+00 0.000000000000000000e+00 0.000000000000000000e+00 0.000000000000000000e+00 0.000000000000000000e+00 0.000000000000000000e+00 0.000000000000000000e+00 0.000000000000000000e+00 0.000000000000000000e+00 0.000000000000000000e+00 0.000000000000000000e+00 0.000000000000000000e+00 0.000000000000000000e+00 0.000000000000000000e+00 0.000000000000000000e+00 0.000000000000000000e+00 0.000000000000000000e+00 0.000000000000000000e+00 0.000000000000000000e+00 0.000000000000000000e+00 0.000000000000000000e+00 0.000000000000000000e+00 0.000000000000000000e+00 0.000000000000000000e+00 0.000000000000000000e+00 0.000000000000000000e+00 0.000000000000000000e+00 0.000000000000000000e+00 0.000000000000000000e+00 0.000000000000000000e+00 0.000000000000000000e+00 0.000000000000000000e+00 0.000000000000000000e+00 0.000000000000000000e+00 0.000000000000000000e+00 0.000000000000000000e+00 0.000000000000000000e+00
-2.355451579005080305e+02 1.647603760809678352e+05 1.330765268453418976e+06 -4.768685340451675643e+02 1.859631383222847362e+05 6.698619116855086759e+04 5.483832653243263485e+04 -4.626279432134200033e+04 1.586940451963088344e+04 1.768966424737738853e+05 1.301046556615198460e+04 -1.399707421550578874e+04 -1.760419979862253513e+03 7.939637843477042043e+04 -6.550786709038988192e+04 1.327125235030775075e+05 2.279315277873431914e+05 7.586401442599295115e+04 0.000000000000000000e+00 0.000000000000000000e+00 0.000000000000000000e+00 0.000000000000000000e+00 0.000000000000000000e+00 0.000000000000000000e+00 0.000000000000000000e+00 0.000000000000000000e+00 0.000000000000000000e+00 0.000000000000000000e+00 0.000000000000000000e+00 0.000000000000000000e+00 0.000000000000000000e+00 0.000000000000000000e+00 0.000000000000000000e+00 0.000000000000000000e+00 0.000000000000000000e+00 0.000000000000000000e+00 0.000000000000000000e+00 0.000000000000000000e+00 0.000000000000000000e+00 7.432048142547682335e-04 1.195962474526772956e+00 6.057942957841724763e+00 1.443302947938890846e+01 2.807153922060379969e+01 4.975700214568460922e+01 8.292950879225320193e+01 1.334430588555536588e+02 2.104744797809531747e+02 3.252737893818590464e+02 4.950539111148675602e+02 7.444457768626124334e+02 1.110538951776118211e+03 1.631475338888929173e+03 2.377087700466658589e+03 3.464742618496183695e+03 5.009678281499852346e+03 7.087163423664861511e+03 9.904977889029985818e+03 1.384952110062802421e+04 1.857649409460666357e+04 1.245731473060737881e+04 0.000000000000000000e+00 0.000000000000000000e+00 0.000000000000000000e+00 0.000000000000000000e+00 0.000000000000000000e+00 0.000000000000000000e+00 0.000000000000000000e+00 0.000000000000000000e+00 0.000000000000000000e+00 0.000000000000000000e+00 0.000000000000000000e+00 0.000000000000000000e+00 0.000000000000000000e+00 0.000000000000000000e+00 0.000000000000000000e+00 0.000000000000000000e+00 0.000000000000000000e+00 0.000000000000000000e+00 0.000000000000000000e+00 0.000000000000000000e+00 0.000000000000000000e+00 0.000000000000000000e+00 0.000000000000000000e+00 0.000000000000000000e+00 0.000000000000000000e+00 0.000000000000000000e+00 0.000000000000000000e+00 0.000000000000000000e+00 0.000000000000000000e+00 0.000000000000000000e+00 0.000000000000000000e+00 0.000000000000000000e+00 0.000000000000000000e+00 0.000000000000000000e+00 0.000000000000000000e+00 0.000000000000000000e+00 0.000000000000000000e+00 0.000000000000000000e+00 0.000000000000000000e+00 0.000000000000000000e+00 0.000000000000000000e+00 0.000000000000000000e+00 0.000000000000000000e+00 0.000000000000000000e+00 0.000000000000000000e+00 0.000000000000000000e+00 0.000000000000000000e+00
1.324450757779142840e-01 -5.088702164774082348e+01 -4.768685340451675643e+02 3.200192677115570317e-01 -6.663832552622014305e+01 -2.735656380596885029e+01 -2.836148423251798434e+01 2.684134450054935073e+01 2.748656194350643034e+01 -4.568561833197086486e+01 -1.165353294212948398e+01 7.762846877503772447e+00 9.639641826525575663e-01 -3.766900827471577173e+00 2.023241467407081373e+01 -4.098889075798563653e+01 -7.039773072026264344e+01 -3.923562561096392187e+01 0.000000000000000000e+00 0.000000000000000000e+00 0.000000000000000000e+00 0.000000000000000000e+00 0.000000000000000000e+00 0.000000000000000000e+00 0.000000000000000000e+00 0.000000000000000000e+00 0.000000000000000000e+00 0.000000000000000000e+00 0.000000000000000000e+00 0.000000000000000000e+00 0.000000000000000000e+00 0.000000000000000000e+00 0.000000000000000000e+00 0.000000000000000000e+00 0.000000000000000000e+00 0.000000000000000000e+00 0.000000000000000000e+00 0.000000000000000000e+00 0.000000000000000000e+00 -8.956841382187053756e-09 -1.532582036208758727e-05 -8.653045089155084841e-05 -2.354979623998662195e-04 -5.298002971504371531e-04 -1.100026594544092819e-03 -2.163091811157596620e-03 -4.133474950603430002e-03 -7.828771742978914497e-03 -1.462208839467978548e-02 -2.699898721573536220e-02 -4.950394825392707282e-02 -9.095059948451872378e-02 -1.647764872799608593e-01 -2.970839256442133758e-01 -5.386278272862180527e-01 -9.722997046433747848e-01 -1.718575947933196124e+00 -3.001541920620406589e+00 -5.263675274324436160e+00 -8.787605152315252965e+00 -6.850665749870699983e+00 0.000000000000000000e+00 0.000000000000000000e+00 0.000000000000000000e+00 0.000000000000000000e+00 0.000000000000000000e+00 0.000000000000000000e+00 0.000000000000000000e+00 0.000000000000000000e+00 0.000000000000000000e+00 0.000000000000000000e+00 0.000000000000000000e+00 0.000000000000000000e+00 0.000000000000000000e+00 0.000000000000000000e+00 0.000000000000000000e+00 0.000000000000000000e+00 0.000000000000000000e+00 0.000000000000000000e+00 0.000000000000000000e+00 0.000000000000000000e+00 0.000000000000000000e+00 0.000000000000000000e+00 0.000000000000000000e+00 0.000000000000000000e+00 0.000000000000000000e+00 0.000000000000000000e+00 0.000000000000000000e+00 0.000000000000000000e+00 0.000000000000000000e+00 0.000000000000000000e+00 0.000000000000000000e+00 0.000000000000000000e+00 0.000000000000000000e+00 0.000000000000000000e+00 0.000000000000000000e+00 0.000000000000000000e+00 0.000000000000000000e+00 0.000000000000000000e+00 0.000000000000000000e+00 0.000000000000000000e+00 0.000000000000000000e+00 0.000000000000000000e+00 0.000000000000000000e+00 0.000000000000000000e+00 0.000000000000000000e+00 0.000000000000000000e+00 0.000000000000000000e+00
-3.291543431299718492e+01 2.302386253496451900e+04 1.859631383222847362e+05 -6.663832552622014305e+01 2.598676839144129553e+04 9.360751012413629724e+03 7.663190153861717590e+03 -6.464832396440220691e+03 2.217614434141438778e+03 2.471980263756758723e+04 1.818102008724263442e+03 -1.955972183937786667e+03 -2.460037333262407060e+02 1.109496922948172869e+04 -9.154167784289773408e+03 1.854544745820148091e+04 3.185149420016672957e+04 1.060135137489768022e+04 0.000000000000000000e+00 0.000000000000000000e+00 0.000000000000000000e+00 0.000000000000000000e+00 0.000000000000000000e+00 0.000000000000000000e+00 0.000000000000000000e+00 0.000000000000000000e+00 0.000000000000000000e+00 0.000000000000000000e+00 0.000000000000000000e+00 0.000000000000000000e+00 0.000000000000000000e+00 0.000000000000000000e+00 0.000000000000000000e+00 0.000000000000000000e+00 0.000000000000000000e+00 0.000000000000000000e+00 0.000000000000000000e+00 0.000000000000000000e+00 0.000000000000000000e+00 1.038565575397605242e-04 1.671255933340952682e-01 8.465460520523527821e-01 2.016893227612186479e+00 3.922759073106446781e+00 6.953118248474975616e+00 1.158869417478543440e+01 1.864753356611420898e+01 2.941202007947230612e+01 4.545424810923346826e+01 6.917957744466384895e+01 1.040299715193451391e+02 1.551883819010685102e+02 2.279848154346524041e+02 3.321778072550865772e+02 4.841683398931247098e+02 7.000599709785049072e+02 9.903708665310413153e+02 1.384136494182429942e+03 1.935352889940290652e+03 2.595907199226220200e+03 1.740803879758952689e+03 0.000000000000000000e+00 0.000000000000000000e+00 0.000000000000000000e+00 0.000000000000000000e+00 0.000000000000000000e+00 0.000000000000000000e+00 0.000000000000000000e+00 0.000000000000000000e+00 0.000000000000000000e+00 0.000000000000000000e+00 0.000000000000000000e+00 0.000000000000000000e+00 0.000000000000000000e+00 0.000000000000000000e+00 0.000000000000000000e+00 0.000000000000000000e+00 0.000000000000000000e+00 0.000000000000000000e+00 0.000000000000000000e+00 0.000000000000000000e+00 0.000000000000000000e+00 0.000000000000000000e+00 0.000000000000000000e+00 0.000000000000000000e+00 0.000000000000000000e+00 0.000000000000000000e+00 0.000000000000000000e+00 0.000000000000000000e+00 0.000000000000000000e+00 0.000000000000000000e+00 0.000000000000000000e+00 0.000000000000000000e+00 0.000000000000000000e+00 0.000000000000000000e+00 0.000000000000000000e+00 0.000000000000000000e+00 0.000000000000000000e+00 0.000000000000000000e+00 0.000000000000000000e+00 0.000000000000000000e+00 0.000000000000000000e+00 0.000000000000000000e+00 0.000000000000000000e+00 0.000000000000000000e+00 0.000000000000000000e+00 0.000000000000000000e+00 0.000000000000000000e+00
-1.647368386936006246e+01 8.348180282153341977e+03 6.698619116855086759e+04 -2.735656380596885029e+01 9.360751012413629724e+03 3.812523347719587946e+03 2.701932329881118676e+03 -2.129339319541789337e+03 2.746014705727984051e+02 8.609643623472773470e+03 8.561956706861031989e+02 -8.039616498022564883e+02 -9.889900533414740380e+01 3.128940158355212134e+03 -3.319192984247419645e+03 6.724359935660423616e+03 1.154897513113401874e+04 3.737886369142363947e+03 0.000000000000000000e+00 0.000000000000000000e+00 0.000000000000000000e+00 0.000000000000000000e+00 0.000000000000000000e+00 0.000000000000000000e+00 0.000000000000000000e+00 0.000000000000000000e+00 0.000000000000000000e+00 0.000000000000000000e+00 0.000000000000000000e+00 0.000000000000000000e+00 0.000000000000000000e+00 0.000000000000000000e+00 0.000000000000000000e+00 0.000000000000000000e+00 0.000000000000000000e+00 0.000000000000000000e+00 0.000000000000000000e+00 0.000000000000000000e+00 0.000000000000000000e+00 -5.351469339881975620e-05 -8.178071399499599325e-02 -3.786695447839933948e-01 -8.053930743745826293e-01 -1.373433163208133578e+00 -2.084668477089086203e+00 -2.898084396560814735e+00 -3.739435891922481492e+00 -4.415167232967679212e+00 -4.541699515324038927e+00 -3.467357739176157416e+00 -3.907860875259584060e-02 7.809996954652644874e+00 2.285875787451574936e+01 4.983126011660269938e+01 9.698184690267390806e+01 1.754723706826635805e+02 2.975412531867901293e+02 4.846470269256537904e+02 7.757866112229837654e+02 1.169760408059970587e+03 8.472481165587332725e+02 0.000000000000000000e+00 0.000000000000000000e+00 0.000000000000000000e+00 0.000000000000000000e+00 0.000000000000000000e+00 0.000000000000000000e+00 0.000000000000000000e+00 0.000000000000000000e+00 0.000000000000000000e+00 0.000000000000000000e+00 0.000000000000000000e+00 0.000000000000000000e+00 0.000000000000000000e+00 0.000000000000000000e+00 0.000000000000000000e+00 0.000000000000000000e+00 0.000000000000000000e+00 0.000000000000000000e+00 0.000000000000000000e+00 0.000000000000000000e+00 0.000000000000000000e+00 0.000000000000000000e+00 0.000000000000000000e+00 0.000000000000000000e+00 0.000000000000000000e+00 0.000000000000000000e+00 0.000000000000000000e+00 0.000000000000000000e+00 0.000000000000000000e+00 0.000000000000000000e+00 0.000000000000000000e+00 0.000000000000000000e+00 0.000000000000000000e+00 0.000000000000000000e+00 0.000000000000000000e+00 0.000000000000000000e+00 0.000000000000000000e+00 0.000000000000000000e+00 0.000000000000000000e+00 0.000000000000000000e+00 0.000000000000000000e+00 0.000000000000000000e+00 0.000000000000000000e+00 0.000000000000000000e+00 0.000000000000000000e+00 0.000000000000000000e+00 0.000000000000000000e+00
-9.177446090598984085e+00 6.009753473386516816e+03 5.483832653243263485e+04 -2.836148423251798434e+01 7.663190153861717590e+03 2.701932329881118676e+03 3.092775560127349763e+03 -2.888890689998850121e+03 -1.533084999129690004e+03 6.057711841683511011e+03 9.066529594262515275e+02 -6.997369839841792327e+02 -8.903519033065219901e+01 2.048360213433244553e+03 -2.389446668822512493e+03 4.840784951186091348e+03 8.313966764321523442e+03 4.278583694035484768e+03 0.000000000000000000e+00 0.000000000000000000e+00 0.000000000000000000e+00 0.000000000000000000e+00 0.000000000000000000e+00 0.000000000000000000e+00 0.000000000000000000e+00 0.000000000000000000e+00 0.000000000000000000e+00 0.000000000000000000e+00 0.000000000000000000e+00 0.000000000000000000e+00 0.000000000000000000e+00 0.000000000000000000e+00 0.000000000000000000e+00 0.000000000000000000e+00 0.000000000000000000e+00 0.000000000000000000e+00 0.000000000000000000e+00 0.000000000000000000e+00 0.000000000000000000e+00 6.166200051198732364e-05 9.590314992665550931e-02 4.605249725157121721e-01 1.033492310447448270e+00 1.893212008470794627e+00 3.163882427620367643e+00 4.990845384152694741e+00 7.625255702817214321e+00 1.145795837151531060e+01 1.694459330115667228e+01 2.477230807977364790e+01 3.592306486730709025e+01 5.188170120239426808e+01 7.408707632850011748e+01 1.053324411947382089e+02 1.501624606870035450e+02 2.129594161266451522e+02 2.964526350339143050e+02 4.081204631352434831e+02 5.616627245451339832e+02 7.398210848460365696e+02 4.872655887501637721e+02 0.000000000000000000e+00 0.000000000000000000e+00 0.000000000000000000e+00 0.000000000000000000e+00 0.000000000000000000e+00 0.000000000000000000e+00 0.000000000000000000e+00 0.000000000000000000e+00 0.000000000000000000e+00 0.000000000000000000e+00 0.000000000000000000e+00 0.000000000000000000e+00 0.000000000000000000e+00 0.000000000000000000e+00 0.000000000000000000e+00 0.000000000000000000e+00 0.000000000000000000e+00 0.000000000000000000e+00 0.000000000000000000e+00 0.000000000000000000e+00 0.000000000000000000e+00 0.000000000000000000e+00 0.000000000000000000e+00 0.000000000000000000e+00 0.000000000000000000e+00 0.000000000000000000e+00 0.000000000000000000e+00 0.000000000000000000e+00 0.000000000000000000e+00 0.000000000000000000e+00 0.000000000000000000e+00 0.000000000000000000e+00 0.000000000000000000e+00 0.000000000000000000e+00 0.000000000000000000e+00 0.000000000000000000e+00 0.000000000000000000e+00 0.000000000000000000e+00 0.000000000000000000e+00 0.000000000000000000e+00 0.000000000000000000e+00 0.000000000000000000e+00 0.000000000000000000e+00 0.000000000000000000e+00 0.000000000000000000e+00 0.000000000000000000e+00 0.000000000000000000e+00
1.741532544179013042e+00 -4.808093235014396669e+03 -4.626279432134200033e+04 2.684134450054935073e+01 -6.464832396440220691e+03 -2.129339319541789337e+03 -2.888890689998850121e+03 3.235551931371168394e+03 2.446940279009698315e+03 -4.731848696573701091e+03 -9.355257087383258749e+02 6.480458886359323287e+02 8.402574840842420656e+01 -1.452791977162030435e+03 1.911672818971606603e+03 -3.872861920048415413e+03 -6.651575232277068608e+03 -3.996526860672374369e+03 -0.000000000000000000e+00 -0.000000000000000000e+00 -0.000000000000000000e+00 -0.000000000000000000e+00 -0.000000000000000000e+00 -0.000000000000000000e+00 -0.000000000000000000e+00 -0.000000000000000000e+00 -0.000000000000000000e+00 -0.000000000000000000e+00 -0.000000000000000000e+00 -0.000000000000000000e+00 -0.000000000000000000e+00 -0.000000000000000000e+00 -0.000000000000000000e+00 -0.000000000000000000e+00 -0.000000000000000000e+00 -0.000000000000000000e+00 -0.000000000000000000e+00 -0.000000000000000000e+00 -0.000000000000000000e+00 -9.564175704718744524e-05 -1.433917210565294476e-01 -6.523955670787608963e-01 -1.382900930756719937e+00 -2.400737493664600652e+00 -3.920118927214640614e+00 -6.505228526887566254e+00 -9.883334866837842014e+00 -1.470811727483114595e+01 -2.145960267776046138e+01 -3.059168290423211900e+01 -4.271698652472711899e+01 -5.912310183365316618e+01 -7.998127823211524401e+01 -1.090938911632160142e+02 -1.539409994140206095e+02 -2.179761789085602572e+02 -2.667714338357994279e+02 -3.225705465085817991e+02 -4.957212739013843361e+02 -5.399255330960986612e+02 -3.168356703372621155e+02 -0.000000000000000000e+00 -0.000000000000000000e+00 -0.000000000000000000e+00 -0.000000000000000000e+00 -0.000000000000000000e+00 -0.000000000000000000e+00 -0.000000000000000000e+00 -0.000000000000000000e+00 -0.000000000000000000e+00 -0.000000000000000000e+00 -0.000000000000000000e+00 -0.000000000000000000e+00 -0.000000000000000000e+00 -0.000000000000000000e+00 -0.000000000000000000e+00 -0.000000000000000000e+00 -0.000000000000000000e+00 -0.000000000000000000e+00 -0.000000000000000000e+00 -0.000000000000000000e+00 -0.000000000000000000e+00 -0.000000000000000000e+00 -0.000000000000000000e+00 -0.000000000000000000e+00 -0.000000000000000000e+00 -0.000000000000000000e+00 -0.000000000000000000e+00 -0.000000000000000000e+00 -0.000000000000000000e+00 -0.000000000000000000e+00 -0.000000000000000000e+00 -0.000000000000000000e+00 -0.000000000000000000e+00 -0.000000000000000000e+00 -0.000000000000000000e+00 -0.000000000000000000e+00 -0.000000000000000000e+00 -0.000000000000000000e+00 -0.000000000000000000e+00 -0.000000000000000000e+00 -0.000000000000000000e+00 -0.000000000000000000e+00 -0.000000000000000000e+00 -0.000000000000000000e+00 -0.000000000000000000e+00 -0.000000000000000000e+00 -0.000000000000000000e+00
7.304789657309069817e+00 4.011914842392221090e+03 1.586940451963088344e+04 2.748656194350643034e+01 2.217614434141438778e+03 2.746014705727984051e+02 -1.533084999129690004e+03 2.446940279009698315e+03 8.237419791551528760e+03 6.215182646704221042e+03 -1.442848148525398756e+03 4.443330657794492140e+02 5.542837406983874615e+01 6.263681602490507430e+03 -1.595116438337328191e+03 3.231549693426723479e+03 5.550132265598830600e+03 -2.120888616494564303e+03 0.000000000000000000e+00 0.000000000000000000e+00 0.000000000000000000e+00 0.000000000000000000e+00 0.000000000000000000e+00 0.000000000000000000e+00 0.000000000000000000e+00 0.000000000000000000e+00 0.000000000000000000e+00 0.000000000000000000e+00 0.000000000000000000e+00 0.000000000000000000e+00 0.000000000000000000e+00 0.000000000000000000e+00 0.000000000000000000e+00 0.000000000000000000e+00 0.000000000000000000e+00 0.000000000000000000e+00 0.000000000000000000e+00 0.000000000000000000e+00 0.000000000000000000e+00 4.045050810288023242e-05 6.860503930892969393e-02 3.656490183426470697e-01 8.895258534579580934e-01 1.735365954891789464e+00 3.240053655053121151e+00 6.250026684311222880e+00 9.934098425629663609e+00 1.522124025963030469e+01 2.262669723948845046e+01 3.262788881877479241e+01 4.585104637400148420e+01 6.334573859136591523e+01 8.473043965055111926e+01 1.119114514775522480e+02 1.480174242334780388e+02 1.886770829032386985e+02 1.952757097637580159e+02 1.650249883788835064e+02 1.368814934769112028e+02 -1.025730733858593311e+02 -2.051952598771700593e+02 0.000000000000000000e+00 0.000000000000000000e+00 0.000000000000000000e+00 0.000000000000000000e+00 0.000000000000000000e+00 0.000000000000000000e+00 0.000000000000000000e+00 0.000000000000000000e+00 0.000000000000000000e+00 0.000000000000000000e+00 0.000000000000000000e+00 0.000000000000000000e+00 0.000000000000000000e+00 0.000000000000000000e+00 0.000000000000000000e+00 0.000000000000000000e+00 0.000000000000000000e+00 0.000000000000000000e+00 0.000000000000000000e+00 0.000000000000000000e+00 0.000000000000000000e+00 0.000000000000000000e+00 0.000000000000000000e+00 0.000000000000000000e+00 0.000000000000000000e+00 0.000000000000000000e+00 0.000000000000000000e+00 0.000000000000000000e+00 0.000000000000000000e+00 0.000000000000000000e+00 0.000000000000000000e+00 0.000000000000000000e+00 0.000000000000000000e+00 0.000000000000000000e+00 0.000000000000000000e+00 0.000000000000000000e+00 0.000000000000000000e+00 0.000000000000000000e+00 0.000000000000000000e+00 0.000000000000000000e+00 0.000000000000000000e+00 0.000000000000000000e+00 0.000000000000000000e+00 0.000000000000000000e+00 0.000000000000000000e+00 0.000000000000000000e+00 0.000000000000000000e+00
-2.384286129924630515e+01 2.305442228480915583e+04 1.768966424737738853e+05 -4.568561833197086486e+01 2.471980263756758723e+04 8.609643623472773470e+03 6.057711841683511011e+03 -4.731848696573701091e+03 6.215182646704221042e+03 2.576107960326107786e+04 9.120316728450075061e+02 -1.552047435101759902e+03 -1.958010657078504266e+02 1.341420838858820389e+04 -9.166318181604681740e+03 1.857006297326628555e+04 3.189377093342365697e+04 8.380312960027886220e+03 0.000000000000000000e+00 0.000000000000000000e+00 0.000000000000000000e+00 0.000000000000000000e+00 0.000000000000000000e+00 0.000000000000000000e+00 0.000000000000000000e+00 0.000000000000000000e+00 0.000000000000000000e+00 0.000000000000000000e+00 0.000000000000000000e+00 0.000000000000000000e+00 0.000000000000000000e+00 0.000000000000000000e+00 0.000000000000000000e+00 0.000000000000000000e+00 0.000000000000000000e+00 0.000000000000000000e+00 0.000000000000000000e+00 0.000000000000000000e+00 0.000000000000000000e+00 1.221358929733938733e-04 1.957647221981701213e-01 9.846684368902725026e-01 2.323073122376061228e+00 4.475587866187881403e+00 8.004227722051053817e+00 1.395914899761847572e+01 2.245409559779675845e+01 3.524658805230910730e+01 5.406073325702788424e+01 8.125904437692416593e+01 1.201784637917020433e+02 1.760685656360826670e+02 2.531496033193501205e+02 3.619547046991077650e+02 5.208138383943160079e+02 7.423920931935240333e+02 1.000258873236309114e+03 1.327884507990779184e+03 1.842349888872913652e+03 2.286998262560329749e+03 1.454940670334904098e+03 0.000000000000000000e+00 0.000000000000000000e+00 0.000000000000000000e+00 0.000000000000000000e+00 0.000000000000000000e+00 0.000000000000000000e+00 0.000000000000000000e+00 0.000000000000000000e+00 0.000000000000000000e+00 0.000000000000000000e+00 0.000000000000000000e+00 0.000000000000000000e+00 0.000000000000000000e+00 0.000000000000000000e+00 0.000000000000000000e+00 0.000000000000000000e+00 0.000000000000000000e+00 0.000000000000000000e+00 0.000000000000000000e+00 0.000000000000000000e+00 0.000000000000000000e+00 0.000000000000000000e+00 0.000000000000000000e+00 0.000000000000000000e+00 0.000000000000000000e+00 0.000000000000000000e+00 0.000000000000000000e+00 0.000000000000000000e+00 0.000000000000000000e+00 0.000000000000000000e+00 0.000000000000000000e+00 0.000000000000000000e+00 0.000000000000000000e+00 0.000000000000000000e+00 0.000000000000000000e+00 0.000000000000000000e+00 0.000000000000000000e+00 0.000000000000000000e+00 0.000000000000000000e+00 0.000000000000000000e+00 0.000000000000000000e+00 0.000000000000000000e+00 0.000000000000000000e+00 0.000000000000000000e+00 0.000000000000000000e+00 0.000000000000000000e+00 0.000000000000000000e+00
-6.545629223392853469e+00 1.263992547264312179e+03 1.301046556615198460e+04 -1.165353294212948398e+01 1.818102008724263442e+03 8.561956706861031989e+02 9.066529594262514138e+02 -9.355257087383258749e+02 -1.442848148525398756e+03 9.120316728450075061e+02 4.730842210749628407e+02 -2.759158421364724632e+02 -3.398069654851688881e+01 -4.275939731005099134e+02 -5.025568511007946881e+02 1.018130964656780861e+03 1.748622813704843566e+03 1.254274839196686798e+03 0.000000000000000000e+00 0.000000000000000000e+00 0.000000000000000000e+00 0.000000000000000000e+00 0.000000000000000000e+00 0.000000000000000000e+00 0.000000000000000000e+00 0.000000000000000000e+00 0.000000000000000000e+00 0.000000000000000000e+00 0.000000000000000000e+00 0.000000000000000000e+00 0.000000000000000000e+00 0.000000000000000000e+00 0.000000000000000000e+00 0.000000000000000000e+00 0.000000000000000000e+00 0.000000000000000000e+00 0.000000000000000000e+00 0.000000000000000000e+00 0.000000000000000000e+00 -1.881893489595678088e-05 -2.905238933115867478e-02 -1.362467795564496764e-01 -2.913846114700614498e-01 -5.015790209273008893e-01 -8.530005276846458484e-01 -1.632431580275137906e+00 -2.429865528513318829e+00 -3.462711887207042594e+00 -4.750314522043986187e+00 -6.178599428188833897e+00 -7.560591076276450551e+00 -8.710594536462505033e+00 -8.785002772781108860e+00 -7.649491553444479841e+00 -5.220811956068775572e+00 1.513302376982750719e+00 3.165389890557708341e+01 8.640235887523363090e+01 1.428255417715247972e+02 3.015498261695513520e+02 2.525273131476042181e+02 0.000000000000000000e+00 0.000000000000000000e+00 0.000000000000000000e+00 0.000000000000000000e+00 0.000000000000000000e+00 0.000000000000000000e+00 0.000000000000000000e+00 0.000000000000000000e+00 0.000000000000000000e+00 0.000000000000000000e+00 0.000000000000000000e+00 0.000000000000000000e+00 0.000000000000000000e+00 0.000000000000000000e+00 0.000000000000000000e+00 0.000000000000000000e+00 0.000000000000000000e+00 0.000000000000000000e+00 0.000000000000000000e+00 0.000000000000000000e+00 0.000000000000000000e+00 0.000000000000000000e+00 0.000000000000000000e+00 0.000000000000000000e+00 0.000000000000000000e+00 0.000000000000000000e+00 0.000000000000000000e+00 0.000000000000000000e+00 0.000000000000000000e+00 0.000000000000000000e+00 0.000000000000000000e+00 0.000000000000000000e+00 0.000000000000000000e+00 0.000000000000000000e+00 0.000000000000000000e+00 0.000000000000000000e+00 0.000000000000000000e+00 0.000000000000000000e+00 0.000000000000000000e+00 0.000000000000000000e+00 0.000000000000000000e+00 0.000000000000000000e+00 0.000000000000000000e+00 0.000000000000000000e+00 0.000000000000000000e+00 0.000000000000000000e+00 0.000000000000000000e+00
4.563972286920504828e+00 -1.617880093061891330e+03 -1.399707421550578874e+04 7.762846877503772447e+00 -1.955972183937786667e+03 -8.039616498022564883e+02 -6.997369839841792327e+02 6.480458886359323287e+02 4.443330657794492140e+02 -1.552047435101759902e+03 -2.759158421364724632e+02 2.047493727062943094e+02 2.533590795145732599e+01 -3.437304518450424666e+02 6.432606954745147050e+02 -1.303183174151784669e+03 -2.238195190857685247e+03 -9.680247375160325873e+02 0.000000000000000000e+00 0.000000000000000000e+00 0.000000000000000000e+00 0.000000000000000000e+00 0.000000000000000000e+00 0.000000000000000000e+00 0.000000000000000000e+00 0.000000000000000000e+00 0.000000000000000000e+00 0.000000000000000000e+00 0.000000000000000000e+00 0.000000000000000000e+00 0.000000000000000000e+00 0.000000000000000000e+00 0.000000000000000000e+00 0.000000000000000000e+00 0.000000000000000000e+00 0.000000000000000000e+00 0.000000000000000000e+00 0.000000000000000000e+00 0.000000000000000000e+00 6.675489079012088599e-06 9.888860513113805970e-03 4.294151177244354134e-02 8.177327194456382453e-02 1.196882976660333664e-01 1.823350280205688068e-01 3.888927226151073779e-01 5.075468053491509757e-01 5.901159820326228322e-01 5.795227297494865981e-01 3.174662853244028526e-01 -4.341801180361389845e-01 -1.984678624704807826e+00 -4.975140532075030819e+00 -9.871639979630543849e+00 -1.738569093968461488e+01 -2.963715252840097492e+01 -5.645957179737330023e+01 -9.953343527963195925e+01 -1.494241017353525933e+02 -2.540296984151489141e+02 -1.948673058578415294e+02 0.000000000000000000e+00 0.000000000000000000e+00 0.000000000000000000e+00 0.000000000000000000e+00 0.000000000000000000e+00 0.000000000000000000e+00 0.000000000000000000e+00 0.000000000000000000e+00 0.000000000000000000e+00 0.000000000000000000e+00 0.000000000000000000e+00 0.000000000000000000e+00 0.000000000000000000e+00 0.000000000000000000e+00 0.000000000000000000e+00 0.000000000000000000e+00 0.000000000000000000e+00 0.000000000000000000e+00 0.000000000000000000e+00 0.000000000000000000e+00 0.000000000000000000e+00 0.000000000000000000e+00 0.000000000000000000e+00 0.000000000000000000e+00 0.000000000000000000e+00 0.000000000000000000e+00 0.000000000000000000e+00 0.000000000000000000e+00 0.000000000000000000e+00 0.000000000000000000e+00 0.000000000000000000e+00 0.000000000000000000e+00 0.000000000000000000e+00 0.000000000000000000e+00 0.000000000000000000e+00 0.000000000000000000e+00 0.000000000000000000e+00 0.000000000000000000e+00 0.000000000000000000e+00 0.000000000000000000e+00 0.000000000000000000e+00 0.000000000000000000e+00 0.000000000000000000e+00 0.000000000000000000e+00 0.000000000000000000e+00 0.000000000000000000e+00 0.000000000000000000e+00
5.196728101688280477e-01 -2.025186366055894496e+02 -1.760419979862253513e+03 9.639641826525575663e-01 -2.460037333262407060e+02 -9.889900533414740380e+01 -8.903519033065219901e+01 8.402574840842420656e+01 5.542837406983874615e+01 -1.958010657078504266e+02 -3.398069654851688881e+01 2.533590795145732599e+01 3.148859486269957486e+00 -4.708564844110841108e+01 8.052035474576943841e+01 -1.631263533115663051e+02 -2.801667691280169379e+02 -1.231723757958008179e+02 0.000000000000000000e+00 0.000000000000000000e+00 0.000000000000000000e+00 0.000000000000000000e+00 0.000000000000000000e+00 0.000000000000000000e+00 0.000000000000000000e+00 0.000000000000000000e+00 0.000000000000000000e+00 0.000000000000000000e+00 0.000000000000000000e+00 0.000000000000000000e+00 0.000000000000000000e+00 0.000000000000000000e+00 0.000000000000000000e+00 0.000000000000000000e+00 0.000000000000000000e+00 0.000000000000000000e+00 0.000000000000000000e+00 0.000000000000000000e+00 0.000000000000000000e+00 3.887592331049901759e-07 5.656709259111332433e-04 2.316940563665331396e-03 3.811346808260634381e-03 4.007326280323349026e-03 4.873369421814422592e-03 1.745754831606625632e-02 1.689170315257421118e-02 6.234068032048467774e-03 -2.296252151431154090e-02 -9.049214066082064689e-02 -2.258326023308407926e-01 -4.691681580279907227e-01 -8.935274731347445654e-01 -1.566401542375975398e+00 -2.597025631749882990e+00 -4.235959044133524642e+00 -7.453300217456661159e+00 -1.251903809768606202e+01 -1.878492898223539243e+01 -3.067825737902795069e+01 -2.312068291964749989e+01 0.000000000000000000e+00 0.000000000000000000e+00 0.000000000000000000e+00 0.000000000000000000e+00 0.000000000000000000e+00 0.000000000000000000e+00 0.000000000000000000e+00 0.000000000000000000e+00 0.000000000000000000e+00 0.000000000000000000e+00 0.000000000000000000e+00 0.000000000000000000e+00 0.000000000000000000e+00 0.000000000000000000e+00 0.000000000000000000e+00 0.000000000000000000e+00 0.000000000000000000e+00 0.000000000000000000e+00 0.000000000000000000e+00 0.000000000000000000e+00 0.000000000000000000e+00 0.000000000000000000e+00 0.000000000000000000e+00 0.000000000000000000e+00 0.000000000000000000e+00 0.000000000000000000e+00 0.000000000000000000e+00 0.000000000000000000e+00 0.000000000000000000e+00 0.000000000000000000e+00 0.000000000000000000e+00 0.000000000000000000e+00 0.000000000000000000e+00 0.000000000000000000e+00 0.000000000000000000e+00 0.000000000000000000e+00 0.000000000000000000e+00 0.000000000000000000e+00 0.000000000000000000e+00 0.000000000000000000e+00 0.000000000000000000e+00 0.000000000000000000e+00 0.000000000000000000e+00 0.000000000000000000e+00 0.000000000000000000e+00 0.000000000000000000e+00 0.000000000000000000e+00
6.120297590677710176e+00 1.097512725009023416e+04 7.939637843477042043e+04 -3.766900827471577173e+00 1.109496922948172869e+04 3.128940158355212134e+03 2.048360213433244553e+03 -1.452791977162030435e+03 6.263681602490509249e+03 1.341420838858820571e+04 -4.275939731005100839e+02 -3.437304518450425803e+02 -4.708564844110841818e+01 9.139188941434302251e+03 -4.363653411702044650e+03 8.840334477089831125e+03 1.518312582962437955e+04 2.833726676353343464e+03 0.000000000000000000e+00 0.000000000000000000e+00 0.000000000000000000e+00 0.000000000000000000e+00 0.000000000000000000e+00 0.000000000000000000e+00 0.000000000000000000e+00 0.000000000000000000e+00 0.000000000000000000e+00 0.000000000000000000e+00 0.000000000000000000e+00 0.000000000000000000e+00 0.000000000000000000e+00 0.000000000000000000e+00 0.000000000000000000e+00 0.000000000000000000e+00 0.000000000000000000e+00 0.000000000000000000e+00 0.000000000000000000e+00 0.000000000000000000e+00 0.000000000000000000e+00 1.729508220857832663e-04 2.684729249418020269e-01 1.283170061349669044e+00 2.851901025786903965e+00 5.171272757872959147e+00 8.912553592875974928e+00 1.579662616074484305e+01 2.450513330945802437e+01 3.697230202268139010e+01 5.442608517877899033e+01 7.801631394548195431e+01 1.092740171491983006e+02 1.511096953638840148e+02 2.033097339393620473e+02 2.730937105729541940e+02 3.739476720256750468e+02 5.053941250659140110e+02 5.774485880970420340e+02 6.162761048096367631e+02 8.125288386061098436e+02 5.948854818849430330e+02 1.819357677675609182e+02 0.000000000000000000e+00 0.000000000000000000e+00 0.000000000000000000e+00 0.000000000000000000e+00 0.000000000000000000e+00 0.000000000000000000e+00 0.000000000000000000e+00 0.000000000000000000e+00 0.000000000000000000e+00 0.000000000000000000e+00 0.000000000000000000e+00 0.000000000000000000e+00 0.000000000000000000e+00 0.000000000000000000e+00 0.000000000000000000e+00 0.000000000000000000e+00 0.000000000000000000e+00 0.000000000000000000e+00 0.000000000000000000e+00 0.000000000000000000e+00 0.000000000000000000e+00 0.000000000000000000e+00 0.000000000000000000e+00 0.000000000000000000e+00 0.000000000000000000e+00 0.000000000000000000e+00 0.000000000000000000e+00 0.000000000000000000e+00 0.000000000000000000e+00 0.000000000000000000e+00 0.000000000000000000e+00 0.000000000000000000e+00 0.000000000000000000e+00 0.000000000000000000e+00 0.000000000000000000e+00 0.000000000000000000e+00 0.000000000000000000e+00 0.000000000000000000e+00 0.000000000000000000e+00 0.000000000000000000e+00 0.000000000000000000e+00 0.000000000000000000e+00 0.000000000000000000e+00 0.000000000000000000e+00 0.000000000000000000e+00 0.000000000000000000e+00 0.000000000000000000e+00
