0.0851351382955923968731681839017255697399377822875976562500000000 -0.0766847300578989005126473443851864431053400039672851562500000000 -0.6401826867816661215115914274065289646387100219726562500000000000 0.0007569651607127717181378034894123629783280193805694580078125000 -0.0829452244817143469202136429885285906493663787841796875000000000 -0.0907407491506419527915738854062510654330253601074218750000000000 -0.0225306067818776822875292964454274624586105346679687500000000000 0.0798999621180244840035200581951357889920473098754882812500000000 0.1094352877224079451101701465631776954978704452514648437500000000 -0.1039400179900041437663915644407097715884447097778320312500000000 -0.0305384353894958687769545235823898110538721084594726562500000000
-0.0766847300578989005126473443851864431053400039672851562500000000 445.2911951651557274090009741485118865966796875000000000000000000000 3712.0545377167181868571788072586059570312500000000000000000000000000 -0.7887041063133100049498125372338108718395233154296875000000000000 480.9520833297508488612947985529899597167968750000000000000000000000 129.2029820381112301674875197932124137878417968750000000000000000000 129.9473284868782911871676333248615264892578125000000000000000000000 114.7343052006321926228338270448148250579833984375000000000000000000 91.7284372188468211106737726368010044097900390625000000000000000000 603.5565985732959006782039068639278411865234375000000000000000000000 176.1332099686759704582073027268052101135253906250000000000000000000
-0.6401826867816661215115914274065289646387100219726562500000000000 3712.0545377167181868571788072586059570312500000000000000000000000000 32143.1496839445680961944162845611572265625000000000000000000000000000 -7.9703685332928388973527944472152739763259887695312500000000000000 4164.6249127530809346353635191917419433593750000000000000000000000000 1112.5118199096573334827553480863571166992187500000000000000000000000 1281.2871203391894141532247886061668395996093750000000000000000000000 1136.4868034735623041342478245496749877929687500000000000000000000000 543.1998225465100631481618620455265045166015625000000000000000000000 5031.3930183863340062089264392852783203125000000000000000000000000000 1736.6822082814185250754235312342643737792968750000000000000000000000
0.0007569651607127717181378034894123629783280193805694580078125000 -0.7887041063133100049498125372338108718395233154296875000000000000 -7.9703685332928388973527944472152739763259887695312500000000000000 0.0041133682286747901002410543469522963277995586395263671875000000 -1.0326802346365799856187095429049804806709289550781250000000000000 -0.3670407044310721178526080166193423792719841003417968750000000000 -0.4607204094545253036940835045243147760629653930664062500000000000 -0.4047411137637988987059145529201487079262733459472656250000000000 0.2502463886781851054585956717346562072634696960449218750000000000 -1.0690253318633371470980364392744377255439758300781250000000000000 -0.6244696644417923048209217995463404804468154907226562500000000000
-0.0829452244817143469202136429885285906493663787841796875000000000 480.9520833297508488612947985529899597167968750000000000000000000000 4164.6249127530809346353635191917419433593750000000000000000000000000 -1.0326802346365799856187095429049804806709289550781250000000000000 539.5893319249588557795505039393901824951171875000000000000000000000 144.1425151699522757553495466709136962890625000000000000000000000000 166.0098750191740748505253577604889869689941406250000000000000000000 147.2488322177479460606264183297753334045410156250000000000000000000 70.3796465444151522206084337085485458374023437500000000000000000000 651.8920801557306958784465678036212921142578125000000000000000000000 225.0131073420135692231269786134362220764160156250000000000000000000
-0.0907407491506419527915738854062510654330253601074218750000000000 129.2029820381112301674875197932124137878417968750000000000000000000 1112.5118199096573334827553480863571166992187500000000000000000000000 -0.3670407044310721178526080166193423792719841003417968750000000000 144.1425151699522757553495466709136962890625000000000000000000000000 54.6285732977996261183761816937476396560668945312500000000000000000 43.5605164202755403834999015089124441146850585937500000000000000000 33.4328115608162974581318849232047796249389648437500000000000000000 6.2683149178902102249821837176568806171417236328125000000000000000 175.1243078936835502190660918131470680236816406250000000000000000000 59.0427958337834581925562815740704536437988281250000000000000000000
-0.0225306067818776822875292964454274624586105346679687500000000000 129.9473284868782911871676333248615264892578125000000000000000000000 1281.2871203391894141532247886061668395996093750000000000000000000000 -0.4607204094545253036940835045243147760629653930664062500000000000 166.0098750191740748505253577604889869689941406250000000000000000000 43.5605164202755403834999015089124441146850585937500000000000000000 70.6358557767512849068225477822124958038330078125000000000000000000 63.2256962178008095065706584136933088302612304687500000000000000000 -9.8202926219319923717421261244453489780426025390625000000000000000 176.1332099686759704582073027268052101135253906250000000000000000000 95.7412527191733033760101534426212310791015625000000000000000000000
0.0798999621180244840035200581951357889920473098754882812500000000 114.7343052006321926228338270448148250579833984375000000000000000000 1136.4868034735623041342478245496749877929687500000000000000000000000 -0.4047411137637988987059145529201487079262733459472656250000000000 147.2488322177479460606264183297753334045410156250000000000000000000 33.4328115608162974581318849232047796249389648437500000000000000000 63.2256962178008095065706584136933088302612304687500000000000000000 65.8924433848002735203408519737422466278076171875000000000000000000 -14.8232640860222613099494992638938128948211669921875000000000000000 155.5131737129455302692804252728819847106933593750000000000000000000 85.6973741362457275272390688769519329071044921875000000000000000000
0.1094352877224079451101701465631776954978704452514648437500000000 91.7284372188468211106737726368010044097900390625000000000000000000 543.1998225465100631481618620455265045166015625000000000000000000000 0.2502463886781851054585956717346562072634696960449218750000000000 70.3796465444151522206084337085485458374023437500000000000000000000 6.2683149178902102249821837176568806171417236328125000000000000000 -9.8202926219319923717421261244453489780426025390625000000000000000 -14.8232640860222613099494992638938128948211669921875000000000000000 88.3914581108442831691718311049044132232666015625000000000000000000 124.3305597805889988194394391030073165893554687500000000000000000000 -13.3106211760809269861738357576541602611541748046875000000000000000
-0.1039400179900041437663915644407097715884447097778320312500000000 603.5565985732959006782039068639278411865234375000000000000000000000 5031.3930183863340062089264392852783203125000000000000000000000000000 -1.0690253318633371470980364392744377255439758300781250000000000000 651.8920801557306958784465678036212921142578125000000000000000000000 175.1243078936835502190660918131470680236816406250000000000000000000 176.1332099686759704582073027268052101135253906250000000000000000000 155.5131737129455302692804252728819847106933593750000000000000000000 124.3305597805889988194394391030073165893554687500000000000000000000 818.0726940856249029820901341736316680908203125000000000000000000000 238.7344781543723115646571386605501174926757812500000000000000000000
-0.0305384353894958687769545235823898110538721084594726562500000000 176.1332099686759704582073027268052101135253906250000000000000000000 1736.6822082814185250754235312342643737792968750000000000000000000000 -0.6244696644417923048209217995463404804468154907226562500000000000 225.0131073420135692231269786134362220764160156250000000000000000000 59.0427958337834581925562815740704536437988281250000000000000000000 95.7412527191733033760101534426212310791015625000000000000000000000 85.6973741362457275272390688769519329071044921875000000000000000000 -13.3106211760809269861738357576541602611541748046875000000000000000 238.7344781543723115646571386605501174926757812500000000000000000000 129.7696102275239979917387245222926139831542968750000000000000000000
