0.3776358533488449187309754506713943555951118469238281250000000000 -3.1024111436345900294497823779238387942314147949218750000000000000 -23.3007406705448545380932046100497245788574218750000000000000000000 0.0132694563091540380928012865524578955955803394317626953125000000 -3.4326032367654892851760450867004692554473876953125000000000000000 -1.7304380879000544890544688314548693597316741943359375000000000000 -0.9022486866416326023454530513845384120941162109375000000000000000 -0.0558780006923430827558973987834178842604160308837890625000000000 0.5282163886983123335383538687892723828554153442382812500000000000 -4.3579850209296990826146611652802675962448120117187500000000000000 -1.2673968985720123203719822413404472172260284423828125000000000000
-3.1024111436345900294497823779238387942314147949218750000000000000 2608.6693340907363563019316643476486206054687500000000000000000000000 19014.6909491505175537895411252975463867187500000000000000000000000000 -5.4273588575716109616564608586486428976058959960937500000000000000 2801.1937740957328060176223516464233398437500000000000000000000000000 969.3519537231338745186803862452507019042968750000000000000000000000 654.9615438592993541533360257744789123535156250000000000000000000000 517.4469763662307286722352728247642517089843750000000000000000000000 479.1796358078383377687714528292417526245117187500000000000000000000 3664.4214310058910086809191852807998657226562500000000000000000000000 920.0304103085072711110115051269531250000000000000000000000000000000
-23.3007406705448545380932046100497245788574218750000000000000000000 19014.6909491505175537895411252975463867187500000000000000000000000000 143931.4207139131322037428617477416992187500000000000000000000000000000 -48.8599243413594166440816479735076427459716796875000000000000000000 21203.5946668162505375221371650695800781250000000000000000000000000000 7318.4044133895258710253983736038208007812500000000000000000000000000 5731.0877822328393449424766004085540771484375000000000000000000000000 4628.9393807051992553169839084148406982421875000000000000000000000000 2164.1687080270689875760581344366073608398437500000000000000000000000 26710.1085244701680494472384452819824218750000000000000000000000000000 8050.5108937120512564433738589286804199218750000000000000000000000000
0.0132694563091540380928012865524578955955803394317626953125000000 -5.4273588575716109616564608586486428976058959960937500000000000000 -48.8599243413594166440816479735076427459716796875000000000000000000 0.0340677383430134789188414856653253082185983657836914062500000000 -7.1979142986764710343550177640281617641448974609375000000000000000 -2.9222198902771419071200398320797830820083618164062500000000000000 -3.0316780206950793008502387237967923283576965332031250000000000000 -2.5772440789200508071132844634121283888816833496093750000000000000 2.2356149326241188113328917097533121705055236816406250000000000000 -7.6238601234514682403187180170789361000061035156250000000000000000 -4.2586255627591009798038612643722444772720336914062500000000000000
-3.4326032367654892851760450867004692554473876953125000000000000000 2801.1937740957328060176223516464233398437500000000000000000000000000 21203.5946668162505375221371650695800781250000000000000000000000000000 -7.1979142986764710343550177640281617641448974609375000000000000000 3123.6572568006254186911974102258682250976562500000000000000000000000 1078.1279029947804701805580407381057739257812500000000000000000000000 844.2886322643050789338303729891777038574218750000000000000000000000 681.9230566814574103773338720202445983886718750000000000000000000000 318.8195867726718120138684753328561782836914062500000000000000000000 3934.8622548877033295866567641496658325195312500000000000000000000000 1185.9798854508096610516076907515525817871093750000000000000000000000
-1.7304380879000544890544688314548693597316741943359375000000000000 969.3519537231338745186803862452507019042968750000000000000000000000 7318.4044133895258710253983736038208007812500000000000000000000000000 -2.9222198902771419071200398320797830820083618164062500000000000000 1078.1279029947804701805580407381057739257812500000000000000000000000 437.3561903184902348584728315472602844238281250000000000000000000000 288.7394907386968725404585711658000946044921875000000000000000000000 210.6404629115883153644972480833530426025390625000000000000000000000 54.1101012621981212191712984349578619003295898437500000000000000000 1361.6574653562165622133761644363403320312500000000000000000000000000 405.5949767237941046005289535969495773315429687500000000000000000000
-0.9022486866416326023454530513845384120941162109375000000000000000 654.9615438592993541533360257744789123535156250000000000000000000000 5731.0877822328393449424766004085540771484375000000000000000000000000 -3.0316780206950793008502387237967923283576965332031250000000000000 844.2886322643050789338303729891777038574218750000000000000000000000 288.7394907386968725404585711658000946044921875000000000000000000000 336.2041759068360988749191164970397949218750000000000000000000000000 283.7671448161418652489373926073312759399414062500000000000000000000 -118.1350687754485875302634667605161666870117187500000000000000000000 920.0304103085072711110115051269531250000000000000000000000000000000 472.2690496977461407368537038564682006835937500000000000000000000000
-0.0558780006923430827558973987834178842604160308837890625000000000 517.4469763662307286722352728247642517089843750000000000000000000000 4628.9393807051992553169839084148406982421875000000000000000000000000 -2.5772440789200508071132844634121283888816833496093750000000000000 681.9230566814574103773338720202445983886718750000000000000000000000 210.6404629115883153644972480833530426025390625000000000000000000000 283.7671448161418652489373926073312759399414062500000000000000000000 293.6655415684858780878130346536636352539062500000000000000000000000 -157.7603483138513524863810744136571884155273437500000000000000000000 726.8624523723028687527403235435485839843750000000000000000000000000 398.6102773895887594335363246500492095947265625000000000000000000000
0.5282163886983123335383538687892723828554153442382812500000000000 479.1796358078383377687714528292417526245117187500000000000000000000 2164.1687080270689875760581344366073608398437500000000000000000000000 2.2356149326241188113328917097533121705055236816406250000000000000 318.8195867726718120138684753328561782836914062500000000000000000000 54.1101012621981212191712984349578619003295898437500000000000000000 -118.1350687754485875302634667605161666870117187500000000000000000000 -157.7603483138513524863810744136571884155273437500000000000000000000 584.0870423158436324229114688932895660400390625000000000000000000000 673.1079726391895974302315153181552886962890625000000000000000000000 -165.9454006366033240738033782690763473510742187500000000000000000000
-4.3579850209296990826146611652802675962448120117187500000000000000 3664.4214310058910086809191852807998657226562500000000000000000000000 26710.1085244701680494472384452819824218750000000000000000000000000000 -7.6238601234514682403187180170789361000061035156250000000000000000 3934.8622548877033295866567641496658325195312500000000000000000000000 1361.6574653562165622133761644363403320312500000000000000000000000000 920.0304103085072711110115051269531250000000000000000000000000000000 726.8624523723028687527403235435485839843750000000000000000000000000 673.1079726391895974302315153181552886962890625000000000000000000000 5147.4459597217010013991966843605041503906250000000000000000000000000 1292.3750467924853637669002637267112731933593750000000000000000000000
-1.2673968985720123203719822413404472172260284423828125000000000000 920.0304103085072711110115051269531250000000000000000000000000000000 8050.5108937120512564433738589286804199218750000000000000000000000000 -4.2586255627591009798038612643722444772720336914062500000000000000 1185.9798854508096610516076907515525817871093750000000000000000000000 405.5949767237941046005289535969495773315429687500000000000000000000 472.2690496977461407368537038564682006835937500000000000000000000000 398.6102773895887594335363246500492095947265625000000000000000000000 -165.9454006366033240738033782690763473510742187500000000000000000000 1292.3750467924853637669002637267112731933593750000000000000000000000 663.4006097658265161953750066459178924560546875000000000000000000000
