0.0155581870765642924642202515883582236710935831069946289062500000 0.1165960673008033798847549178390181623399257659912109375000000000 1.3674644825406678805279625521507114171981811523437500000000000000 -0.0003594408173987949047835377403004031293676234781742095947265625 0.1189278460245744711842874608009879011660814285278320312500000000 0.0507100157168802120888351225858059478923678398132324218750000000 0.0348651890282777113250212153161555761471390724182128906250000000 0.0413181016596748801328331524018722120672464370727539062500000000 0.0107284688956661589803731615688775491435080766677856445312500000 0.1452683990143245618131828678087913431227207183837890625000000000 0.0434389453153948001951079049831605516374111175537109375000000000
0.1165960673008033798847549178390181623399257659912109375000000000 104.6639645102269327026078826747834682464599609375000000000000000000 1201.4616877173718876292696222662925720214843750000000000000000000000 -0.1652714046233089151272110939316917210817337036132812500000000000 104.4906485145420589333298266865313053131103515625000000000000000000 31.0196481470035436700527498032897710800170898437500000000000000000 27.9952274127126585767655342351645231246948242187500000000000000000 23.5675255949187381077081226976588368415832519531250000000000000000 20.7641676155273238180143380304798483848571777343750000000000000000 130.4020530955591254951286828145384788513183593750000000000000000000 34.8795800787585932312140357680618762969970703125000000000000000000
1.3674644825406678805279625521507114171981811523437500000000000000 1201.4616877173718876292696222662925720214843750000000000000000000000 14234.0975090819574688794091343879699707031250000000000000000000000000 -2.2826331169749027871773705555824562907218933105468750000000000000 1237.9338392129211570136249065399169921875000000000000000000000000000 366.2488247435000516816216986626386642456054687500000000000000000000 377.3975131613303233280021231621503829956054687500000000000000000000 316.1346928453910436473961453884840011596679687500000000000000000000 177.9389125861758316204941365867853164672851562500000000000000000000 1496.9151180843332440417725592851638793945312500000000000000000000000 470.2039596884084744488063734024763107299804687500000000000000000000
-0.0003594408173987949047835377403004031293676234781742095947265625 -0.1652714046233089151272110939316917210817337036132812500000000000 -2.2826331169749027871773705555824562907218933105468750000000000000 0.0007344717250222243271756683569151391566265374422073364257812500 -0.1985197007543575975496707997081102803349494934082031250000000000 -0.0703862562879521702630114532439620234072208404541015625000000000 -0.0930436626909715569500036735917092300951480865478515625000000000 -0.0770287484993767146423948588562780059874057769775390625000000000 0.0396545120211086177253179130275384522974491119384765625000000000 -0.2059135690274803975885475892937392927706241607666015625000000000 -0.1159241836405673076182409886314417235553264617919921875000000000
0.1189278460245744711842874608009879011660814285278320312500000000 104.4906485145420589333298266865313053131103515625000000000000000000 1237.9338392129211570136249065399169921875000000000000000000000000000 -0.1985197007543575975496707997081102803349494934082031250000000000 107.6626171269835907651213346980512142181396484375000000000000000000 31.8525156535325137951986107509583234786987304687500000000000000000 32.8221126825304807539396279025822877883911132812500000000000000000 27.4941093928007731506113486830145120620727539062500000000000000000 15.4752769582076492582700666389428079128265380859375000000000000000 130.1861166767795907617255579680204391479492187500000000000000000000 40.8934526870282084587415738496929407119750976562500000000000000000
0.0507100157168802120888351225858059478923678398132324218750000000 31.0196481470035436700527498032897710800170898437500000000000000000 366.2488247435000516816216986626386642456054687500000000000000000000 -0.0703862562879521702630114532439620234072208404541015625000000000 31.8525156535325137951986107509583234786987304687500000000000000000 11.5646229740108648087471010512672364711761474609375000000000000000 9.5852677177868788049863724154420197010040283203125000000000000000 7.4038410240027490161196510598529130220413208007812500000000000000 3.0260521126028576688327120791655033826828002929687500000000000000 38.6477411170094811154740455094724893569946289062500000000000000000 11.9423967524931633477081049932166934013366699218750000000000000000
0.0348651890282777113250212153161555761471390724182128906250000000 27.9952274127126585767655342351645231246948242187500000000000000000 377.3975131613303233280021231621503829956054687500000000000000000000 -0.0930436626909715569500036735917092300951480865478515625000000000 32.8221126825304807539396279025822877883911132812500000000000000000 9.5852677177868788049863724154420197010040283203125000000000000000 14.5877922609209385029771510744467377662658691406250000000000000000 12.0811743998957492607360109104774892330169677734375000000000000000 -2.1012173132289695409724572527920827269554138183593750000000000000 34.8795800787585932312140357680618762969970703125000000000000000000 18.1751003782177917855733539909124374389648437500000000000000000000
0.0413181016596748801328331524018722120672464370727539062500000000 23.5675255949187381077081226976588368415832519531250000000000000000 316.1346928453910436473961453884840011596679687500000000000000000000 -0.0770287484993767146423948588562780059874057769775390625000000000 27.4941093928007731506113486830145120620727539062500000000000000000 7.4038410240027490161196510598529130220413208007812500000000000000 12.0811743998957492607360109104774892330169677734375000000000000000 11.4550441818640873492540777078829705715179443359375000000000000000 -2.6199566182910838385566876240773126482963562011718750000000000000 29.3630547852909558059764094650745391845703125000000000000000000000 15.0520759740376419699714460875838994979858398437500000000000000000
0.0107284688956661589803731615688775491435080766677856445312500000 20.7641676155273238180143380304798483848571777343750000000000000000 177.9389125861758316204941365867853164672851562500000000000000000000 0.0396545120211086177253179130275384522974491119384765625000000000 15.4752769582076492582700666389428079128265380859375000000000000000 3.0260521126028576688327120791655033826828002929687500000000000000 -2.1012173132289695409724572527920827269554138183593750000000000000 -2.6199566182910838385566876240773126482963562011718750000000000000 16.2983107109723128758105303859338164329528808593750000000000000000 25.8703184095468650127713772235438227653503417968750000000000000000 -2.6179311373038882670982729905517771840095520019531250000000000000
0.1452683990143245618131828678087913431227207183837890625000000000 130.4020530955591254951286828145384788513183593750000000000000000000 1496.9151180843332440417725592851638793945312500000000000000000000000 -0.2059135690274803975885475892937392927706241607666015625000000000 130.1861166767795907617255579680204391479492187500000000000000000000 38.6477411170094811154740455094724893569946289062500000000000000000 34.8795800787585932312140357680618762969970703125000000000000000000 29.3630547852909558059764094650745391845703125000000000000000000000 25.8703184095468650127713772235438227653503417968750000000000000000 162.4694376054851261415024055168032646179199218750000000000000000000 43.4568752928965835735652945004403591156005859375000000000000000000
0.0434389453153948001951079049831605516374111175537109375000000000 34.8795800787585932312140357680618762969970703125000000000000000000 470.2039596884084744488063734024763107299804687500000000000000000000 -0.1159241836405673076182409886314417235553264617919921875000000000 40.8934526870282084587415738496929407119750976562500000000000000000 11.9423967524931633477081049932166934013366699218750000000000000000 18.1751003782177917855733539909124374389648437500000000000000000000 15.0520759740376419699714460875838994979858398437500000000000000000 -2.6179311373038882670982729905517771840095520019531250000000000000 43.4568752928965835735652945004403591156005859375000000000000000000 22.6445693666217735540158173535019159317016601562500000000000000000
