0.1053222682908453305961060664230899419635534286499023437500000000 -0.0552550998726182851505939197522820904850959777832031250000000000 -0.4977560826021710793654051485646050423383712768554687500000000000 0.0005390954684125614116557700938869857054669409990310668945312500 -0.0603649326400103741763203402115323115140199661254882812500000000 -0.0656442312590197335486763563494605477899312973022460937500000000 -0.0179318058773646100967358307798349414952099323272705078125000000 0.1151651636408334705707900980087288189679384231567382812500000000 0.1104553618645383594731868015514919534325599670410156250000000000 -0.0736631189011592857340815498901065438985824584960937500000000000 -0.0239057164225917120892184186686790781095623970031738281250000000
-0.0552550998726182851505939197522820904850959777832031250000000000 631.6004294320196095213759690523147583007812500000000000000000000000 5481.3179406412609750987030565738677978515625000000000000000000000000 -1.1225407956658794983439975112560205161571502685546875000000000000 664.7420289381796010275138542056083679199218750000000000000000000000 198.0378596980059455745504237711429595947265625000000000000000000000 171.9997193838588600556249730288982391357421875000000000000000000000 145.6249861756193411110871238633990287780761718750000000000000000000 126.1818316051056854121270589530467987060546875000000000000000000000 842.0156264042742577657918445765972137451171875000000000000000000000 229.3007488747238653559179510921239852905273437500000000000000000000
-0.4977560826021710793654051485646050423383712768554687500000000000 5481.3179406412609750987030565738677978515625000000000000000000000000 49326.6576217886322410777211189270019531250000000000000000000000000000 -11.8632985895606726245432582800276577472686767578125000000000000000 5982.0471688257239293307065963745117187500000000000000000000000000000 1775.9351871521994326030835509300231933593750000000000000000000000000 1770.7910604771282123692799359560012817382812500000000000000000000000 1507.1935871198443237517494708299636840820312500000000000000000000000 769.7958740080799771021702326834201812744140625000000000000000000000 7307.3974371114591122022829949855804443359375000000000000000000000000 2360.7231321226026921067386865615844726562500000000000000000000000000
0.0005390954684125614116557700938869857054669409990310668945312500 -1.1225407956658794983439975112560205161571502685546875000000000000 -11.8632985895606726245432582800276577472686767578125000000000000000 0.0058154646026303087255615587025658896891400218009948730468750000 -1.4387111384021298299273894372163340449333190917968750000000000000 -0.5280989442606716099959385246620513498783111572265625000000000000 -0.6414151426505059205851466685999184846878051757812500000000000000 -0.5493083336558499674140421120682731270790100097656250000000000000 0.3483715365911787542607669365679612383246421813964843750000000000 -1.4965108432192588683307121755206026136875152587890625000000000000 -0.8551000726990206635136360091564711183309555053710937500000000000
-0.0603649326400103741763203402115323115140199661254882812500000000 664.7420289381796010275138542056083679199218750000000000000000000000 5982.0471688257239293307065963745117187500000000000000000000000000000 -1.4387111384021298299273894372163340449333190917968750000000000000 725.4675272027536720997886732220649719238281250000000000000000000000 215.3749832348071038268244592472910881042480468750000000000000000000 214.7511337810566374173504300415515899658203125000000000000000000000 182.7835812398516850407759193331003189086914062500000000000000000000 93.3563199029656516358954831957817077636718750000000000000000000000 886.1982193346080975970835424959659576416015625000000000000000000000 286.2946287010827859376149717718362808227539062500000000000000000000
-0.0656442312590197335486763563494605477899312973022460937500000000 198.0378596980059455745504237711429595947265625000000000000000000000 1775.9351871521994326030835509300231933593750000000000000000000000000 -0.5280989442606716099959385246620513498783111572265625000000000000 215.3749832348071038268244592472910881042480468750000000000000000000 81.2211106067055368384899338707327842712402343750000000000000000000 62.9940202307667576064886816311627626419067382812500000000000000000 48.0251254775202269797773624304682016372680664062500000000000000000 14.1491229922627415049873889074660837650299072265625000000000000000 264.0133931437201226799516007304191589355468750000000000000000000000 83.9802301148397418728563934564590454101562500000000000000000000000
-0.0179318058773646100967358307798349414952099323272705078125000000 171.9997193838588600556249730288982391357421875000000000000000000000 1770.7910604771282123692799359560012817382812500000000000000000000000 -0.6414151426505059205851466685999184846878051757812500000000000000 214.7511337810566374173504300415515899658203125000000000000000000000 62.9940202307667576064886816311627626419067382812500000000000000000 90.8504260259421130285772960633039474487304687500000000000000000000 78.1756101422249685128917917609214782714843750000000000000000000000 -17.1133625687625681166537106037139892578125000000000000000000000000 229.3007488747238653559179510921239852905273437500000000000000000000 121.1168878528484214029958820901811122894287109375000000000000000000
0.1151651636408334705707900980087288189679384231567382812500000000 145.6249861756193411110871238633990287780761718750000000000000000000 1507.1935871198443237517494708299636840820312500000000000000000000000 -0.5493083336558499674140421120682731270790100097656250000000000000 182.7835812398516850407759193331003189086914062500000000000000000000 48.0251254775202269797773624304682016372680664062500000000000000000 78.1756101422249685128917917609214782714843750000000000000000000000 79.0033373168045471857112715952098369598388671875000000000000000000 -23.7806693143252516620123060420155525207519531250000000000000000000 194.1393771138585577773483237251639366149902343750000000000000000000 104.2195069478286058028970728628337383270263671875000000000000000000
0.1104553618645383594731868015514919534325599670410156250000000000 126.1818316051056854121270589530467987060546875000000000000000000000 769.7958740080799771021702326834201812744140625000000000000000000000 0.3483715365911787542607669365679612383246421813964843750000000000 93.3563199029656516358954831957817077636718750000000000000000000000 14.1491229922627415049873889074660837650299072265625000000000000000 -17.1133625687625681166537106037139892578125000000000000000000000000 -23.7806693143252516620123060420155525207519531250000000000000000000 119.4776256954655906383777619339525699615478515625000000000000000000 168.2188121299358556370862061157822608947753906250000000000000000000 -22.8146119472691353280424664262682199478149414062500000000000000000
-0.0736631189011592857340815498901065438985824584960937500000000000 842.0156264042742577657918445765972137451171875000000000000000000000 7307.3974371114591122022829949855804443359375000000000000000000000000 -1.4965108432192588683307121755206026136875152587890625000000000000 886.1982193346080975970835424959659576416015625000000000000000000000 264.0133931437201226799516007304191589355468750000000000000000000000 229.3007488747238653559179510921239852905273437500000000000000000000 194.1393771138585577773483237251639366149902343750000000000000000000 168.2188121299358556370862061157822608947753906250000000000000000000 1122.5298180157308252091752365231513977050781250000000000000000000000 305.6913907933002860772830899804830551147460937500000000000000000000
-0.0239057164225917120892184186686790781095623970031738281250000000 229.3007488747238653559179510921239852905273437500000000000000000000 2360.7231321226026921067386865615844726562500000000000000000000000000 -0.8551000726990206635136360091564711183309555053710937500000000000 286.2946287010827859376149717718362808227539062500000000000000000000 83.9802301148397418728563934564590454101562500000000000000000000000 121.1168878528484214029958820901811122894287109375000000000000000000 104.2195069478286058028970728628337383270263671875000000000000000000 -22.8146119472691353280424664262682199478149414062500000000000000000 305.6913907933002860772830899804830551147460937500000000000000000000 161.4665023031447219636902445927262306213378906250000000000000000000
