# A b_HI Tb sigma_NL sigma8tot n_s f DA H omegak omegaDE w0 wa h gamma sigma_8 fs8 bs8 pk0 pk1 pk2 pk3 pk4 pk5 pk6 pk7 pk8 pk9 pk10 pk11 pk12 pk13 pk14 pk15 pk16 pk17 pk18 pk19 pk20 pk21 pk22 pk23 pk24 pk25 pk26 pk27 pk28 pk29 pk30 pk31 pk32 pk33 pk34 pk35 pk36 pk37 pk38 pk39 pk40 pk41 pk42 pk43 pk44 pk45 pk46 pk47 pk48 pk49 pk50 pk51 pk52 pk53 pk54 pk55 pk56 pk57 pk58 pk59 pk60 pk61 pk62 pk63 pk64 pk65 pk66 pk67 pk68 pk69 pk70 pk71 pk72 pk73 pk74 pk75 pk76 pk77 pk78 pk79 pk80 pk81 pk82 pk83 pk84 pk85 pk86 pk87 pk88 pk89
1.636416313237865072e+00 -1.511809997374532699e+01 -1.122481265110704811e+02 6.901501944154338208e-02 -1.706633559990937599e+01 -8.577857558159891482e+00 -4.673697247149150691e+00 6.790370499268245652e-01 3.772994696885978883e+00 -1.163272564942906584e+01 -3.933004696218791896e+00 2.598976201568190980e+00 3.383004296775691810e-01 3.465665012878264228e+00 5.441734945346757613e+00 -1.254925133043387042e+01 -2.144003402009522929e+01 -6.628096662445793541e+00 0.000000000000000000e+00 0.000000000000000000e+00 0.000000000000000000e+00 0.000000000000000000e+00 0.000000000000000000e+00 0.000000000000000000e+00 0.000000000000000000e+00 0.000000000000000000e+00 0.000000000000000000e+00 0.000000000000000000e+00 0.000000000000000000e+00 0.000000000000000000e+00 0.000000000000000000e+00 0.000000000000000000e+00 0.000000000000000000e+00 0.000000000000000000e+00 0.000000000000000000e+00 0.000000000000000000e+00 0.000000000000000000e+00 0.000000000000000000e+00 0.000000000000000000e+00 4.502268931350736377e-18 -2.373484163487921417e-17 -2.104163702433326642e-16 -5.657158612389072411e-16 -5.182580266060786235e-16 -2.919411782738196535e-03 -6.900300757392348328e-02 -1.908972128294203208e-01 -2.572408106831809982e-01 -5.894296740489782249e-02 5.601561988782948198e-01 1.334467166139061911e+00 1.141001206638034171e+00 -1.281714664385489089e+00 -3.746725943771395784e+00 1.833579374405733819e-01 6.376988013126612564e+00 -1.408891034675874065e+00 -8.697698252149606901e+00 8.997630955681579223e+00 -4.354052821029856801e+00 -5.643416429268383716e+00 0.000000000000000000e+00 0.000000000000000000e+00 0.000000000000000000e+00 0.000000000000000000e+00 0.000000000000000000e+00 0.000000000000000000e+00 0.000000000000000000e+00 0.000000000000000000e+00 0.000000000000000000e+00 0.000000000000000000e+00 0.000000000000000000e+00 0.000000000000000000e+00 0.000000000000000000e+00 0.000000000000000000e+00 0.000000000000000000e+00 0.000000000000000000e+00 0.000000000000000000e+00 0.000000000000000000e+00 0.000000000000000000e+00 0.000000000000000000e+00 0.000000000000000000e+00 0.000000000000000000e+00 0.000000000000000000e+00 0.000000000000000000e+00 0.000000000000000000e+00 0.000000000000000000e+00 0.000000000000000000e+00 0.000000000000000000e+00 0.000000000000000000e+00 0.000000000000000000e+00 0.000000000000000000e+00 0.000000000000000000e+00 0.000000000000000000e+00 0.000000000000000000e+00 0.000000000000000000e+00 0.000000000000000000e+00 0.000000000000000000e+00 0.000000000000000000e+00 0.000000000000000000e+00 0.000000000000000000e+00 0.000000000000000000e+00 0.000000000000000000e+00 0.000000000000000000e+00 0.000000000000000000e+00 0.000000000000000000e+00 0.000000000000000000e+00 0.000000000000000000e+00
-1.511809997374532699e+01 1.106361906447107322e+04 8.055247075513040181e+04 -2.671803100475085913e+01 1.224729126479769911e+04 4.402286017765739416e+03 3.128666624734150901e+03 -2.275765976224806764e+03 2.160802209815670267e+03 1.191617288328847098e+04 7.049383436277659030e+02 -9.149764603255216571e+02 -1.323812294198095003e+02 5.922983439440667098e+03 -3.982331284334120937e+03 9.183702747391689627e+03 1.569009131700228681e+04 4.436980770621190459e+03 0.000000000000000000e+00 0.000000000000000000e+00 0.000000000000000000e+00 0.000000000000000000e+00 0.000000000000000000e+00 0.000000000000000000e+00 0.000000000000000000e+00 0.000000000000000000e+00 0.000000000000000000e+00 0.000000000000000000e+00 0.000000000000000000e+00 0.000000000000000000e+00 0.000000000000000000e+00 0.000000000000000000e+00 0.000000000000000000e+00 0.000000000000000000e+00 0.000000000000000000e+00 0.000000000000000000e+00 0.000000000000000000e+00 0.000000000000000000e+00 0.000000000000000000e+00 3.313720696412180561e-03 1.135997589739701774e-01 3.907131994295199306e-01 8.789985552385575218e-01 1.697932816929691002e+00 3.039692571533848753e+00 5.139918411467435888e+00 8.385816503314178050e+00 1.341370104044871425e+01 2.099812286179077958e+01 3.229998361178841293e+01 4.898528512053888306e+01 7.359640704751933526e+01 1.085434430190148305e+02 1.585644740231020364e+02 2.318127816390111491e+02 3.355126271644823532e+02 4.729439969592901889e+02 6.571197964555508406e+02 9.145979652017176704e+02 1.213339830920732766e+03 8.066312937847362718e+02 0.000000000000000000e+00 0.000000000000000000e+00 0.000000000000000000e+00 0.000000000000000000e+00 0.000000000000000000e+00 0.000000000000000000e+00 0.000000000000000000e+00 0.000000000000000000e+00 0.000000000000000000e+00 0.000000000000000000e+00 0.000000000000000000e+00 0.000000000000000000e+00 0.000000000000000000e+00 0.000000000000000000e+00 0.000000000000000000e+00 0.000000000000000000e+00 0.000000000000000000e+00 0.000000000000000000e+00 0.000000000000000000e+00 0.000000000000000000e+00 0.000000000000000000e+00 0.000000000000000000e+00 0.000000000000000000e+00 0.000000000000000000e+00 0.000000000000000000e+00 0.000000000000000000e+00 0.000000000000000000e+00 0.000000000000000000e+00 0.000000000000000000e+00 0.000000000000000000e+00 0.000000000000000000e+00 0.000000000000000000e+00 0.000000000000000000e+00 0.000000000000000000e+00 0.000000000000000000e+00 0.000000000000000000e+00 0.000000000000000000e+00 0.000000000000000000e+00 0.000000000000000000e+00 0.000000000000000000e+00 0.000000000000000000e+00 0.000000000000000000e+00 0.000000000000000000e+00 0.000000000000000000e+00 0.000000000000000000e+00 0.000000000000000000e+00 0.000000000000000000e+00
-1.122481265110704811e+02 8.055247075513040181e+04 6.081185157377559226e+05 -2.346847826854097434e+02 9.245904583606345113e+04 3.301577387394193647e+04 2.674066306328163409e+04 -2.051696099030724872e+04 8.237303519952407441e+03 8.530036160258979362e+04 6.953776748378241791e+03 -7.400953517876176193e+03 -1.075362712590520914e+03 4.008015407820441760e+04 -2.899472789593024936e+04 6.686509565018600551e+04 1.142370877552059974e+05 3.792280291784768633e+04 0.000000000000000000e+00 0.000000000000000000e+00 0.000000000000000000e+00 0.000000000000000000e+00 0.000000000000000000e+00 0.000000000000000000e+00 0.000000000000000000e+00 0.000000000000000000e+00 0.000000000000000000e+00 0.000000000000000000e+00 0.000000000000000000e+00 0.000000000000000000e+00 0.000000000000000000e+00 0.000000000000000000e+00 0.000000000000000000e+00 0.000000000000000000e+00 0.000000000000000000e+00 0.000000000000000000e+00 0.000000000000000000e+00 0.000000000000000000e+00 0.000000000000000000e+00 3.643181513923710035e-02 1.202648517439603326e+00 3.949519085141418362e+00 8.509740355715125659e+00 1.581779696808120939e+01 2.736239657949309390e+01 4.492917845001348809e+01 7.147760871433041530e+01 1.118458076076974095e+02 1.718371491941704221e+02 2.601459454392066277e+02 3.892318868149136506e+02 5.780417190623741135e+02 8.444634902435586810e+02 1.223872971774432699e+03 1.776518228288849286e+03 2.555910650051019275e+03 3.585995354359197790e+03 4.961169506654430734e+03 6.871415981202810144e+03 9.065852566496432701e+03 5.992548693974423259e+03 0.000000000000000000e+00 0.000000000000000000e+00 0.000000000000000000e+00 0.000000000000000000e+00 0.000000000000000000e+00 0.000000000000000000e+00 0.000000000000000000e+00 0.000000000000000000e+00 0.000000000000000000e+00 0.000000000000000000e+00 0.000000000000000000e+00 0.000000000000000000e+00 0.000000000000000000e+00 0.000000000000000000e+00 0.000000000000000000e+00 0.000000000000000000e+00 0.000000000000000000e+00 0.000000000000000000e+00 0.000000000000000000e+00 0.000000000000000000e+00 0.000000000000000000e+00 0.000000000000000000e+00 0.000000000000000000e+00 0.000000000000000000e+00 0.000000000000000000e+00 0.000000000000000000e+00 0.000000000000000000e+00 0.000000000000000000e+00 0.000000000000000000e+00 0.000000000000000000e+00 0.000000000000000000e+00 0.000000000000000000e+00 0.000000000000000000e+00 0.000000000000000000e+00 0.000000000000000000e+00 0.000000000000000000e+00 0.000000000000000000e+00 0.000000000000000000e+00 0.000000000000000000e+00 0.000000000000000000e+00 0.000000000000000000e+00 0.000000000000000000e+00 0.000000000000000000e+00 0.000000000000000000e+00 0.000000000000000000e+00 0.000000000000000000e+00 0.000000000000000000e+00
6.901501944154338208e-02 -2.671803100475085913e+01 -2.346847826854097434e+02 1.706140319228827140e-01 -3.568174709005935341e+01 -1.459090066500649741e+01 -1.491003409608871522e+01 1.282329242181420526e+01 1.416057073626697083e+01 -2.339341204827541887e+01 -7.054852078739240362e+00 4.451056774230657709e+00 6.356537100251689054e-01 -2.178353733012665217e+00 9.617110830190636506e+00 -2.217813658563066781e+01 -3.789070681412518127e+01 -2.114496125942255134e+01 0.000000000000000000e+00 0.000000000000000000e+00 0.000000000000000000e+00 0.000000000000000000e+00 0.000000000000000000e+00 0.000000000000000000e+00 0.000000000000000000e+00 0.000000000000000000e+00 0.000000000000000000e+00 0.000000000000000000e+00 0.000000000000000000e+00 0.000000000000000000e+00 0.000000000000000000e+00 0.000000000000000000e+00 0.000000000000000000e+00 0.000000000000000000e+00 0.000000000000000000e+00 0.000000000000000000e+00 0.000000000000000000e+00 0.000000000000000000e+00 0.000000000000000000e+00 -4.420547599692460598e-07 -1.585000983311085656e-05 -5.885506597947597019e-05 -1.455979059055311951e-04 -3.144740306468934142e-04 -6.394944085534258991e-04 -1.242559178627800987e-03 -2.355367250140298803e-03 -4.437559275542386425e-03 -8.258179898251524417e-03 -1.520523781146474948e-02 -2.781105706080459761e-02 -5.096702316727914212e-02 -9.205575911759364405e-02 -1.654523635294781470e-01 -2.991603283510139710e-01 -5.381162604011033856e-01 -9.449827895213723794e-01 -1.636713349517456395e+00 -2.843422673651514021e+00 -4.667851600092043363e+00 -3.582672453718418915e+00 0.000000000000000000e+00 0.000000000000000000e+00 0.000000000000000000e+00 0.000000000000000000e+00 0.000000000000000000e+00 0.000000000000000000e+00 0.000000000000000000e+00 0.000000000000000000e+00 0.000000000000000000e+00 0.000000000000000000e+00 0.000000000000000000e+00 0.000000000000000000e+00 0.000000000000000000e+00 0.000000000000000000e+00 0.000000000000000000e+00 0.000000000000000000e+00 0.000000000000000000e+00 0.000000000000000000e+00 0.000000000000000000e+00 0.000000000000000000e+00 0.000000000000000000e+00 0.000000000000000000e+00 0.000000000000000000e+00 0.000000000000000000e+00 0.000000000000000000e+00 0.000000000000000000e+00 0.000000000000000000e+00 0.000000000000000000e+00 0.000000000000000000e+00 0.000000000000000000e+00 0.000000000000000000e+00 0.000000000000000000e+00 0.000000000000000000e+00 0.000000000000000000e+00 0.000000000000000000e+00 0.000000000000000000e+00 0.000000000000000000e+00 0.000000000000000000e+00 0.000000000000000000e+00 0.000000000000000000e+00 0.000000000000000000e+00 0.000000000000000000e+00 0.000000000000000000e+00 0.000000000000000000e+00 0.000000000000000000e+00 0.000000000000000000e+00 0.000000000000000000e+00
-1.706633559990937599e+01 1.224729126479769911e+04 9.245904583606345113e+04 -3.568174709005935341e+01 1.405758077690532991e+04 5.019756627900974308e+03 4.065681487851433303e+03 -3.119422592022495337e+03 1.252409199862750029e+03 1.296916610683783438e+04 1.057260297907647328e+03 -1.125249573612684344e+03 -1.634993965167757608e+02 6.093833203775131551e+03 -4.408392124488570516e+03 1.016624684754600094e+04 1.736873957886827702e+04 5.765827026265606946e+03 0.000000000000000000e+00 0.000000000000000000e+00 0.000000000000000000e+00 0.000000000000000000e+00 0.000000000000000000e+00 0.000000000000000000e+00 0.000000000000000000e+00 0.000000000000000000e+00 0.000000000000000000e+00 0.000000000000000000e+00 0.000000000000000000e+00 0.000000000000000000e+00 0.000000000000000000e+00 0.000000000000000000e+00 0.000000000000000000e+00 0.000000000000000000e+00 0.000000000000000000e+00 0.000000000000000000e+00 0.000000000000000000e+00 0.000000000000000000e+00 0.000000000000000000e+00 5.539135511707257882e-03 1.828520782066992700e-01 6.004894714979743808e-01 1.293830812974889000e+00 2.404956233116985587e+00 4.160210574181705034e+00 6.831084504386114808e+00 1.086753869408645379e+01 1.700516656629992340e+01 2.612631985791029265e+01 3.955289186393099499e+01 5.917926840332710015e+01 8.788613471685930278e+01 1.283932104198281081e+02 1.860790689090111414e+02 2.701038959464834761e+02 3.886036254943746258e+02 5.452189010136763727e+02 7.543019772383539703e+02 1.044738071153659803e+03 1.378382759768097230e+03 9.111140674591089237e+02 0.000000000000000000e+00 0.000000000000000000e+00 0.000000000000000000e+00 0.000000000000000000e+00 0.000000000000000000e+00 0.000000000000000000e+00 0.000000000000000000e+00 0.000000000000000000e+00 0.000000000000000000e+00 0.000000000000000000e+00 0.000000000000000000e+00 0.000000000000000000e+00 0.000000000000000000e+00 0.000000000000000000e+00 0.000000000000000000e+00 0.000000000000000000e+00 0.000000000000000000e+00 0.000000000000000000e+00 0.000000000000000000e+00 0.000000000000000000e+00 0.000000000000000000e+00 0.000000000000000000e+00 0.000000000000000000e+00 0.000000000000000000e+00 0.000000000000000000e+00 0.000000000000000000e+00 0.000000000000000000e+00 0.000000000000000000e+00 0.000000000000000000e+00 0.000000000000000000e+00 0.000000000000000000e+00 0.000000000000000000e+00 0.000000000000000000e+00 0.000000000000000000e+00 0.000000000000000000e+00 0.000000000000000000e+00 0.000000000000000000e+00 0.000000000000000000e+00 0.000000000000000000e+00 0.000000000000000000e+00 0.000000000000000000e+00 0.000000000000000000e+00 0.000000000000000000e+00 0.000000000000000000e+00 0.000000000000000000e+00 0.000000000000000000e+00 0.000000000000000000e+00
-8.577857558159891482e+00 4.402286017765739416e+03 3.301577387394193647e+04 -1.459090066500649741e+01 5.019756627900974308e+03 2.038031324034864610e+03 1.421369589271378345e+03 -1.015677252499780366e+03 1.639606240871920591e+02 4.462656704093747976e+03 5.068939111299841898e+02 -4.621129749112115519e+02 -6.548907262442457977e+01 1.695324596588330451e+03 -1.584595531441800858e+03 3.654255082407076770e+03 6.243189431939194947e+03 2.015743539335619516e+03 0.000000000000000000e+00 0.000000000000000000e+00 0.000000000000000000e+00 0.000000000000000000e+00 0.000000000000000000e+00 0.000000000000000000e+00 0.000000000000000000e+00 0.000000000000000000e+00 0.000000000000000000e+00 0.000000000000000000e+00 0.000000000000000000e+00 0.000000000000000000e+00 0.000000000000000000e+00 0.000000000000000000e+00 0.000000000000000000e+00 0.000000000000000000e+00 0.000000000000000000e+00 0.000000000000000000e+00 0.000000000000000000e+00 0.000000000000000000e+00 0.000000000000000000e+00 -2.924398662650239296e-03 -9.039955475181817024e-02 -2.691585163248881862e-01 -5.171258727408971634e-01 -8.423956213228557255e-01 -1.247736067341459032e+00 -1.708781797377627809e+00 -2.179799413874504488e+00 -2.553388596511039665e+00 -2.611258795106850883e+00 -1.983752039520557453e+00 -2.369557277263233466e-02 4.420510029461730994e+00 1.286968116706230170e+01 2.790986967172613475e+01 5.409912336576611835e+01 9.738944146161490778e+01 1.637702831755316311e+02 2.640815034757229114e+02 4.187187665544613537e+02 6.209661636515469354e+02 4.434080561327022565e+02 0.000000000000000000e+00 0.000000000000000000e+00 0.000000000000000000e+00 0.000000000000000000e+00 0.000000000000000000e+00 0.000000000000000000e+00 0.000000000000000000e+00 0.000000000000000000e+00 0.000000000000000000e+00 0.000000000000000000e+00 0.000000000000000000e+00 0.000000000000000000e+00 0.000000000000000000e+00 0.000000000000000000e+00 0.000000000000000000e+00 0.000000000000000000e+00 0.000000000000000000e+00 0.000000000000000000e+00 0.000000000000000000e+00 0.000000000000000000e+00 0.000000000000000000e+00 0.000000000000000000e+00 0.000000000000000000e+00 0.000000000000000000e+00 0.000000000000000000e+00 0.000000000000000000e+00 0.000000000000000000e+00 0.000000000000000000e+00 0.000000000000000000e+00 0.000000000000000000e+00 0.000000000000000000e+00 0.000000000000000000e+00 0.000000000000000000e+00 0.000000000000000000e+00 0.000000000000000000e+00 0.000000000000000000e+00 0.000000000000000000e+00 0.000000000000000000e+00 0.000000000000000000e+00 0.000000000000000000e+00 0.000000000000000000e+00 0.000000000000000000e+00 0.000000000000000000e+00 0.000000000000000000e+00 0.000000000000000000e+00 0.000000000000000000e+00 0.000000000000000000e+00
-4.673697247149150691e+00 3.128666624734150901e+03 2.674066306328163409e+04 -1.491003409608871522e+01 4.065681487851433303e+03 1.421369589271378345e+03 1.610278511040817193e+03 -1.366548140865929781e+03 -7.617040884059655355e+02 3.102463347640701613e+03 5.329111587864563262e+02 -3.941226558908736024e+02 -5.786028086143111437e+01 1.117408839771604789e+03 -1.126158348848257901e+03 2.597047504058958566e+03 4.436980770621190459e+03 2.283648482183599299e+03 0.000000000000000000e+00 0.000000000000000000e+00 0.000000000000000000e+00 0.000000000000000000e+00 0.000000000000000000e+00 0.000000000000000000e+00 0.000000000000000000e+00 0.000000000000000000e+00 0.000000000000000000e+00 0.000000000000000000e+00 0.000000000000000000e+00 0.000000000000000000e+00 0.000000000000000000e+00 0.000000000000000000e+00 0.000000000000000000e+00 0.000000000000000000e+00 0.000000000000000000e+00 0.000000000000000000e+00 0.000000000000000000e+00 0.000000000000000000e+00 0.000000000000000000e+00 3.190795456137635218e-03 1.009069022663850040e-01 3.128354110133172994e-01 6.350018743707546154e-01 1.113023104284110554e+00 1.817636619024801004e+00 2.828295389358509215e+00 4.280189342037765243e+00 6.390846830098131370e+00 9.409337438163353440e+00 1.370826832074748935e+01 1.981916832777782034e+01 2.854086260166720379e+01 4.061726821746159288e+01 5.754916914651615656e+01 8.180436669107547232e+01 1.155929597160279911e+02 1.598542226816045968e+02 2.182043667028927132e+02 2.975343834839952137e+02 3.855581145327915920e+02 2.500099625406925554e+02 0.000000000000000000e+00 0.000000000000000000e+00 0.000000000000000000e+00 0.000000000000000000e+00 0.000000000000000000e+00 0.000000000000000000e+00 0.000000000000000000e+00 0.000000000000000000e+00 0.000000000000000000e+00 0.000000000000000000e+00 0.000000000000000000e+00 0.000000000000000000e+00 0.000000000000000000e+00 0.000000000000000000e+00 0.000000000000000000e+00 0.000000000000000000e+00 0.000000000000000000e+00 0.000000000000000000e+00 0.000000000000000000e+00 0.000000000000000000e+00 0.000000000000000000e+00 0.000000000000000000e+00 0.000000000000000000e+00 0.000000000000000000e+00 0.000000000000000000e+00 0.000000000000000000e+00 0.000000000000000000e+00 0.000000000000000000e+00 0.000000000000000000e+00 0.000000000000000000e+00 0.000000000000000000e+00 0.000000000000000000e+00 0.000000000000000000e+00 0.000000000000000000e+00 0.000000000000000000e+00 0.000000000000000000e+00 0.000000000000000000e+00 0.000000000000000000e+00 0.000000000000000000e+00 0.000000000000000000e+00 0.000000000000000000e+00 0.000000000000000000e+00 0.000000000000000000e+00 0.000000000000000000e+00 0.000000000000000000e+00 0.000000000000000000e+00 0.000000000000000000e+00
6.790370499268245652e-01 -2.275765976224806764e+03 -2.051696099030724872e+04 1.282329242181420526e+01 -3.119422592022495337e+03 -1.015677252499780366e+03 -1.366548140865929781e+03 1.397629819004475848e+03 1.127546411400525812e+03 -2.201851966218033340e+03 -5.042750224103623964e+02 3.315814027214830730e+02 4.964458107648184182e+01 -7.299930533079802899e+02 8.191581787235463707e+02 -1.889070667246032144e+03 -3.227422760583012405e+03 -1.937997412448979730e+03 -0.000000000000000000e+00 -0.000000000000000000e+00 -0.000000000000000000e+00 -0.000000000000000000e+00 -0.000000000000000000e+00 -0.000000000000000000e+00 -0.000000000000000000e+00 -0.000000000000000000e+00 -0.000000000000000000e+00 -0.000000000000000000e+00 -0.000000000000000000e+00 -0.000000000000000000e+00 -0.000000000000000000e+00 -0.000000000000000000e+00 -0.000000000000000000e+00 -0.000000000000000000e+00 -0.000000000000000000e+00 -0.000000000000000000e+00 -0.000000000000000000e+00 -0.000000000000000000e+00 -0.000000000000000000e+00 -4.477457582139044226e-03 -1.355770047346306906e-01 -3.978953755516799196e-01 -7.652680887379413877e-01 -1.275039016424069693e+00 -2.042822493037165898e+00 -3.367828928243630227e+00 -5.074129564320398522e+00 -7.505936135118291830e+00 -1.090099902709318513e+01 -1.547033530022672565e+01 -2.150471878144890070e+01 -2.964003612602115112e+01 -3.989396417032775588e+01 -5.416018272925877142e+01 -7.616402000144589124e+01 -1.074041296265051386e+02 -1.304145685337052782e+02 -1.561493776225089221e+02 -2.377909033539943664e+02 -2.544943361443403944e+02 -1.464691667714198786e+02 -0.000000000000000000e+00 -0.000000000000000000e+00 -0.000000000000000000e+00 -0.000000000000000000e+00 -0.000000000000000000e+00 -0.000000000000000000e+00 -0.000000000000000000e+00 -0.000000000000000000e+00 -0.000000000000000000e+00 -0.000000000000000000e+00 -0.000000000000000000e+00 -0.000000000000000000e+00 -0.000000000000000000e+00 -0.000000000000000000e+00 -0.000000000000000000e+00 -0.000000000000000000e+00 -0.000000000000000000e+00 -0.000000000000000000e+00 -0.000000000000000000e+00 -0.000000000000000000e+00 -0.000000000000000000e+00 -0.000000000000000000e+00 -0.000000000000000000e+00 -0.000000000000000000e+00 -0.000000000000000000e+00 -0.000000000000000000e+00 -0.000000000000000000e+00 -0.000000000000000000e+00 -0.000000000000000000e+00 -0.000000000000000000e+00 -0.000000000000000000e+00 -0.000000000000000000e+00 -0.000000000000000000e+00 -0.000000000000000000e+00 -0.000000000000000000e+00 -0.000000000000000000e+00 -0.000000000000000000e+00 -0.000000000000000000e+00 -0.000000000000000000e+00 -0.000000000000000000e+00 -0.000000000000000000e+00 -0.000000000000000000e+00 -0.000000000000000000e+00 -0.000000000000000000e+00 -0.000000000000000000e+00 -0.000000000000000000e+00 -0.000000000000000000e+00
3.772994696885978883e+00 2.160802209815670267e+03 8.237303519952407441e+03 1.416057073626697083e+01 1.252409199862750029e+03 1.639606240871920591e+02 -7.617040884059655355e+02 1.127546411400525812e+03 4.217860320354804571e+03 3.305322202575777283e+03 -8.801648462286211725e+02 2.446503432942205905e+02 3.472132576667901560e+01 3.329754451776201222e+03 -7.777771621802158961e+02 1.793641400270221084e+03 3.064384609812037070e+03 -1.080225795373129813e+03 0.000000000000000000e+00 0.000000000000000000e+00 0.000000000000000000e+00 0.000000000000000000e+00 0.000000000000000000e+00 0.000000000000000000e+00 0.000000000000000000e+00 0.000000000000000000e+00 0.000000000000000000e+00 0.000000000000000000e+00 0.000000000000000000e+00 0.000000000000000000e+00 0.000000000000000000e+00 0.000000000000000000e+00 0.000000000000000000e+00 0.000000000000000000e+00 0.000000000000000000e+00 0.000000000000000000e+00 0.000000000000000000e+00 0.000000000000000000e+00 0.000000000000000000e+00 2.290745629671758592e-03 8.059163881231004578e-02 2.732704990201758055e-01 5.911386501027823259e-01 1.087452206084543072e+00 1.954581412384074346e+00 3.663247050210581168e+00 5.732475129581550810e+00 8.692557083185803890e+00 1.282730887590284929e+01 1.838389834448049953e+01 2.569215787549586238e+01 3.533192395063456814e+01 4.698077435408718117e+01 6.169468510521473092e+01 8.124885038149993477e+01 1.030401582946541765e+02 1.058494620492092366e+02 8.859130295525113752e+01 7.332940303980201691e+01 -5.063029756795626923e+01 -1.020716622715346773e+02 0.000000000000000000e+00 0.000000000000000000e+00 0.000000000000000000e+00 0.000000000000000000e+00 0.000000000000000000e+00 0.000000000000000000e+00 0.000000000000000000e+00 0.000000000000000000e+00 0.000000000000000000e+00 0.000000000000000000e+00 0.000000000000000000e+00 0.000000000000000000e+00 0.000000000000000000e+00 0.000000000000000000e+00 0.000000000000000000e+00 0.000000000000000000e+00 0.000000000000000000e+00 0.000000000000000000e+00 0.000000000000000000e+00 0.000000000000000000e+00 0.000000000000000000e+00 0.000000000000000000e+00 0.000000000000000000e+00 0.000000000000000000e+00 0.000000000000000000e+00 0.000000000000000000e+00 0.000000000000000000e+00 0.000000000000000000e+00 0.000000000000000000e+00 0.000000000000000000e+00 0.000000000000000000e+00 0.000000000000000000e+00 0.000000000000000000e+00 0.000000000000000000e+00 0.000000000000000000e+00 0.000000000000000000e+00 0.000000000000000000e+00 0.000000000000000000e+00 0.000000000000000000e+00 0.000000000000000000e+00 0.000000000000000000e+00 0.000000000000000000e+00 0.000000000000000000e+00 0.000000000000000000e+00 0.000000000000000000e+00 0.000000000000000000e+00 0.000000000000000000e+00
-1.163272564942906584e+01 1.191617288328847098e+04 8.530036160258979362e+04 -2.339341204827541887e+01 1.296916610683783438e+04 4.462656704093747976e+03 3.102463347640701613e+03 -2.201851966218033340e+03 3.305322202575777283e+03 1.317352696927009129e+04 4.621851001857659753e+02 -8.585325875227023289e+02 -1.254795603272636981e+02 7.169465670295670861e+03 -4.289206613687966637e+03 9.891391687380237272e+03 1.689915746361798301e+04 4.399820072299497042e+03 0.000000000000000000e+00 0.000000000000000000e+00 0.000000000000000000e+00 0.000000000000000000e+00 0.000000000000000000e+00 0.000000000000000000e+00 0.000000000000000000e+00 0.000000000000000000e+00 0.000000000000000000e+00 0.000000000000000000e+00 0.000000000000000000e+00 0.000000000000000000e+00 0.000000000000000000e+00 0.000000000000000000e+00 0.000000000000000000e+00 0.000000000000000000e+00 0.000000000000000000e+00 0.000000000000000000e+00 0.000000000000000000e+00 0.000000000000000000e+00 0.000000000000000000e+00 6.496332434073117355e-03 2.136917439148099396e-01 6.947915271883770005e-01 1.478873395272753077e+00 2.716402644127417609e+00 4.732680393321074597e+00 8.129550358010424915e+00 1.290876907124817663e+01 2.007365988905126031e+01 3.056717656951592588e+01 4.563414097372245948e+01 6.704207366481209363e+01 9.763318264170872851e+01 1.393478129902918283e+02 1.978671090955920420e+02 2.832076869636275092e+02 4.011935268269608628e+02 5.345151724865296501e+02 7.000433110324263453e+02 9.613304849475629226e+02 1.168864398135272495e+03 7.308829248777298062e+02 0.000000000000000000e+00 0.000000000000000000e+00 0.000000000000000000e+00 0.000000000000000000e+00 0.000000000000000000e+00 0.000000000000000000e+00 0.000000000000000000e+00 0.000000000000000000e+00 0.000000000000000000e+00 0.000000000000000000e+00 0.000000000000000000e+00 0.000000000000000000e+00 0.000000000000000000e+00 0.000000000000000000e+00 0.000000000000000000e+00 0.000000000000000000e+00 0.000000000000000000e+00 0.000000000000000000e+00 0.000000000000000000e+00 0.000000000000000000e+00 0.000000000000000000e+00 0.000000000000000000e+00 0.000000000000000000e+00 0.000000000000000000e+00 0.000000000000000000e+00 0.000000000000000000e+00 0.000000000000000000e+00 0.000000000000000000e+00 0.000000000000000000e+00 0.000000000000000000e+00 0.000000000000000000e+00 0.000000000000000000e+00 0.000000000000000000e+00 0.000000000000000000e+00 0.000000000000000000e+00 0.000000000000000000e+00 0.000000000000000000e+00 0.000000000000000000e+00 0.000000000000000000e+00 0.000000000000000000e+00 0.000000000000000000e+00 0.000000000000000000e+00 0.000000000000000000e+00 0.000000000000000000e+00 0.000000000000000000e+00 0.000000000000000000e+00 0.000000000000000000e+00
-3.933004696218791896e+00 7.049383436277659030e+02 6.953776748378241791e+03 -7.054852078739240362e+00 1.057260297907647328e+03 5.068939111299841898e+02 5.329111587864563262e+02 -5.042750224103623964e+02 -8.801648462286211725e+02 4.621851001857658616e+02 3.317696196280243157e+02 -1.789648177980519961e+02 -2.527597837915181245e+01 -2.972978768549838264e+02 -2.537413845321813710e+02 5.851561017593263614e+02 9.997223259335671628e+02 7.557585539130045618e+02 0.000000000000000000e+00 0.000000000000000000e+00 0.000000000000000000e+00 0.000000000000000000e+00 0.000000000000000000e+00 0.000000000000000000e+00 0.000000000000000000e+00 0.000000000000000000e+00 0.000000000000000000e+00 0.000000000000000000e+00 0.000000000000000000e+00 0.000000000000000000e+00 0.000000000000000000e+00 0.000000000000000000e+00 0.000000000000000000e+00 0.000000000000000000e+00 0.000000000000000000e+00 0.000000000000000000e+00 0.000000000000000000e+00 0.000000000000000000e+00 0.000000000000000000e+00 -1.230464429398425577e-03 -3.891972799588648557e-02 -1.171527937843442474e-01 -2.259904306890317405e-01 -3.714686321854900886e-01 -6.142104938806105530e-01 -1.148471708387514223e+00 -1.691647308688571272e+00 -2.397357435230517364e+00 -3.281598796375433835e+00 -4.271563619564107128e+00 -5.251096525232506806e+00 -6.113500736244064093e+00 -6.312203687476029224e+00 -5.797913474577202742e+00 -4.575029108347546725e+00 -7.380189035325526170e-01 1.786391519828203300e+01 5.151761795473767336e+01 8.515759369603243556e+01 1.799633110653764447e+02 1.493992444759660145e+02 0.000000000000000000e+00 0.000000000000000000e+00 0.000000000000000000e+00 0.000000000000000000e+00 0.000000000000000000e+00 0.000000000000000000e+00 0.000000000000000000e+00 0.000000000000000000e+00 0.000000000000000000e+00 0.000000000000000000e+00 0.000000000000000000e+00 0.000000000000000000e+00 0.000000000000000000e+00 0.000000000000000000e+00 0.000000000000000000e+00 0.000000000000000000e+00 0.000000000000000000e+00 0.000000000000000000e+00 0.000000000000000000e+00 0.000000000000000000e+00 0.000000000000000000e+00 0.000000000000000000e+00 0.000000000000000000e+00 0.000000000000000000e+00 0.000000000000000000e+00 0.000000000000000000e+00 0.000000000000000000e+00 0.000000000000000000e+00 0.000000000000000000e+00 0.000000000000000000e+00 0.000000000000000000e+00 0.000000000000000000e+00 0.000000000000000000e+00 0.000000000000000000e+00 0.000000000000000000e+00 0.000000000000000000e+00 0.000000000000000000e+00 0.000000000000000000e+00 0.000000000000000000e+00 0.000000000000000000e+00 0.000000000000000000e+00 0.000000000000000000e+00 0.000000000000000000e+00 0.000000000000000000e+00 0.000000000000000000e+00 0.000000000000000000e+00 0.000000000000000000e+00
2.598976201568190980e+00 -9.149764603255216571e+02 -7.400953517876176193e+03 4.451056774230657709e+00 -1.125249573612684344e+03 -4.621129749112115519e+02 -3.941226558908736024e+02 3.315814027214830730e+02 2.446503432942205905e+02 -8.585325875227022152e+02 -1.789648177980519961e+02 1.265534307720915592e+02 1.801097383006625563e+01 -2.002600742323508598e+02 3.293442553607860077e+02 -7.595048043071734583e+02 -1.297592056609848896e+03 -5.589328794666802196e+02 0.000000000000000000e+00 0.000000000000000000e+00 0.000000000000000000e+00 0.000000000000000000e+00 0.000000000000000000e+00 0.000000000000000000e+00 0.000000000000000000e+00 0.000000000000000000e+00 0.000000000000000000e+00 0.000000000000000000e+00 0.000000000000000000e+00 0.000000000000000000e+00 0.000000000000000000e+00 0.000000000000000000e+00 0.000000000000000000e+00 0.000000000000000000e+00 0.000000000000000000e+00 0.000000000000000000e+00 0.000000000000000000e+00 0.000000000000000000e+00 0.000000000000000000e+00 4.229549750855478578e-04 1.277130180598754633e-02 3.545279801519605339e-02 6.109290990246514508e-02 8.603503068138221299e-02 1.277444608405503002e-01 2.630573756761721005e-01 3.420929783728572926e-01 4.012857379912331823e-01 4.066603460293345407e-01 2.622713560329562044e-01 -1.749119953814979866e-01 -1.088941458076248647e+00 -2.860147787522269613e+00 -5.754137991446421907e+00 -1.018108248143833983e+01 -1.737544445138736648e+01 -3.316710780667123970e+01 -5.825928735623976706e+01 -8.668800534151547765e+01 -1.455260294559420231e+02 -1.102345641231036097e+02 0.000000000000000000e+00 0.000000000000000000e+00 0.000000000000000000e+00 0.000000000000000000e+00 0.000000000000000000e+00 0.000000000000000000e+00 0.000000000000000000e+00 0.000000000000000000e+00 0.000000000000000000e+00 0.000000000000000000e+00 0.000000000000000000e+00 0.000000000000000000e+00 0.000000000000000000e+00 0.000000000000000000e+00 0.000000000000000000e+00 0.000000000000000000e+00 0.000000000000000000e+00 0.000000000000000000e+00 0.000000000000000000e+00 0.000000000000000000e+00 0.000000000000000000e+00 0.000000000000000000e+00 0.000000000000000000e+00 0.000000000000000000e+00 0.000000000000000000e+00 0.000000000000000000e+00 0.000000000000000000e+00 0.000000000000000000e+00 0.000000000000000000e+00 0.000000000000000000e+00 0.000000000000000000e+00 0.000000000000000000e+00 0.000000000000000000e+00 0.000000000000000000e+00 0.000000000000000000e+00 0.000000000000000000e+00 0.000000000000000000e+00 0.000000000000000000e+00 0.000000000000000000e+00 0.000000000000000000e+00 0.000000000000000000e+00 0.000000000000000000e+00 0.000000000000000000e+00 0.000000000000000000e+00 0.000000000000000000e+00 0.000000000000000000e+00 0.000000000000000000e+00
3.383004296775691810e-01 -1.323812294198095003e+02 -1.075362712590520914e+03 6.356537100251689054e-01 -1.634993965167757608e+02 -6.548907262442457977e+01 -5.786028086143111437e+01 4.964458107648184182e+01 3.472132576667901560e+01 -1.254795603272636839e+02 -2.527597837915181245e+01 1.801097383006625563e+01 2.576376922994152441e+00 -3.224301678011259753e+01 4.765040339016077553e+01 -1.098871764511458480e+02 -1.877390721923902959e+02 -8.205570754497550467e+01 0.000000000000000000e+00 0.000000000000000000e+00 0.000000000000000000e+00 0.000000000000000000e+00 0.000000000000000000e+00 0.000000000000000000e+00 0.000000000000000000e+00 0.000000000000000000e+00 0.000000000000000000e+00 0.000000000000000000e+00 0.000000000000000000e+00 0.000000000000000000e+00 0.000000000000000000e+00 0.000000000000000000e+00 0.000000000000000000e+00 0.000000000000000000e+00 0.000000000000000000e+00 0.000000000000000000e+00 0.000000000000000000e+00 0.000000000000000000e+00 0.000000000000000000e+00 2.955179290433864145e-05 8.821672517978406064e-04 2.299388088495587460e-03 3.454744547912479320e-03 3.637667784074065467e-03 4.365620386577030547e-03 1.369213853648176479e-02 1.343529022587931082e-02 6.122735818850104719e-03 -1.411840009457023676e-02 -6.103812801586922659e-02 -1.549806128316682519e-01 -3.236221804909146793e-01 -6.162005536558714525e-01 -1.077982917080573921e+00 -1.783220686481344908e+00 -2.898251450559568010e+00 -5.072224849117463741e+00 -8.453687221665289186e+00 -1.256589680423389055e+01 -2.020417682031199647e+01 -1.501363819990151427e+01 0.000000000000000000e+00 0.000000000000000000e+00 0.000000000000000000e+00 0.000000000000000000e+00 0.000000000000000000e+00 0.000000000000000000e+00 0.000000000000000000e+00 0.000000000000000000e+00 0.000000000000000000e+00 0.000000000000000000e+00 0.000000000000000000e+00 0.000000000000000000e+00 0.000000000000000000e+00 0.000000000000000000e+00 0.000000000000000000e+00 0.000000000000000000e+00 0.000000000000000000e+00 0.000000000000000000e+00 0.000000000000000000e+00 0.000000000000000000e+00 0.000000000000000000e+00 0.000000000000000000e+00 0.000000000000000000e+00 0.000000000000000000e+00 0.000000000000000000e+00 0.000000000000000000e+00 0.000000000000000000e+00 0.000000000000000000e+00 0.000000000000000000e+00 0.000000000000000000e+00 0.000000000000000000e+00 0.000000000000000000e+00 0.000000000000000000e+00 0.000000000000000000e+00 0.000000000000000000e+00 0.000000000000000000e+00 0.000000000000000000e+00 0.000000000000000000e+00 0.000000000000000000e+00 0.000000000000000000e+00 0.000000000000000000e+00 0.000000000000000000e+00 0.000000000000000000e+00 0.000000000000000000e+00 0.000000000000000000e+00 0.000000000000000000e+00 0.000000000000000000e+00
3.465665012878264228e+00 5.922983439440666189e+03 4.008015407820441760e+04 -2.178353733012663440e+00 6.093833203775131551e+03 1.695324596588330451e+03 1.117408839771604789e+03 -7.299930533079804036e+02 3.329754451776201222e+03 7.169465670295670861e+03 -2.972978768549839970e+02 -2.002600742323508030e+02 -3.224301678011258332e+01 5.023090709964582857e+03 -2.131968039574321665e+03 4.916557499726897731e+03 8.399796711399085325e+03 1.584675559803380338e+03 0.000000000000000000e+00 0.000000000000000000e+00 0.000000000000000000e+00 0.000000000000000000e+00 0.000000000000000000e+00 0.000000000000000000e+00 0.000000000000000000e+00 0.000000000000000000e+00 0.000000000000000000e+00 0.000000000000000000e+00 0.000000000000000000e+00 0.000000000000000000e+00 0.000000000000000000e+00 0.000000000000000000e+00 0.000000000000000000e+00 0.000000000000000000e+00 0.000000000000000000e+00 0.000000000000000000e+00 0.000000000000000000e+00 0.000000000000000000e+00 0.000000000000000000e+00 9.330868841657674953e-03 2.958378815252436511e-01 9.117627009009050543e-01 1.831242231273589427e+00 3.172552052563173408e+00 5.334431992690554125e+00 9.316681039323274405e+00 1.428955753490526170e+01 2.138993306672584538e+01 3.130537747804727644e+01 4.464053947714099024e+01 6.221586225270157655e+01 8.565798253748236846e+01 1.146111056053740924e+02 1.531248114659395583e+02 2.088076805027071998e+02 2.807911556081256208e+02 3.181268659211426097e+02 3.357184390791246074e+02 4.383012930409598198e+02 3.161534799478612854e+02 9.556497758633906869e+01 0.000000000000000000e+00 0.000000000000000000e+00 0.000000000000000000e+00 0.000000000000000000e+00 0.000000000000000000e+00 0.000000000000000000e+00 0.000000000000000000e+00 0.000000000000000000e+00 0.000000000000000000e+00 0.000000000000000000e+00 0.000000000000000000e+00 0.000000000000000000e+00 0.000000000000000000e+00 0.000000000000000000e+00 0.000000000000000000e+00 0.000000000000000000e+00 0.000000000000000000e+00 0.000000000000000000e+00 0.000000000000000000e+00 0.000000000000000000e+00 0.000000000000000000e+00 0.000000000000000000e+00 0.000000000000000000e+00 0.000000000000000000e+00 0.000000000000000000e+00 0.000000000000000000e+00 0.000000000000000000e+00 0.000000000000000000e+00 0.000000000000000000e+00 0.000000000000000000e+00 0.000000000000000000e+00 0.000000000000000000e+00 0.000000000000000000e+00 0.000000000000000000e+00 0.000000000000000000e+00 0.000000000000000000e+00 0.000000000000000000e+00 0.000000000000000000e+00 0.000000000000000000e+00 0.000000000000000000e+00 0.000000000000000000e+00 0.000000000000000000e+00 0.000000000000000000e+00 0.000000000000000000e+00 0.000000000000000000e+00 0.000000000000000000e+00 0.000000000000000000e+00
