# A b_HI Tb sigma_NL sigma8tot n_s f DA H omegak omegaDE w0 wa h gamma sigma_8 fs8 bs8 pk0 pk1 pk2 pk3 pk4 pk5 pk6 pk7 pk8 pk9 pk10 pk11 pk12 pk13 pk14 pk15 pk16 pk17 pk18 pk19 pk20 pk21 pk22 pk23 pk24 pk25 pk26 pk27 pk28 pk29 pk30 pk31 pk32 pk33 pk34 pk35 pk36 pk37 pk38 pk39 pk40 pk41 pk42 pk43 pk44 pk45 pk46 pk47 pk48 pk49 pk50 pk51 pk52 pk53 pk54 pk55 pk56 pk57 pk58 pk59 pk60 pk61 pk62 pk63 pk64 pk65 pk66 pk67 pk68 pk69 pk70 pk71 pk72 pk73 pk74 pk75 pk76 pk77 pk78 pk79 pk80 pk81 pk82 pk83 pk84 pk85 pk86 pk87 pk88 pk89
1.067170599745815984e+01 -8.776857296386418739e+01 -7.219371282583515494e+02 3.516004063581591454e-01 -9.457499847477043886e+01 -4.694164768773448770e+01 -2.508535035775351929e+01 4.975377952432970541e-01 1.776745933020000834e+01 -7.154546996551680138e+01 -1.674381884291937794e+01 1.220937278198154097e+01 1.229844806713540573e+00 1.950189533366958017e+01 3.725856623259216605e+01 -6.909593113792942631e+01 -1.193068821877618575e+02 -3.409939160117640711e+01 0.000000000000000000e+00 0.000000000000000000e+00 0.000000000000000000e+00 0.000000000000000000e+00 0.000000000000000000e+00 0.000000000000000000e+00 0.000000000000000000e+00 0.000000000000000000e+00 0.000000000000000000e+00 0.000000000000000000e+00 -9.807182019323742624e-22 -1.768522480119461867e-18 -1.481552694168831108e-17 2.892960641690303586e-17 3.205299162812174760e-17 -2.900325025487359691e-17 -3.631616367378447673e-16 -2.712713642088339633e-16 -5.550525212709852346e-16 5.855492712717364235e-16 -3.271896226763927365e-15 -1.021824377655079904e-15 -8.869689371876225084e-16 -4.070348710284406247e-15 -8.734759251941712585e-15 -6.939218719247759016e-15 -2.829369569694790976e-02 -6.365785318836911788e-01 -1.628934879313929107e+00 -2.057506068059818727e+00 -4.627023152943320339e-01 4.016387051700383459e+00 9.277060651177283290e+00 7.736389732225515736e+00 -8.439402714144678797e+00 -2.442474567515394668e+01 1.123043010620009996e+00 4.066458784426611572e+01 -9.057409585078985970e+00 -5.594872080103168344e+01 5.861947819352626965e+01 -2.991518132758089621e+01 -2.828211204487518415e+01 0.000000000000000000e+00 0.000000000000000000e+00 0.000000000000000000e+00 0.000000000000000000e+00 0.000000000000000000e+00 0.000000000000000000e+00 0.000000000000000000e+00 0.000000000000000000e+00 0.000000000000000000e+00 0.000000000000000000e+00 0.000000000000000000e+00 0.000000000000000000e+00 0.000000000000000000e+00 0.000000000000000000e+00 0.000000000000000000e+00 0.000000000000000000e+00 0.000000000000000000e+00 0.000000000000000000e+00 0.000000000000000000e+00 0.000000000000000000e+00 0.000000000000000000e+00 0.000000000000000000e+00 0.000000000000000000e+00 0.000000000000000000e+00 0.000000000000000000e+00 0.000000000000000000e+00 0.000000000000000000e+00 0.000000000000000000e+00 0.000000000000000000e+00 0.000000000000000000e+00 0.000000000000000000e+00 0.000000000000000000e+00 0.000000000000000000e+00 0.000000000000000000e+00 0.000000000000000000e+00 0.000000000000000000e+00 0.000000000000000000e+00 0.000000000000000000e+00 0.000000000000000000e+00 0.000000000000000000e+00 0.000000000000000000e+00 0.000000000000000000e+00 0.000000000000000000e+00 0.000000000000000000e+00 0.000000000000000000e+00 0.000000000000000000e+00 0.000000000000000000e+00
-8.776857296386418739e+01 7.550118073115219886e+04 6.019577446136239450e+05 -1.454432945441049014e+02 7.885749402590192039e+04 2.710482859079954142e+04 1.840535962212038066e+04 -1.810846203996848999e+04 1.877758494570593757e+04 8.477651313581953582e+04 3.044405835170907721e+03 -4.792879965050189639e+03 -5.387828836729386239e+02 4.296049335839275591e+04 -3.205094543429266923e+04 5.943840954073517787e+04 1.026313880964791315e+05 2.501904722734627649e+04 0.000000000000000000e+00 0.000000000000000000e+00 0.000000000000000000e+00 0.000000000000000000e+00 0.000000000000000000e+00 0.000000000000000000e+00 0.000000000000000000e+00 0.000000000000000000e+00 0.000000000000000000e+00 0.000000000000000000e+00 5.057418932412896080e-06 2.222676427927080308e-03 1.746077726441025088e-02 5.524233671428832593e-02 1.276242688862872510e-01 2.558827011209013347e-01 4.646816998508688235e-01 7.967647719758533809e-01 1.318889202578616304e+00 2.119537871277242136e+00 3.325666329136465649e+00 5.128998740580671623e+00 7.854891934379177876e+00 1.186053878128461925e+01 1.773179776969243804e+01 2.635971094842139806e+01 3.905683376158122400e+01 5.737909259070838175e+01 8.392853773119989569e+01 1.229506409355333147e+02 1.792520470033410618e+02 2.600159794152147583e+02 3.764574893584698430e+02 5.443683775269212219e+02 7.801174163123181415e+02 1.114876499542987403e+03 1.598784348847711726e+03 2.284321985586967457e+03 3.211205862985273143e+03 4.482541508133895150e+03 6.282659560134579806e+03 8.550151442107568073e+03 2.843813063441515624e+03 0.000000000000000000e+00 0.000000000000000000e+00 0.000000000000000000e+00 0.000000000000000000e+00 0.000000000000000000e+00 0.000000000000000000e+00 0.000000000000000000e+00 0.000000000000000000e+00 0.000000000000000000e+00 0.000000000000000000e+00 0.000000000000000000e+00 0.000000000000000000e+00 0.000000000000000000e+00 0.000000000000000000e+00 0.000000000000000000e+00 0.000000000000000000e+00 0.000000000000000000e+00 0.000000000000000000e+00 0.000000000000000000e+00 0.000000000000000000e+00 0.000000000000000000e+00 0.000000000000000000e+00 0.000000000000000000e+00 0.000000000000000000e+00 0.000000000000000000e+00 0.000000000000000000e+00 0.000000000000000000e+00 0.000000000000000000e+00 0.000000000000000000e+00 0.000000000000000000e+00 0.000000000000000000e+00 0.000000000000000000e+00 0.000000000000000000e+00 0.000000000000000000e+00 0.000000000000000000e+00 0.000000000000000000e+00 0.000000000000000000e+00 0.000000000000000000e+00 0.000000000000000000e+00 0.000000000000000000e+00 0.000000000000000000e+00 0.000000000000000000e+00 0.000000000000000000e+00 0.000000000000000000e+00 0.000000000000000000e+00 0.000000000000000000e+00 0.000000000000000000e+00
-7.219371282583515494e+02 6.019577446136239450e+05 4.976400308977586217e+06 -1.432151878766218033e+03 6.519169512265044032e+05 2.236646704293524090e+05 1.762100107913560059e+05 -1.758939270627841470e+05 9.808700408455723664e+04 6.665558506176853552e+05 3.345841536776989960e+04 -4.245694978906261531e+04 -4.791770523097621663e+03 3.219227691440468188e+05 -2.555365974349672324e+05 4.738920716745702666e+05 8.182621557285322342e+05 2.395284130510372052e+05 0.000000000000000000e+00 0.000000000000000000e+00 0.000000000000000000e+00 0.000000000000000000e+00 0.000000000000000000e+00 0.000000000000000000e+00 0.000000000000000000e+00 0.000000000000000000e+00 0.000000000000000000e+00 0.000000000000000000e+00 6.164065163492493346e-05 2.597914830553450100e-02 1.946217884295984579e-01 5.899920041359237866e-01 1.314306396736621974e+00 2.552718772200393449e+00 4.513498170616281335e+00 7.563381481057600553e+00 1.227114707693253592e+01 1.938614658472630126e+01 2.997162240336316685e+01 4.564067672931096098e+01 6.912250842908288462e+01 1.033714527258168232e+02 1.532817868801058410e+02 2.262619221028703862e+02 3.332010471102043994e+02 4.869883553376400300e+02 7.091667989791309310e+02 1.034747755218243356e+03 1.503555310542861434e+03 2.175091606710519955e+03 3.141000168795999798e+03 4.532718303094036855e+03 6.485178527517413386e+03 9.255273557287549920e+03 1.325534643604394114e+04 1.891748626016284834e+04 2.657752854001053493e+04 3.707110519600592670e+04 5.188831368890809972e+04 7.046328033568945830e+04 2.339065857345687255e+04 0.000000000000000000e+00 0.000000000000000000e+00 0.000000000000000000e+00 0.000000000000000000e+00 0.000000000000000000e+00 0.000000000000000000e+00 0.000000000000000000e+00 0.000000000000000000e+00 0.000000000000000000e+00 0.000000000000000000e+00 0.000000000000000000e+00 0.000000000000000000e+00 0.000000000000000000e+00 0.000000000000000000e+00 0.000000000000000000e+00 0.000000000000000000e+00 0.000000000000000000e+00 0.000000000000000000e+00 0.000000000000000000e+00 0.000000000000000000e+00 0.000000000000000000e+00 0.000000000000000000e+00 0.000000000000000000e+00 0.000000000000000000e+00 0.000000000000000000e+00 0.000000000000000000e+00 0.000000000000000000e+00 0.000000000000000000e+00 0.000000000000000000e+00 0.000000000000000000e+00 0.000000000000000000e+00 0.000000000000000000e+00 0.000000000000000000e+00 0.000000000000000000e+00 0.000000000000000000e+00 0.000000000000000000e+00 0.000000000000000000e+00 0.000000000000000000e+00 0.000000000000000000e+00 0.000000000000000000e+00 0.000000000000000000e+00 0.000000000000000000e+00 0.000000000000000000e+00 0.000000000000000000e+00 0.000000000000000000e+00 0.000000000000000000e+00 0.000000000000000000e+00
3.516004063581591454e-01 -1.454432945441049014e+02 -1.432151878766218033e+03 8.518014689629356262e-01 -1.876143454163563149e+02 -7.497716958649050412e+01 -8.080684176008190889e+01 8.376799107605626205e+01 7.204709169555458459e+01 -1.360839634175377739e+02 -2.748815231728016073e+01 1.942982377318035248e+01 2.163669672754477968e+00 -1.897085681327423501e+01 6.174201584762053585e+01 -1.145004359183397327e+02 -1.977061426567541105e+02 -1.098435581697846857e+02 0.000000000000000000e+00 0.000000000000000000e+00 0.000000000000000000e+00 0.000000000000000000e+00 0.000000000000000000e+00 0.000000000000000000e+00 0.000000000000000000e+00 0.000000000000000000e+00 0.000000000000000000e+00 0.000000000000000000e+00 -4.691025809449604986e-11 -2.091640928711129183e-08 -1.728816434755192950e-07 -5.953811056280548264e-07 -1.534728197751545444e-06 -3.511019699925305908e-06 -7.373203305295525989e-06 -1.477550477755624579e-05 -2.892037634096650213e-05 -5.556766127922393663e-05 -1.047532580456091367e-04 -1.951888204564785560e-04 -3.650095438563908182e-04 -6.744619493505520612e-04 -1.238448083505225587e-03 -2.272677957759297943e-03 -4.183983459786351847e-03 -7.642120003405371113e-03 -1.392018598279300134e-02 -2.553881750682895566e-02 -4.670872103906865275e-02 -8.504452751940065613e-02 -1.545411052523676387e-01 -2.825181004735967116e-01 -5.109445541550113878e-01 -9.214502486824048821e-01 -1.672219802019316415e+00 -3.027397695016089685e+00 -5.391523393287656951e+00 -9.516255182267810753e+00 -1.689716442326994539e+01 -2.887637995905635435e+01 -1.081040829074807696e+01 0.000000000000000000e+00 0.000000000000000000e+00 0.000000000000000000e+00 0.000000000000000000e+00 0.000000000000000000e+00 0.000000000000000000e+00 0.000000000000000000e+00 0.000000000000000000e+00 0.000000000000000000e+00 0.000000000000000000e+00 0.000000000000000000e+00 0.000000000000000000e+00 0.000000000000000000e+00 0.000000000000000000e+00 0.000000000000000000e+00 0.000000000000000000e+00 0.000000000000000000e+00 0.000000000000000000e+00 0.000000000000000000e+00 0.000000000000000000e+00 0.000000000000000000e+00 0.000000000000000000e+00 0.000000000000000000e+00 0.000000000000000000e+00 0.000000000000000000e+00 0.000000000000000000e+00 0.000000000000000000e+00 0.000000000000000000e+00 0.000000000000000000e+00 0.000000000000000000e+00 0.000000000000000000e+00 0.000000000000000000e+00 0.000000000000000000e+00 0.000000000000000000e+00 0.000000000000000000e+00 0.000000000000000000e+00 0.000000000000000000e+00 0.000000000000000000e+00 0.000000000000000000e+00 0.000000000000000000e+00 0.000000000000000000e+00 0.000000000000000000e+00 0.000000000000000000e+00 0.000000000000000000e+00 0.000000000000000000e+00 0.000000000000000000e+00 0.000000000000000000e+00
-9.457499847477043886e+01 7.885749402590192039e+04 6.519169512265044032e+05 -1.876143454163563149e+02 8.540223553353505849e+04 2.930045434253690109e+04 2.308381277194547874e+04 -2.304240526292914728e+04 1.284956528565199005e+04 8.731995638955094910e+04 4.383109634503642155e+03 -5.561933033186605826e+03 -6.277301335182645516e+02 4.217243331734670210e+04 -3.347573128835056559e+04 6.208067185012494156e+04 1.071937418105675169e+05 3.137863175650291305e+04 0.000000000000000000e+00 0.000000000000000000e+00 0.000000000000000000e+00 0.000000000000000000e+00 0.000000000000000000e+00 0.000000000000000000e+00 0.000000000000000000e+00 0.000000000000000000e+00 0.000000000000000000e+00 0.000000000000000000e+00 8.075030783387947172e-06 3.403312858142002253e-03 2.549578713078666514e-02 7.728996155924783285e-02 1.721763857285160126e-01 3.344105248746460646e-01 5.912759794356451382e-01 9.908159090816986980e-01 1.607541253466697739e+00 2.539618357218015099e+00 3.926333792975520431e+00 5.979006707239733487e+00 9.055166819060458394e+00 1.354183709523853985e+01 2.008017622721344964e+01 2.964069875364532081e+01 4.364990701927507644e+01 6.379630740754253537e+01 9.290206349909146866e+01 1.355537255822046632e+02 1.969683170948330542e+02 2.849407203690992105e+02 4.114763939205932388e+02 5.937938496609293679e+02 8.495694782012724318e+02 1.212456664579264043e+03 1.736473052709915464e+03 2.478223053186897232e+03 3.481701692221542999e+03 4.856378180505020282e+03 6.797457833794581347e+03 9.230810231843841393e+03 3.064216276347150597e+03 0.000000000000000000e+00 0.000000000000000000e+00 0.000000000000000000e+00 0.000000000000000000e+00 0.000000000000000000e+00 0.000000000000000000e+00 0.000000000000000000e+00 0.000000000000000000e+00 0.000000000000000000e+00 0.000000000000000000e+00 0.000000000000000000e+00 0.000000000000000000e+00 0.000000000000000000e+00 0.000000000000000000e+00 0.000000000000000000e+00 0.000000000000000000e+00 0.000000000000000000e+00 0.000000000000000000e+00 0.000000000000000000e+00 0.000000000000000000e+00 0.000000000000000000e+00 0.000000000000000000e+00 0.000000000000000000e+00 0.000000000000000000e+00 0.000000000000000000e+00 0.000000000000000000e+00 0.000000000000000000e+00 0.000000000000000000e+00 0.000000000000000000e+00 0.000000000000000000e+00 0.000000000000000000e+00 0.000000000000000000e+00 0.000000000000000000e+00 0.000000000000000000e+00 0.000000000000000000e+00 0.000000000000000000e+00 0.000000000000000000e+00 0.000000000000000000e+00 0.000000000000000000e+00 0.000000000000000000e+00 0.000000000000000000e+00 0.000000000000000000e+00 0.000000000000000000e+00 0.000000000000000000e+00 0.000000000000000000e+00 0.000000000000000000e+00 0.000000000000000000e+00
-4.694164768773448770e+01 2.710482859079954142e+04 2.236646704293524090e+05 -7.497716958649050412e+01 2.930045434253690109e+04 1.171255645546579217e+04 7.865852575606072605e+03 -7.106898495384615671e+03 2.593717547778625431e+03 2.882923425344781208e+04 2.096164573883321282e+03 -2.207273264267462764e+03 -2.428847233874553240e+02 1.145800322985474304e+04 -1.150624895871498666e+04 2.133831400661308726e+04 3.684453879332648648e+04 1.069232773022882429e+04 0.000000000000000000e+00 0.000000000000000000e+00 0.000000000000000000e+00 0.000000000000000000e+00 0.000000000000000000e+00 0.000000000000000000e+00 0.000000000000000000e+00 0.000000000000000000e+00 0.000000000000000000e+00 0.000000000000000000e+00 -8.643271077680723865e-06 -3.538344036563201810e-03 -2.541832594120779082e-02 -7.340321476341636620e-02 -1.551619955195975842e-01 -2.845573308621691111e-01 -4.737270537589241548e-01 -7.447687729749133956e-01 -1.127856113141408212e+00 -1.653914399259694745e+00 -2.361357455390225457e+00 -3.299245840763888271e+00 -4.537460221769178403e+00 -6.107893521525837421e+00 -8.057142829631585457e+00 -1.041061353378282917e+01 -1.312343085304761203e+01 -1.599508995211220608e+01 -1.867242674376355183e+01 -2.039726760743587164e+01 -1.974232056960048354e+01 -1.435490880252797297e+01 -2.301122101597980474e-01 2.979313671362208993e+01 8.506875297451557572e+01 1.817617501557685955e+02 3.476997972760921130e+02 6.210310983570017243e+02 1.045928914848399927e+03 1.700407462360655472e+03 2.724920375404547940e+03 4.160545707806348219e+03 1.465091502315999151e+03 0.000000000000000000e+00 0.000000000000000000e+00 0.000000000000000000e+00 0.000000000000000000e+00 0.000000000000000000e+00 0.000000000000000000e+00 0.000000000000000000e+00 0.000000000000000000e+00 0.000000000000000000e+00 0.000000000000000000e+00 0.000000000000000000e+00 0.000000000000000000e+00 0.000000000000000000e+00 0.000000000000000000e+00 0.000000000000000000e+00 0.000000000000000000e+00 0.000000000000000000e+00 0.000000000000000000e+00 0.000000000000000000e+00 0.000000000000000000e+00 0.000000000000000000e+00 0.000000000000000000e+00 0.000000000000000000e+00 0.000000000000000000e+00 0.000000000000000000e+00 0.000000000000000000e+00 0.000000000000000000e+00 0.000000000000000000e+00 0.000000000000000000e+00 0.000000000000000000e+00 0.000000000000000000e+00 0.000000000000000000e+00 0.000000000000000000e+00 0.000000000000000000e+00 0.000000000000000000e+00 0.000000000000000000e+00 0.000000000000000000e+00 0.000000000000000000e+00 0.000000000000000000e+00 0.000000000000000000e+00 0.000000000000000000e+00 0.000000000000000000e+00 0.000000000000000000e+00 0.000000000000000000e+00 0.000000000000000000e+00 0.000000000000000000e+00 0.000000000000000000e+00
-2.508535035775351929e+01 1.840535962212038066e+04 1.762100107913560059e+05 -8.080684176008190889e+01 2.308381277194547874e+04 7.865852575606072605e+03 9.389884928629624483e+03 -9.658782092140310851e+03 -4.012171021252484934e+03 1.911028510881187322e+04 2.270607112291590965e+03 -1.874578843921656016e+03 -2.138970836862773979e+02 7.046104611530370676e+03 -7.813244392133250585e+03 1.448964496144254190e+04 2.501904722734627649e+04 1.276399805882559667e+04 0.000000000000000000e+00 0.000000000000000000e+00 0.000000000000000000e+00 0.000000000000000000e+00 0.000000000000000000e+00 0.000000000000000000e+00 0.000000000000000000e+00 0.000000000000000000e+00 0.000000000000000000e+00 0.000000000000000000e+00 4.780130387816928116e-06 1.915917776026592433e-03 1.347627253548105974e-02 3.835132728458644918e-02 8.049341110854503489e-02 1.476720149234605484e-01 2.478342307059520078e-01 3.957178082575488198e-01 6.136755317309270374e-01 9.305808131721123866e-01 1.385876279876188999e+00 2.040362855923441465e+00 2.995848384744602466e+00 4.357128319791999438e+00 6.304180922791013941e+00 9.104851642824208113e+00 1.314972841143026727e+01 1.889865246357793183e+01 2.711859771642812333e+01 3.903801584216042642e+01 5.607849480085231875e+01 8.036244194901341587e+01 1.149945149979468226e+02 1.647448555118205320e+02 2.343404137212284013e+02 3.327719473035934357e+02 4.743578891055666986e+02 6.741659239752532358e+02 9.450698740453347000e+02 1.314465552488252797e+03 1.830692911457100081e+03 2.466090719493979577e+03 8.126274645207739695e+02 0.000000000000000000e+00 0.000000000000000000e+00 0.000000000000000000e+00 0.000000000000000000e+00 0.000000000000000000e+00 0.000000000000000000e+00 0.000000000000000000e+00 0.000000000000000000e+00 0.000000000000000000e+00 0.000000000000000000e+00 0.000000000000000000e+00 0.000000000000000000e+00 0.000000000000000000e+00 0.000000000000000000e+00 0.000000000000000000e+00 0.000000000000000000e+00 0.000000000000000000e+00 0.000000000000000000e+00 0.000000000000000000e+00 0.000000000000000000e+00 0.000000000000000000e+00 0.000000000000000000e+00 0.000000000000000000e+00 0.000000000000000000e+00 0.000000000000000000e+00 0.000000000000000000e+00 0.000000000000000000e+00 0.000000000000000000e+00 0.000000000000000000e+00 0.000000000000000000e+00 0.000000000000000000e+00 0.000000000000000000e+00 0.000000000000000000e+00 0.000000000000000000e+00 0.000000000000000000e+00 0.000000000000000000e+00 0.000000000000000000e+00 0.000000000000000000e+00 0.000000000000000000e+00 0.000000000000000000e+00 0.000000000000000000e+00 0.000000000000000000e+00 0.000000000000000000e+00 0.000000000000000000e+00 0.000000000000000000e+00 0.000000000000000000e+00 0.000000000000000000e+00
4.975377952432970541e-01 -1.810846203996848999e+04 -1.758939270627841470e+05 8.376799107605626205e+01 -2.304240526292914728e+04 -7.106898495384615671e+03 -9.658782092140310851e+03 1.215543764448200272e+04 6.410528423326115444e+03 -1.886508156350494028e+04 -2.514094286657247267e+03 1.959976622421811953e+03 2.283932499244698420e+02 -7.327546232343533120e+03 7.687208638612943105e+03 -1.425591192695614518e+04 -2.461546398952593881e+04 -1.312951935106309429e+04 -0.000000000000000000e+00 -0.000000000000000000e+00 -0.000000000000000000e+00 -0.000000000000000000e+00 -0.000000000000000000e+00 -0.000000000000000000e+00 -0.000000000000000000e+00 -0.000000000000000000e+00 -0.000000000000000000e+00 -0.000000000000000000e+00 -8.105944487800948307e-06 -3.260985881959740582e-03 -2.338068138787191552e-02 -6.876039009111849232e-02 -1.501150144282999421e-01 -2.872988121934478278e-01 -5.006950565420018595e-01 -8.264193275977100850e-01 -1.314940066685142073e+00 -2.019249097739562071e+00 -3.012574774655497389e+00 -4.380824079561225659e+00 -6.256034886414352236e+00 -8.704481072646844453e+00 -1.192197586044887814e+01 -1.622435974252083213e+01 -2.311026392993741752e+01 -3.671674330897637617e+01 -5.144255902963668348e+01 -7.158332747851723354e+01 -9.878479144097978804e+01 -1.340113845585024137e+02 -1.793957499100980613e+02 -2.396689663468445417e+02 -3.147036392709926531e+02 -4.200286339234233992e+02 -5.846761617638831012e+02 -8.209396094434001725e+02 -9.874917255522923369e+02 -1.180207050865275505e+03 -1.848998989560344626e+03 -2.017758444204843272e+03 -5.451436120475168536e+02 -0.000000000000000000e+00 -0.000000000000000000e+00 -0.000000000000000000e+00 -0.000000000000000000e+00 -0.000000000000000000e+00 -0.000000000000000000e+00 -0.000000000000000000e+00 -0.000000000000000000e+00 -0.000000000000000000e+00 -0.000000000000000000e+00 -0.000000000000000000e+00 -0.000000000000000000e+00 -0.000000000000000000e+00 -0.000000000000000000e+00 -0.000000000000000000e+00 -0.000000000000000000e+00 -0.000000000000000000e+00 -0.000000000000000000e+00 -0.000000000000000000e+00 -0.000000000000000000e+00 -0.000000000000000000e+00 -0.000000000000000000e+00 -0.000000000000000000e+00 -0.000000000000000000e+00 -0.000000000000000000e+00 -0.000000000000000000e+00 -0.000000000000000000e+00 -0.000000000000000000e+00 -0.000000000000000000e+00 -0.000000000000000000e+00 -0.000000000000000000e+00 -0.000000000000000000e+00 -0.000000000000000000e+00 -0.000000000000000000e+00 -0.000000000000000000e+00 -0.000000000000000000e+00 -0.000000000000000000e+00 -0.000000000000000000e+00 -0.000000000000000000e+00 -0.000000000000000000e+00 -0.000000000000000000e+00 -0.000000000000000000e+00 -0.000000000000000000e+00 -0.000000000000000000e+00 -0.000000000000000000e+00 -0.000000000000000000e+00 -0.000000000000000000e+00
1.776745933020000834e+01 1.877758494570593757e+04 9.808700408455723664e+04 7.204709169555458459e+01 1.284956528565199005e+04 2.593717547778625431e+03 -4.012171021252484934e+03 6.410528423326115444e+03 2.683375957478028795e+04 2.626039854801655019e+04 -3.547102805195122528e+03 8.280921299773883675e+02 9.206365395658035311e+01 2.266572985797516958e+04 -7.971257464511335456e+03 1.478267986514149743e+04 2.552502609117726024e+04 -5.453883994978506962e+03 0.000000000000000000e+00 0.000000000000000000e+00 0.000000000000000000e+00 0.000000000000000000e+00 0.000000000000000000e+00 0.000000000000000000e+00 0.000000000000000000e+00 0.000000000000000000e+00 0.000000000000000000e+00 0.000000000000000000e+00 7.625456583793577370e-06 3.332224322439105314e-03 2.548347125869166938e-02 7.748239381250157654e-02 1.705722711197726893e-01 3.242180262665242951e-01 5.564502312625769775e-01 9.018874885906230654e-01 1.408599957635186195e+00 2.128892102454676749e+00 3.138874663637462259e+00 4.536907553151069195e+00 6.484062720413626302e+00 9.104062893129592382e+00 1.267248904635820494e+01 1.761390397149200737e+01 2.522592681418062099e+01 3.853008723218671605e+01 5.427837361440442265e+01 7.614001646344348728e+01 1.059633596132063076e+02 1.454322464224260614e+02 1.973092373276539035e+02 2.655685086181749170e+02 3.495452857553237891e+02 4.569714891566679285e+02 5.992303678590540130e+02 7.648543640741822855e+02 8.318227190825901971e+02 7.913341625437265066e+02 7.680134256986216315e+02 3.429436151758212503e+01 -2.044594681441792829e+02 0.000000000000000000e+00 0.000000000000000000e+00 0.000000000000000000e+00 0.000000000000000000e+00 0.000000000000000000e+00 0.000000000000000000e+00 0.000000000000000000e+00 0.000000000000000000e+00 0.000000000000000000e+00 0.000000000000000000e+00 0.000000000000000000e+00 0.000000000000000000e+00 0.000000000000000000e+00 0.000000000000000000e+00 0.000000000000000000e+00 0.000000000000000000e+00 0.000000000000000000e+00 0.000000000000000000e+00 0.000000000000000000e+00 0.000000000000000000e+00 0.000000000000000000e+00 0.000000000000000000e+00 0.000000000000000000e+00 0.000000000000000000e+00 0.000000000000000000e+00 0.000000000000000000e+00 0.000000000000000000e+00 0.000000000000000000e+00 0.000000000000000000e+00 0.000000000000000000e+00 0.000000000000000000e+00 0.000000000000000000e+00 0.000000000000000000e+00 0.000000000000000000e+00 0.000000000000000000e+00 0.000000000000000000e+00 0.000000000000000000e+00 0.000000000000000000e+00 0.000000000000000000e+00 0.000000000000000000e+00 0.000000000000000000e+00 0.000000000000000000e+00 0.000000000000000000e+00 0.000000000000000000e+00 0.000000000000000000e+00 0.000000000000000000e+00 0.000000000000000000e+00
-7.154546996551680138e+01 8.477651313581953582e+04 6.665558506176853552e+05 -1.360839634175377739e+02 8.731995638955094910e+04 2.882923425344781208e+04 1.911028510881187322e+04 -1.886508156350494028e+04 2.626039854801655019e+04 9.687932389647302625e+04 2.264386619381356468e+03 -4.828186010795769107e+03 -5.467912225975898082e+02 5.233257532395396265e+04 -3.598840932436742150e+04 6.674042787682187918e+04 1.152396709144256602e+05 2.597727702591527850e+04 0.000000000000000000e+00 0.000000000000000000e+00 0.000000000000000000e+00 0.000000000000000000e+00 0.000000000000000000e+00 0.000000000000000000e+00 0.000000000000000000e+00 0.000000000000000000e+00 0.000000000000000000e+00 0.000000000000000000e+00 1.161235788287303716e-05 4.961202674921921796e-03 3.766873933591520507e-02 1.154457305317557053e-01 2.590245197320855675e-01 5.052401842421040401e-01 8.935773245867336678e-01 1.494337802944900817e+00 2.411977187371146858e+00 3.773625859367752078e+00 5.760928305247194459e+00 8.629763170707910547e+00 1.280562129086555245e+01 1.869674104318524144e+01 2.704415967870722781e+01 3.898537759124666024e+01 5.695794240184769563e+01 8.556827611992216021e+01 1.232177341999705362e+02 1.773074013606262724e+02 2.537479963791924149e+02 3.602225384841988785e+02 5.090647283945005483e+02 7.184458229145624273e+02 1.002808317278193272e+03 1.400714594619280888e+03 1.975512537559134671e+03 2.774920250889286308e+03 3.717045341001247834e+03 4.933640358711463705e+03 6.847163714096073818e+03 8.640530575915672671e+03 2.720475247902923002e+03 0.000000000000000000e+00 0.000000000000000000e+00 0.000000000000000000e+00 0.000000000000000000e+00 0.000000000000000000e+00 0.000000000000000000e+00 0.000000000000000000e+00 0.000000000000000000e+00 0.000000000000000000e+00 0.000000000000000000e+00 0.000000000000000000e+00 0.000000000000000000e+00 0.000000000000000000e+00 0.000000000000000000e+00 0.000000000000000000e+00 0.000000000000000000e+00 0.000000000000000000e+00 0.000000000000000000e+00 0.000000000000000000e+00 0.000000000000000000e+00 0.000000000000000000e+00 0.000000000000000000e+00 0.000000000000000000e+00 0.000000000000000000e+00 0.000000000000000000e+00 0.000000000000000000e+00 0.000000000000000000e+00 0.000000000000000000e+00 0.000000000000000000e+00 0.000000000000000000e+00 0.000000000000000000e+00 0.000000000000000000e+00 0.000000000000000000e+00 0.000000000000000000e+00 0.000000000000000000e+00 0.000000000000000000e+00 0.000000000000000000e+00 0.000000000000000000e+00 0.000000000000000000e+00 0.000000000000000000e+00 0.000000000000000000e+00 0.000000000000000000e+00 0.000000000000000000e+00 0.000000000000000000e+00 0.000000000000000000e+00 0.000000000000000000e+00 0.000000000000000000e+00
-1.674381884291937794e+01 3.044405835170907721e+03 3.345841536776989960e+04 -2.748815231728016073e+01 4.383109634503643065e+03 2.096164573883321282e+03 2.270607112291590965e+03 -2.514094286657247267e+03 -3.547102805195122528e+03 2.264386619381356468e+03 1.004882938865633264e+03 -6.109575837158268996e+02 -6.730048830541313976e+01 -9.971090434440495756e+02 -1.292378269557902968e+03 2.396712728022668671e+03 4.138367026407202502e+03 3.086515435911219811e+03 0.000000000000000000e+00 0.000000000000000000e+00 0.000000000000000000e+00 0.000000000000000000e+00 0.000000000000000000e+00 0.000000000000000000e+00 0.000000000000000000e+00 0.000000000000000000e+00 0.000000000000000000e+00 0.000000000000000000e+00 -2.413619602750855130e-06 -1.014246150496651497e-03 -7.477916138467159864e-03 -2.211774059629885436e-02 -4.768498256366767579e-02 -8.906657121163905066e-02 -1.503771917541578962e-01 -2.397398735439414674e-01 -3.674522695894646418e-01 -5.422596685199738697e-01 -7.766024740506426438e-01 -1.081525194271245383e+00 -1.472345977187655475e+00 -1.941131736121208595e+00 -2.505902338467225654e+00 -3.197968451712211113e+00 -4.381875421309471719e+00 -7.203450595391342581e+00 -9.679977570107133999e+00 -1.277628671218609391e+01 -1.653750142836867809e+01 -2.054264274681341362e+01 -2.425577017811584568e+01 -2.718226449037545223e+01 -2.686312450882057590e+01 -2.314480829084819646e+01 -1.606271330672944231e+01 2.964290535211040467e+00 9.086885575110245838e+01 2.510366298282757782e+02 4.143941205009392093e+02 8.974751422312116347e+02 3.724090067218718332e+02 0.000000000000000000e+00 0.000000000000000000e+00 0.000000000000000000e+00 0.000000000000000000e+00 0.000000000000000000e+00 0.000000000000000000e+00 0.000000000000000000e+00 0.000000000000000000e+00 0.000000000000000000e+00 0.000000000000000000e+00 0.000000000000000000e+00 0.000000000000000000e+00 0.000000000000000000e+00 0.000000000000000000e+00 0.000000000000000000e+00 0.000000000000000000e+00 0.000000000000000000e+00 0.000000000000000000e+00 0.000000000000000000e+00 0.000000000000000000e+00 0.000000000000000000e+00 0.000000000000000000e+00 0.000000000000000000e+00 0.000000000000000000e+00 0.000000000000000000e+00 0.000000000000000000e+00 0.000000000000000000e+00 0.000000000000000000e+00 0.000000000000000000e+00 0.000000000000000000e+00 0.000000000000000000e+00 0.000000000000000000e+00 0.000000000000000000e+00 0.000000000000000000e+00 0.000000000000000000e+00 0.000000000000000000e+00 0.000000000000000000e+00 0.000000000000000000e+00 0.000000000000000000e+00 0.000000000000000000e+00 0.000000000000000000e+00 0.000000000000000000e+00 0.000000000000000000e+00 0.000000000000000000e+00 0.000000000000000000e+00 0.000000000000000000e+00 0.000000000000000000e+00
1.220937278198154097e+01 -4.792879965050189639e+03 -4.245694978906261531e+04 1.942982377318035248e+01 -5.561933033186605826e+03 -2.207273264267462764e+03 -1.874578843921656016e+03 1.959976622421811953e+03 8.280921299773883675e+02 -4.828186010795770017e+03 -6.109575837158270133e+02 5.023193168383259604e+02 5.572577737720339996e+01 -1.414043712372479149e+03 2.034621614461126228e+03 -3.773201418619592005e+03 -6.515128889765092026e+03 -2.548180399099258011e+03 0.000000000000000000e+00 0.000000000000000000e+00 0.000000000000000000e+00 0.000000000000000000e+00 0.000000000000000000e+00 0.000000000000000000e+00 0.000000000000000000e+00 0.000000000000000000e+00 0.000000000000000000e+00 0.000000000000000000e+00 1.017708369479584746e-06 4.220235818847615605e-04 3.057109305411794941e-03 8.874587215657491618e-03 1.875915020776052280e-02 3.429532505233084949e-02 5.653880228878366276e-02 8.781172244983194430e-02 1.305218560084025203e-01 1.853445144518269805e-01 2.531731711551682973e-01 3.313621649217987075e-01 4.136318115011384799e-01 4.803193097422688851e-01 5.150894312791706176e-01 4.951574610304222412e-01 5.514072689165260277e-01 1.207931889038210249e+00 1.328708322197488689e+00 1.227582177274385788e+00 7.205195395334489383e-01 -7.190098895526254585e-01 -3.848510788071838107e+00 -9.593119266486423768e+00 -1.990645610191915438e+01 -3.616105872986462799e+01 -6.039319625512677447e+01 -9.910458830293148935e+01 -1.831578099652570302e+02 -3.181400620750843586e+02 -4.749588496535875493e+02 -8.138637882981159919e+02 -3.079339684811041593e+02 0.000000000000000000e+00 0.000000000000000000e+00 0.000000000000000000e+00 0.000000000000000000e+00 0.000000000000000000e+00 0.000000000000000000e+00 0.000000000000000000e+00 0.000000000000000000e+00 0.000000000000000000e+00 0.000000000000000000e+00 0.000000000000000000e+00 0.000000000000000000e+00 0.000000000000000000e+00 0.000000000000000000e+00 0.000000000000000000e+00 0.000000000000000000e+00 0.000000000000000000e+00 0.000000000000000000e+00 0.000000000000000000e+00 0.000000000000000000e+00 0.000000000000000000e+00 0.000000000000000000e+00 0.000000000000000000e+00 0.000000000000000000e+00 0.000000000000000000e+00 0.000000000000000000e+00 0.000000000000000000e+00 0.000000000000000000e+00 0.000000000000000000e+00 0.000000000000000000e+00 0.000000000000000000e+00 0.000000000000000000e+00 0.000000000000000000e+00 0.000000000000000000e+00 0.000000000000000000e+00 0.000000000000000000e+00 0.000000000000000000e+00 0.000000000000000000e+00 0.000000000000000000e+00 0.000000000000000000e+00 0.000000000000000000e+00 0.000000000000000000e+00 0.000000000000000000e+00 0.000000000000000000e+00 0.000000000000000000e+00 0.000000000000000000e+00 0.000000000000000000e+00
1.229844806713540573e+00 -5.387828836729386239e+02 -4.791770523097621663e+03 2.163669672754477968e+00 -6.277301335182645516e+02 -2.428847233874553240e+02 -2.138970836862773979e+02 2.283932499244698420e+02 9.206365395658035311e+01 -5.467912225975899219e+02 -6.730048830541315397e+01 5.572577737720339996e+01 6.211134908495772322e+00 -1.697907993107458537e+02 2.287182880890646572e+02 -4.241575745328306084e+02 -7.323863640077097443e+02 -2.907577655862230017e+02 0.000000000000000000e+00 0.000000000000000000e+00 0.000000000000000000e+00 0.000000000000000000e+00 0.000000000000000000e+00 0.000000000000000000e+00 0.000000000000000000e+00 0.000000000000000000e+00 0.000000000000000000e+00 0.000000000000000000e+00 7.884954721683923591e-08 3.290921397049727145e-05 2.385986667116156792e-04 6.891379384165809184e-04 1.441816874930863931e-03 2.597697862324644356e-03 4.203439626670474848e-03 6.386504775104277082e-03 9.240473342381332403e-03 1.267570066789661630e-02 1.656304975457522158e-02 2.037466263271071193e-02 2.307226688176415921e-02 2.245168597341024030e-02 1.625133203110388364e-02 1.190046438712377783e-03 -1.390770694991540733e-02 1.195631796045672213e-02 -2.011001471147269917e-02 -9.099482132295896863e-02 -2.242795468583926866e-01 -4.763041068839845016e-01 -9.302154517599244832e-01 -1.693411364307179756e+00 -2.962834977629397848e+00 -4.921052711866154894e+00 -7.854831089981446191e+00 -1.245042918539223820e+01 -2.141235586824997128e+01 -3.555759938945370635e+01 -5.318224112995832087e+01 -8.765413056899488708e+01 -3.251371095593436422e+01 0.000000000000000000e+00 0.000000000000000000e+00 0.000000000000000000e+00 0.000000000000000000e+00 0.000000000000000000e+00 0.000000000000000000e+00 0.000000000000000000e+00 0.000000000000000000e+00 0.000000000000000000e+00 0.000000000000000000e+00 0.000000000000000000e+00 0.000000000000000000e+00 0.000000000000000000e+00 0.000000000000000000e+00 0.000000000000000000e+00 0.000000000000000000e+00 0.000000000000000000e+00 0.000000000000000000e+00 0.000000000000000000e+00 0.000000000000000000e+00 0.000000000000000000e+00 0.000000000000000000e+00 0.000000000000000000e+00 0.000000000000000000e+00 0.000000000000000000e+00 0.000000000000000000e+00 0.000000000000000000e+00 0.000000000000000000e+00 0.000000000000000000e+00 0.000000000000000000e+00 0.000000000000000000e+00 0.000000000000000000e+00 0.000000000000000000e+00 0.000000000000000000e+00 0.000000000000000000e+00 0.000000000000000000e+00 0.000000000000000000e+00 0.000000000000000000e+00 0.000000000000000000e+00 0.000000000000000000e+00 0.000000000000000000e+00 0.000000000000000000e+00 0.000000000000000000e+00 0.000000000000000000e+00 0.000000000000000000e+00 0.000000000000000000e+00 0.000000000000000000e+00
1.950189533366958017e+01 4.296049335839276318e+04 3.219227691440468188e+05 -1.897085681327423856e+01 4.217243331734670210e+04 1.145800322985474304e+04 7.046104611530370676e+03 -7.327546232343533120e+03 2.266572985797516958e+04 5.233257532395396265e+04 -9.971090434440484387e+02 -1.414043712372479149e+03 -1.697907993107459106e+02 3.442820848097722046e+04 -1.823712444131370285e+04 3.382070814760904614e+04 5.839769688346349722e+04 9.578015733679627374e+03 0.000000000000000000e+00 0.000000000000000000e+00 0.000000000000000000e+00 0.000000000000000000e+00 0.000000000000000000e+00 0.000000000000000000e+00 0.000000000000000000e+00 0.000000000000000000e+00 0.000000000000000000e+00 0.000000000000000000e+00 1.834818232808595287e-05 7.680638353517720354e-03 5.686969805672251188e-02 1.701193265253791997e-01 3.729993757072799232e-01 7.113417576216687355e-01 1.229990337375815646e+00 2.011422690419552239e+00 3.170547607795649814e+00 4.830090279237776230e+00 7.163977262634300125e+00 1.038651017105346241e+01 1.483825994071961674e+01 2.073867088668695402e+01 2.863433895116602912e+01 3.938434913817599181e+01 5.625402519884733010e+01 8.762329869504772262e+01 1.230999059536221125e+02 1.719866388309719412e+02 2.383482484741893472e+02 3.252462436417404206e+02 4.383635275745143645e+02 5.878701397411598464e+02 7.728612874184727843e+02 1.020708597666768696e+03 1.379109941678457290e+03 1.849837783891853178e+03 2.125354461157126480e+03 2.310695354586538997e+03 3.086460370958465774e+03 2.458882873589456267e+03 4.225568144662432815e+02 0.000000000000000000e+00 0.000000000000000000e+00 0.000000000000000000e+00 0.000000000000000000e+00 0.000000000000000000e+00 0.000000000000000000e+00 0.000000000000000000e+00 0.000000000000000000e+00 0.000000000000000000e+00 0.000000000000000000e+00 0.000000000000000000e+00 0.000000000000000000e+00 0.000000000000000000e+00 0.000000000000000000e+00 0.000000000000000000e+00 0.000000000000000000e+00 0.000000000000000000e+00 0.000000000000000000e+00 0.000000000000000000e+00 0.000000000000000000e+00 0.000000000000000000e+00 0.000000000000000000e+00 0.000000000000000000e+00 0.000000000000000000e+00 0.000000000000000000e+00 0.000000000000000000e+00 0.000000000000000000e+00 0.000000000000000000e+00 0.000000000000000000e+00 0.000000000000000000e+00 0.000000000000000000e+00 0.000000000000000000e+00 0.000000000000000000e+00 0.000000000000000000e+00 0.000000000000000000e+00 0.000000000000000000e+00 0.000000000000000000e+00 0.000000000000000000e+00 0.000000000000000000e+00 0.000000000000000000e+00 0.000000000000000000e+00 0.000000000000000000e+00 0.000000000000000000e+00 0.000000000000000000e+00 0.000000000000000000e+00 0.000000000000000000e+00 0.000000000000000000e+00
