1.345473980323846463e+00 1.220343813821459733e+01 1.348972562889031508e+02 -3.791965066496106457e-02 1.249553426248739463e+01 5.498392761464246270e+00 3.565686309351887573e+00 4.049502945866154668e+00 9.939707346303980895e-01 1.537319235295622910e+01 4.491847369825637593e+00
1.220343813821459733e+01 9.626395904842664095e+03 1.036671866547125246e+05 -1.536694163856141060e+01 9.602692585276814498e+03 3.001252865403262149e+03 2.449775046440619008e+03 2.039174425944623636e+03 1.943652963725977997e+03 1.212678216046643138e+04 3.086086280264770721e+03
1.348972562889031508e+02 1.036671866547125246e+05 1.152371297368732514e+06 -2.003193184162513774e+02 1.067441653412084124e+05 3.325904011271182389e+04 3.114091829970353501e+04 2.581072887493163580e+04 1.562810130433233826e+04 1.305939836858038179e+05 3.922954512055875966e+04
-3.791965066496106457e-02 -1.536694163856141060e+01 -2.003193184162513774e+02 7.012186520422768188e-02 -1.855558056234757913e+01 -6.740899616657663351e+00 -8.518761702772421174e+00 -7.031641564459958360e+00 3.745478244173344518e+00 -1.935839285704933843e+01 -1.073144803804260761e+01
1.249553426248739463e+01 9.602692585276814498e+03 1.067441653412084124e+05 -1.855558056234757913e+01 9.887713153224538473e+03 3.080785233880402302e+03 2.884583588163578497e+03 2.390848085937028827e+03 1.447631187454868723e+03 1.209692207620474073e+04 3.633833175271640357e+03
5.498392761464246270e+00 3.001252865403262149e+03 3.325904011271182389e+04 -6.740899616657663351e+00 3.080785233880402302e+03 1.134406162310057198e+03 8.879182663988331115e+02 6.852000714022053671e+02 3.259751967640521571e+02 3.780806447915970693e+03 1.118548572005115147e+03
3.565686309351887573e+00 2.449775046440619008e+03 3.114091829970353501e+04 -8.518761702772421174e+00 2.884583588163578497e+03 8.879182663988331115e+02 1.253046648161674511e+03 1.028376432621633512e+03 -2.069595041321752831e+02 3.086086280264770721e+03 1.578516392777386727e+03
4.049502945866154668e+00 2.039174425944623636e+03 2.581072887493163580e+04 -7.031641564459958360e+00 2.390848085937028827e+03 6.852000714022053671e+02 1.028376432621633512e+03 9.762989511158201594e+02 -2.612120839705727349e+02 2.568835137788653356e+03 1.295489724361586923e+03
9.939707346303980895e-01 1.943652963725977997e+03 1.562810130433233826e+04 3.745478244173344518e+00 1.447631187454868723e+03 3.259751967640521571e+02 -2.069595041321752831e+02 -2.612120839705727349e+02 1.520607095648241511e+03 2.448502671159890269e+03 -2.607157286546340629e+02
1.537319235295622910e+01 1.212678216046643138e+04 1.305939836858038179e+05 -1.935839285704933843e+01 1.209692207620474073e+04 3.780806447915970693e+03 3.086086280264770721e+03 2.568835137788653356e+03 2.448502671159890269e+03 1.527662554304745390e+04 3.887674724696116755e+03
4.491847369825637593e+00 3.086086280264770721e+03 3.922954512055875966e+04 -1.073144803804260761e+01 3.633833175271640357e+03 1.118548572005115147e+03 1.578516392777386727e+03 1.295489724361586923e+03 -2.607157286546340629e+02 3.887674724696116755e+03 1.988524534120488624e+03
