3.836640988198671387e+00 -3.790449087604009293e+01 -2.872607703667442252e+02 1.708725703472756263e-01 -4.253986298367325247e+01 -2.127435096373062251e+01 -1.169990496937480629e+01 -1.949358819082559702e+00 7.167797132921550407e+00 -5.332811661767470923e+01 -1.646068532256497008e+01
-3.790449087604009293e+01 2.665022280855822100e+04 1.979908477747877769e+05 -6.446771377189804753e+01 2.932006178778890171e+04 1.063213051561569591e+04 7.509574599571970793e+03 5.353962005759512067e+03 4.042562695407646970e+03 3.749440124310360989e+04 1.056527764229237800e+04
-2.872607703667442252e+02 1.979908477747877769e+05 1.524610209724291461e+06 -5.774731285969232886e+02 2.257764237782225246e+05 8.134781681824561383e+04 6.545824172045782325e+04 4.925414581545264082e+04 1.546470283387358722e+04 2.785548301887444686e+05 9.209369832910934929e+04
1.708725703472756263e-01 -6.446771377189804753e+01 -5.774731285969232886e+02 4.112441750581768418e-01 -8.551682060833938692e+01 -3.513174921460466749e+01 -3.590773406590889749e+01 -3.036390043867782040e+01 2.719605535765547444e+01 -9.070011702164345024e+01 -5.051886426876313152e+01
-4.253986298367325247e+01 2.932006178778890171e+04 2.257764237782225246e+05 -8.551682060833938692e+01 3.343477120181541250e+04 1.204663267125227685e+04 9.693577826117281802e+03 7.293946234608385566e+03 2.290136376074991404e+03 4.125061801700640353e+04 1.363796839916012141e+04
-2.127435096373062251e+01 1.063213051561569591e+04 8.134781681824561383e+04 -3.513174921460466749e+01 1.204663267125227685e+04 4.909871487400799197e+03 3.420772124938002889e+03 2.401619821595173107e+03 3.015004428042643667e+02 1.495842531918808163e+04 4.812710330228886050e+03
-1.169990496937480629e+01 7.509574599571970793e+03 6.545824172045782325e+04 -3.590773406590889749e+01 9.693577826117281802e+03 3.420772124938002889e+03 3.856959971140644939e+03 3.215415375651166869e+03 -1.484226140121882054e+03 1.056527764229237800e+04 5.426386329877002936e+03
-1.949358819082559702e+00 5.353962005759512067e+03 4.925414581545264082e+04 -3.036390043867782040e+01 7.293946234608385566e+03 2.401619821595173107e+03 3.215415375651166869e+03 3.231672227287552232e+03 -2.140631856222161332e+03 7.532529882632494264e+03 4.523792357157852166e+03
7.167797132921550407e+00 4.042562695407646970e+03 1.546470283387358722e+04 2.719605535765547444e+01 2.290136376074991404e+03 3.015004428042643667e+02 -1.484226140121882054e+03 -2.140631856222161332e+03 6.347442553916189354e+03 5.687512214845040035e+03 -2.088169049579643342e+03
-5.332811661767470923e+01 3.749440124310360989e+04 2.785548301887444686e+05 -9.070011702164345024e+01 4.125061801700640353e+04 1.495842531918808163e+04 1.056527764229237800e+04 7.532529882632494264e+03 5.687512214845040035e+03 5.275115839284440153e+04 1.486436950304556376e+04
-1.646068532256497008e+01 1.056527764229237800e+04 9.209369832910934929e+04 -5.051886426876313152e+01 1.363796839916012141e+04 4.812710330228886050e+03 5.426386329877002936e+03 4.523792357157852166e+03 -2.088169049579643342e+03 1.486436950304556376e+04 7.634424215288872801e+03
