0.0127286420450096332546152666509442497044801712036132812500000000 0.0987462914745936976013140906616172287613153457641601562500000000 1.1842688341109508520787585439393296837806701660156250000000000000 -0.0003046954512374336582029854536557422761688940227031707763671875 0.1003825470684007459265529860203969292342662811279296875000000000 0.0431042177810585444563962198571971384808421134948730468750000000 0.0295229030939097684960170653312161448411643505096435546875000000 0.0345863457285626452186733104099403135478496551513671875000000000 0.0086619540362751663853391193015340832062065601348876953125000000 0.1225033480967673005235241134869283996522426605224609375000000000 0.0366257245769162215198733179022383410483598709106445312500000000
0.0987462914745936976013140906616172287613153457641601562500000000 87.2850800717490642455231864005327224731445312500000000000000000000 1023.7073854590083783477894030511379241943359375000000000000000000000 -0.1378229082152623297119475864747073501348495483398437500000000000 86.7728271193201550204321392811834812164306640625000000000000000000 26.0107205057674732984196452889591455459594726562500000000000000000 23.2201394953747382032815949060022830963134765625000000000000000000 19.4503684481839940190184279344975948333740234375000000000000000000 17.1814984403223824926953966496512293815612792968750000000000000000 108.2847202462768336772569455206394195556640625000000000000000000000 28.8065991034129851300349400844424962997436523437500000000000000000
1.1842688341109508520787585439393296837806701660156250000000000000 1023.7073854590083783477894030511379241943359375000000000000000000000 12386.3560384400043403729796409606933593750000000000000000000000000000 -1.9433924768136598970613704295828938484191894531250000000000000000 1049.9085445984007947117788717150688171386718750000000000000000000000 313.6654655836549068226304370909929275512695312500000000000000000000 319.6309990882447777948982547968626022338867187500000000000000000000 266.3958778344702409413002897053956985473632812500000000000000000000 150.3727276608008480707212584093213081359863281250000000000000000000 1269.9978937678129113919567316770553588867187500000000000000000000000 396.5300059283659948050626553595066070556640625000000000000000000000
-0.0003046954512374336582029854536557422761688940227031707763671875 -0.1378229082152623297119475864747073501348495483398437500000000000 -1.9433924768136598970613704295828938484191894531250000000000000000 0.0006113652515700799790557273816204997274326160550117492675781250 -0.1647283802098657157220173985479050315916538238525390625000000000 -0.0586634831853939456292046372709592105820775032043457031250000000 -0.0773619892608623654917110457063245121389627456665039062500000000 -0.0637394974103869249582032807666109874844551086425781250000000000 0.0330173073241206149752713372436119243502616882324218750000000000 -0.1709812839416566809802588977618142962455749511718750000000000000 -0.0959742645354955403735885965943452902138233184814453125000000000
0.1003825470684007459265529860203969292342662811279296875000000000 86.7728271193201550204321392811834812164306640625000000000000000000 1049.9085445984007947117788717150688171386718750000000000000000000000 -0.1647283802098657157220173985479050315916538238525390625000000000 88.9937241106111684985080501064658164978027343750000000000000000000 26.5873232966740289384688367135822772979736328125000000000000000000 27.0929816662638778268501482671126723289489746093750000000000000000 22.5805965464099251960305991815403103828430175781250000000000000000 12.7460902266722637676821250352077186107635498046875000000000000000 107.6492259830705933154604281298816204071044921875000000000000000000 33.6111960710503936411441827658563852310180664062500000000000000000
0.0431042177810585444563962198571971384808421134948730468750000000 26.0107205057674732984196452889591455459594726562500000000000000000 313.6654655836549068226304370909929275512695312500000000000000000000 -0.0586634831853939456292046372709592105820775032043457031250000000 26.5873232966740289384688367135822772979736328125000000000000000000 9.6732759940207611037976676016114652156829833984375000000000000000 7.9904202584510244378179777413606643676757812500000000000000000000 6.1552704614558386708722537150606513023376464843750000000000000000 2.5547714048998106939336594223277643322944641113281250000000000000 32.2685571354908447005982452537864446640014648437500000000000000000 9.9128100887954424536019359948113560676574707031250000000000000000
0.0295229030939097684960170653312161448411643505096435546875000000 23.2201394953747382032815949060022830963134765625000000000000000000 319.6309990882447777948982547968626022338867187500000000000000000000 -0.0773619892608623654917110457063245121389627456665039062500000000 27.0929816662638778268501482671126723289489746093750000000000000000 7.9904202584510244378179777413606643676757812500000000000000000000 12.0644082531909226929656142601743340492248535156250000000000000000 9.9385602048975876243730454007163643836975097656250000000000000000 -1.7944294948843533266114036450744606554508209228515625000000000000 28.8065991034129851300349400844424962997436523437500000000000000000 14.9669459151528290163923884392715990543365478515625000000000000000
0.0345863457285626452186733104099403135478496551513671875000000000 19.4503684481839940190184279344975948333740234375000000000000000000 266.3958778344702409413002897053956985473632812500000000000000000000 -0.0637394974103869249582032807666109874844551086425781250000000000 22.5805965464099251960305991815403103828430175781250000000000000000 6.1552704614558386708722537150606513023376464843750000000000000000 9.9385602048975876243730454007163643836975097656250000000000000000 9.3689409218526016331907158019021153450012207031250000000000000000 -2.1977057376273028133084608271019533276557922363281250000000000000 24.1298708137440840459930768702179193496704101562500000000000000000 12.3296468371624854398760362528264522552490234375000000000000000000
0.0086619540362751663853391193015340832062065601348876953125000000 17.1814984403223824926953966496512293815612792968750000000000000000 150.3727276608008480707212584093213081359863281250000000000000000000 0.0330173073241206149752713372436119243502616882324218750000000000 12.7460902266722637676821250352077186107635498046875000000000000000 2.5547714048998106939336594223277643322944641113281250000000000000 -1.7944294948843533266114036450744606554508209228515625000000000000 -2.1977057376273028133084608271019533276557922363281250000000000000 13.4630825057494156737902812892571091651916503906250000000000000000 21.3151405772075754896377475233748555183410644531250000000000000000 -2.2261455874875313298844048404134809970855712890625000000000000000
0.1225033480967673005235241134869283996522426605224609375000000000 108.2847202462768336772569455206394195556640625000000000000000000000 1269.9978937678129113919567316770553588867187500000000000000000000000 -0.1709812839416566809802588977618142962455749511718750000000000000 107.6492259830705933154604281298816204071044921875000000000000000000 32.2685571354908447005982452537864446640014648437500000000000000000 28.8065991034129851300349400844424962997436523437500000000000000000 24.1298708137440840459930768702179193496704101562500000000000000000 21.3151405772075754896377475233748555183410644531250000000000000000 134.3365971501189903847262030467391014099121093750000000000000000000 35.7370872845120999272694461978971958160400390625000000000000000000
0.0366257245769162215198733179022383410483598709106445312500000000 28.8065991034129851300349400844424962997436523437500000000000000000 396.5300059283659948050626553595066070556640625000000000000000000000 -0.0959742645354955403735885965943452902138233184814453125000000000 33.6111960710503936411441827658563852310180664062500000000000000000 9.9128100887954424536019359948113560676574707031250000000000000000 14.9669459151528290163923884392715990543365478515625000000000000000 12.3296468371624854398760362528264522552490234375000000000000000000 -2.2261455874875313298844048404134809970855712890625000000000000000 35.7370872845120999272694461978971958160400390625000000000000000000 18.5677958939976690544426674023270606994628906250000000000000000000
