0.2202879854340122622868847201971220783889293670654296875000000000 0.7470287222522858927575839516066480427980422973632812500000000000 7.4166625764547662313930231903214007616043090820312500000000000000 -0.0019656153726599935593899459718159050680696964263916015625000000 0.7842572392319586693787414333201013505458831787109375000000000000 0.2751440985787746984492230239993659779429435729980468750000000000 0.2242752161550766731856754176988033577799797058105468750000000000 0.3880337507867513968662365186901297420263290405273437500000000000 0.1895871101130049418692635754268849268555641174316406250000000000 0.9656492863851274810471636556030716747045516967773437500000000000 0.2899101413143251870785377377615077421069145202636718750000000000
0.7470287222522858927575839516066480427980422973632812500000000000 1320.0980519648549034172901883721351623535156250000000000000000000000 12921.7426976849601487629115581512451171875000000000000000000000000000 -2.1855221652454033254286969167878851294517517089843750000000000000 1366.3787653389856586727546527981758117675781250000000000000000000000 384.6221814253398747496248688548803329467773437500000000000000000000 369.6470546100370597741857636719942092895507812500000000000000000000 319.0917548825458993633219506591558456420898437500000000000000000000 267.5863798321776130251237191259860992431640625000000000000000000000 1706.4293565512352870428003370761871337890625000000000000000000000000 477.8255559201886626397026702761650085449218750000000000000000000000
7.4166625764547662313930231903214007616043090820312500000000000000 12921.7426976849601487629115581512451171875000000000000000000000000000 130952.8379064058099174872040748596191406250000000000000000000000000000 -25.8515217744635812380238348850980401039123535156250000000000000000 13847.2945300364281138172373175621032714843750000000000000000000000000 3882.7417357246349638444371521472930908203125000000000000000000000000 4264.4942016809591223136521875858306884765625000000000000000000000000 3676.4918664661722687014844268560409545898437500000000000000000000000 1914.3394676994398651004303246736526489257812500000000000000000000000 16703.3358198745445406530052423477172851562500000000000000000000000000 5512.5133210821913962718099355697631835937500000000000000000000000000
-0.0019656153726599935593899459718159050680696964263916015625000000 -2.1855221652454033254286969167878851294517517089843750000000000000 -25.8515217744635812380238348850980401039123535156250000000000000000 0.0103486483401778045498886626774037722498178482055664062500000000 -2.7336073183575972933567754807882010936737060546875000000000000000 -0.9624419853674401892362766375299543142318725585937500000000000000 -1.2567291701932585823442423134110867977142333984375000000000000000 -1.0734039246166755532385650440119206905364990234375000000000000000 0.5873422294238210827899138166685588657855987548828125000000000000 -2.8251228585764667222690604830859228968620300292968750000000000000 -1.6245153502500158104737693065544590353965759277343750000000000000
0.7842572392319586693787414333201013505458831787109375000000000000 1366.3787653389856586727546527981758117675781250000000000000000000000 13847.2945300364281138172373175621032714843750000000000000000000000000 -2.7336073183575972933567754807882010936737060546875000000000000000 1464.2490293995913361868588253855705261230468750000000000000000000000 410.5712350966456369860679842531681060791015625000000000000000000000 450.9387362381107209330366458743810653686523437500000000000000000000 388.7618361400176922870741691440343856811523437500000000000000000000 202.4272468127289243966515641659498214721679687500000000000000000000 1766.2542823029268674872582778334617614746093750000000000000000000000 582.9075320408949210104765370488166809082031250000000000000000000000
0.2751440985787746984492230239993659779429435729980468750000000000 384.6221814253398747496248688548803329467773437500000000000000000000 3882.7417357246349638444371521472930908203125000000000000000000000000 -0.9624419853674401892362766375299543142318725585937500000000000000 410.5712350966456369860679842531681060791015625000000000000000000000 150.5546054661681978359411004930734634399414062500000000000000000000 124.7461052738227778036161907948553562164306640625000000000000000000 96.7680686848143238876218674704432487487792968750000000000000000000 30.0803590433299348205764545127749443054199218750000000000000000000 497.1832058899582307276432402431964874267578125000000000000000000000 161.2534885858231064048595726490020751953125000000000000000000000000
0.2242752161550766731856754176988033577799797058105468750000000000 369.6470546100370597741857636719942092895507812500000000000000000000 4264.4942016809591223136521875858306884765625000000000000000000000000 -1.2567291701932585823442423134110867977142333984375000000000000000 450.9387362381107209330366458743810653686523437500000000000000000000 124.7461052738227778036161907948553562164306640625000000000000000000 196.9546321206551340310397790744900703430175781250000000000000000000 169.3291166277972479292657226324081420898437500000000000000000000000 -27.0094595462916196026981197064742445945739746093750000000000000000 477.8255559201886626397026702761650085449218750000000000000000000000 254.5940929608935618944087764248251914978027343750000000000000000000
0.3880337507867513968662365186901297420263290405273437500000000000 319.0917548825458993633219506591558456420898437500000000000000000000 3676.4918664661722687014844268560409545898437500000000000000000000000 -1.0734039246166755532385650440119206905364990234375000000000000000 388.7618361400176922870741691440343856811523437500000000000000000000 96.7680686848143238876218674704432487487792968750000000000000000000 169.3291166277972479292657226324081420898437500000000000000000000000 167.7085181885770168719318462535738945007324218750000000000000000000 -37.3820111554974232603854034096002578735351562500000000000000000000 412.4750711923054495855467393994331359863281250000000000000000000000 218.8838738929173075575818074867129325866699218750000000000000000000
0.1895871101130049418692635754268849268555641174316406250000000000 267.5863798321776130251237191259860992431640625000000000000000000000 1914.3394676994398651004303246736526489257812500000000000000000000000 0.5873422294238210827899138166685588657855987548828125000000000000 202.4272468127289243966515641659498214721679687500000000000000000000 30.0803590433299348205764545127749443054199218750000000000000000000 -27.0094595462916196026981197064742445945739746093750000000000000000 -37.3820111554974232603854034096002578735351562500000000000000000000 228.5491919811606464918440906330943107604980468750000000000000000000 345.8964682807167037026374600827693939208984375000000000000000000000 -34.9138721974283114946047135163098573684692382812500000000000000000
0.9656492863851274810471636556030716747045516967773437500000000000 1706.4293565512352870428003370761871337890625000000000000000000000000 16703.3358198745445406530052423477172851562500000000000000000000000000 -2.8251228585764667222690604830859228968620300292968750000000000000 1766.2542823029268674872582778334617614746093750000000000000000000000 497.1832058899582307276432402431964874267578125000000000000000000000 477.8255559201886626397026702761650085449218750000000000000000000000 412.4750711923054495855467393994331359863281250000000000000000000000 345.8964682807167037026374600827693939208984375000000000000000000000 2205.8218664634368906263262033462524414062500000000000000000000000000 617.6628733895986442803405225276947021484375000000000000000000000000
0.2899101413143251870785377377615077421069145202636718750000000000 477.8255559201886626397026702761650085449218750000000000000000000000 5512.5133210821913962718099355697631835937500000000000000000000000000 -1.6245153502500158104737693065544590353965759277343750000000000000 582.9075320408949210104765370488166809082031250000000000000000000000 161.2534885858231064048595726490020751953125000000000000000000000000 254.5940929608935618944087764248251914978027343750000000000000000000 218.8838738929173075575818074867129325866699218750000000000000000000 -34.9138721974283114946047135163098573684692382812500000000000000000 617.6628733895986442803405225276947021484375000000000000000000000000 329.1019432885044579961686395108699798583984375000000000000000000000
