0.0789746984810545671340520357261993922293186187744140625000000000 0.3060388846712857047194233928166795521974563598632812500000000000 3.0204937932496567221107852674322202801704406738281250000000000000 -0.0009157797284284235114076855310827340872492641210556030273437500 0.3193948894117777381751466236892156302928924560546875000000000000 0.1338037258101126281140125229285331442952156066894531250000000000 0.0892876129558334702407407235114078503102064132690429687500000000 0.1578091848042185718625773915846366435289382934570312500000000000 0.0611571001986750545365012499132717493921518325805664062500000000 0.3956022329341203347397026846010703593492507934570312500000000000 0.1154179446727003066630601324504823423922061920166015625000000000
0.3060388846712857047194233928166795521974563598632812500000000000 568.6414566590292452019639313220977783203125000000000000000000000000 5462.5949558663123752921819686889648437500000000000000000000000000000 -0.9725270500977081233884291577851399779319763183593750000000000000 577.6290339445324661937775090336799621582031250000000000000000000000 185.5304658335164447180432034656405448913574218750000000000000000000 144.2558897138937368254119064658880233764648437500000000000000000000 118.6310124245452612967710592783987522125244140625000000000000000000 112.5530243555109137787439976818859577178955078125000000000000000000 735.0563646016638585933833383023738861083984375000000000000000000000 186.4728795689180174122157040983438491821289062500000000000000000000
3.0204937932496567221107852674322202801704406738281250000000000000 5462.5949558663123752921819686889648437500000000000000000000000000000 54261.0806025675774435512721538543701171875000000000000000000000000000 -11.3777237396787178624890657374635338783264160156250000000000000000 5737.7081446590409541386179625988006591796875000000000000000000000000 1837.6651834914628125261515378952026367187500000000000000000000000000 1643.9383937901513945689657703042030334472656250000000000000000000000 1354.0547898805095883290050551295280456542968750000000000000000000000 776.9471364689284200721886008977890014648437500000000000000000000000 7061.2424446537561379955150187015533447265625000000000000000000000000 2125.0427052367808755661826580762863159179687500000000000000000000000
-0.0009157797284284235114076855310827340872492641210556030273437500 -0.9725270500977081233884291577851399779319763183593750000000000000 -11.3777237396787178624890657374635338783264160156250000000000000000 0.0048265758887460173676142716203685267828404903411865234375000000 -1.2031101748044803478876474400749430060386657714843750000000000000 -0.4503602954315611417435150087840156629681587219238281250000000000 -0.5410288339066500196139486433821730315685272216796875000000000000 -0.4501160770532242061392480536596849560737609863281250000000000000 0.2754554037139079758489401683618780225515365600585937500000000000 -1.2571404872969889066069981709006242454051971435546875000000000000 -0.6993628113796876988317308132536709308624267578125000000000000000
0.3193948894117777381751466236892156302928924560546875000000000000 577.6290339445324661937775090336799621582031250000000000000000000000 5737.7081446590409541386179625988006591796875000000000000000000000000 -1.2031101748044803478876474400749430060386657714843750000000000000 606.7202198647123623231891542673110961914062500000000000000000000000 194.3195080780677130860567558556795120239257812500000000000000000000 173.8343322068141105773975141346454620361328125000000000000000000000 143.1812840794098633523390162736177444458007812500000000000000000000 82.1564160422626201807361212559044361114501953125000000000000000000 746.6741877636845856613945215940475463867187500000000000000000000000 224.7075565429929895344685064628720283508300781250000000000000000000
0.1338037258101126281140125229285331442952156066894531250000000000 185.5304658335164447180432034656405448913574218750000000000000000000 1837.6651834914628125261515378952026367187500000000000000000000000000 -0.4503602954315611417435150087840156629681587219238281250000000000 194.3195080780677130860567558556795120239257812500000000000000000000 73.4305742169106281380663858726620674133300781250000000000000000000 55.0756097996201603450572292786091566085815429687500000000000000000 41.9356607317555827307842264417558908462524414062500000000000000000 17.8568302485103309606984112178906798362731933593750000000000000000 239.8266045175309670867136446759104728698730468750000000000000000000 71.1936793271889882817049510776996612548828125000000000000000000000
0.0892876129558334702407407235114078503102064132690429687500000000 144.2558897138937368254119064658880233764648437500000000000000000000 1643.9383937901513945689657703042030334472656250000000000000000000000 -0.5410288339066500196139486433821730315685272216796875000000000000 173.8343322068141105773975141346454620361328125000000000000000000000 55.0756097996201603450572292786091566085815429687500000000000000000 73.9275417111408046366705093532800674438476562500000000000000000000 61.1044874975655147864017635583877563476562500000000000000000000000 -15.4486418487091690110446506878361105918884277343750000000000000000 186.4728795689180174122157040983438491821289062500000000000000000000 95.5626949420839082449674606323242187500000000000000000000000000000
0.1578091848042185718625773915846366435289382934570312500000000000 118.6310124245452612967710592783987522125244140625000000000000000000 1354.0547898805095883290050551295280456542968750000000000000000000000 -0.4501160770532242061392480536596849560737609863281250000000000000 143.1812840794098633523390162736177444458007812500000000000000000000 41.9356607317555827307842264417558908462524414062500000000000000000 61.1044874975655147864017635583877563476562500000000000000000000000 59.2031167937623479247122304514050483703613281250000000000000000000 -19.9035273107936774295012583024799823760986328125000000000000000000 153.3487924607799470777536043897271156311035156250000000000000000000 78.9869291358061360597275779582560062408447265625000000000000000000
0.0611571001986750545365012499132717493921518325805664062500000000 112.5530243555109137787439976818859577178955078125000000000000000000 776.9471364689284200721886008977890014648437500000000000000000000000 0.2754554037139079758489401683618780225515365600585937500000000000 82.1564160422626201807361212559044361114501953125000000000000000000 17.8568302485103309606984112178906798362731933593750000000000000000 -15.4486418487091690110446506878361105918884277343750000000000000000 -19.9035273107936774295012583024799823760986328125000000000000000000 97.9075582229908860654177260585129261016845703125000000000000000000 145.4920599594850045832572504878044128417968750000000000000000000000 -19.9697408311796422708539466839283704757690429687500000000000000000
0.3956022329341203347397026846010703593492507934570312500000000000 735.0563646016638585933833383023738861083984375000000000000000000000 7061.2424446537561379955150187015533447265625000000000000000000000000 -1.2571404872969889066069981709006242454051971435546875000000000000 746.6741877636845856613945215940475463867187500000000000000000000000 239.8266045175309670867136446759104728698730468750000000000000000000 186.4728795689180174122157040983438491821289062500000000000000000000 153.3487924607799470777536043897271156311035156250000000000000000000 145.4920599594850045832572504878044128417968750000000000000000000000 950.1731764615171869081677868962287902832031250000000000000000000000 241.0448189234327855956507846713066101074218750000000000000000000000
0.1154179446727003066630601324504823423922061920166015625000000000 186.4728795689180174122157040983438491821289062500000000000000000000 2125.0427052367808755661826580762863159179687500000000000000000000000 -0.6993628113796876988317308132536709308624267578125000000000000000 224.7075565429929895344685064628720283508300781250000000000000000000 71.1936793271889882817049510776996612548828125000000000000000000000 95.5626949420839082449674606323242187500000000000000000000000000000 78.9869291358061360597275779582560062408447265625000000000000000000 -19.9697408311796422708539466839283704757690429687500000000000000000 241.0448189234327855956507846713066101074218750000000000000000000000 123.5294513143207666416856227442622184753417968750000000000000000000
