0.0550452981890753242910641063190269051119685173034667968750000000 0.0592626766896324902456072436507383827120065689086914062500000000 0.4953199599928655438851876624539727345108985900878906250000000000 0.0002259564988695346335161040496330997484619729220867156982421875 0.0714467480755403422376659250403463374823331832885742187500000000 -0.0197142124968467426227025640628198743797838687896728515625000000 0.0247903846226430087107406308177814935334026813507080078125000000 0.0706617170779675757286142356861091684550046920776367187500000000 0.0767240680993440671286975884868297725915908813476562500000000000 0.0827319899533350555653754554441547952592372894287109375000000000 0.0346079179359547392524909525945986388251185417175292968750000000
0.0592626766896324902456072436507383827120065689086914062500000000 239.4021914879161556655162712559103965759277343750000000000000000000 1871.0518434054054068838013336062431335449218750000000000000000000000 -0.4029572051724902848057752180466195568442344665527343750000000000 269.8873061646594351259409449994564056396484375000000000000000000000 58.1367449838957810470674303360283374786376953125000000000000000000 77.1490938655158089432006818242371082305908203125000000000000000000 73.6759238166161622984873247332870960235595703125000000000000000000 54.6363712167931367957862676121294498443603515625000000000000000000 334.2106838122225553888711147010326385498046875000000000000000000000 107.7018186677244244719986454583704471588134765625000000000000000000
0.4953199599928655438851876624539727345108985900878906250000000000 1871.0518434054054068838013336062431335449218750000000000000000000000 15225.1416091407554631587117910385131835937500000000000000000000000000 -3.7863269502040530767317250138148665428161621093750000000000000000 2196.1296632955695713462773710489273071289062500000000000000000000000 467.4479775029200823155406396836042404174804687500000000000000000000 709.5296880089902060717577114701271057128906250000000000000000000000 678.3145965021674328454537317156791687011718750000000000000000000000 319.2938300630548269509745296090841293334960937500000000000000000000 2612.0292055229724610398989170789718627929687500000000000000000000000 990.5189285893685564587940461933612823486328125000000000000000000000
0.0002259564988695346335161040496330997484619729220867156982421875 -0.4029572051724902848057752180466195568442344665527343750000000000 -3.7863269502040530767317250138148665428161621093750000000000000000 0.0020489131415499239885491533641470596194267272949218750000000000 -0.5461535362854235131635505240410566329956054687500000000000000000 -0.1801133881620632370967882707191165536642074584960937500000000000 -0.2426407725320231800747450279231998138129711151123046875000000000 -0.2238475616250472921553438254704815335571765899658203125000000000 0.1214329141781726600912705293922044802457094192504882812500000000 -0.5625370521913442001249450186151079833507537841796875000000000000 -0.3387318136256350364909906147659057751297950744628906250000000000
0.0714467480755403422376659250403463374823331832885742187500000000 269.8873061646594351259409449994564056396484375000000000000000000000 2196.1296632955695713462773710489273071289062500000000000000000000000 -0.5461535362854235131635505240410566329956054687500000000000000000 316.7777103045875151110521983355283737182617187500000000000000000000 67.4263922002114384213200537487864494323730468750000000000000000000 102.3451364084444747959423693828284740447998046875000000000000000000 97.8425583595504946288201608695089817047119140625000000000000000000 46.0561004626545908990919997449964284896850585937500000000000000000 376.7685691802964242924645077437162399291992187500000000000000000000 142.8760439131064003959181718528270721435546875000000000000000000000
-0.0197142124968467426227025640628198743797838687896728515625000000 58.1367449838957810470674303360283374786376953125000000000000000000 467.4479775029200823155406396836042404174804687500000000000000000000 -0.1801133881620632370967882707191165536642074584960937500000000000 67.4263922002114384213200537487864494323730468750000000000000000000 26.7617919459946485005730210104957222938537597656250000000000000000 21.0507264072914139774184150155633687973022460937500000000000000000 16.3174392292598682274729071650654077529907226562500000000000000000 0.6385957546758941338893578176794108003377914428710937500000000000 81.1601647208201910643765586428344249725341796875000000000000000000 29.3872734564336042240029200911521911621093750000000000000000000000
0.0247903846226430087107406308177814935334026813507080078125000000 77.1490938655158089432006818242371082305908203125000000000000000000 709.5296880089902060717577114701271057128906250000000000000000000000 -0.2426407725320231800747450279231998138129711151123046875000000000 102.3451364084444747959423693828284740447998046875000000000000000000 21.0507264072914139774184150155633687973022460937500000000000000000 43.7304462330479495335566753055900335311889648437500000000000000000 41.8904981983344484319786715786904096603393554687500000000000000000 -1.4648807424328433857141362750553525984287261962890625000000000000 107.7018186677244244719986454583704471588134765625000000000000000000 61.0486572747112390402435266878455877304077148437500000000000000000
0.0706617170779675757286142356861091684550046920776367187500000000 73.6759238166161622984873247332870960235595703125000000000000000000 678.3145965021674328454537317156791687011718750000000000000000000000 -0.2238475616250472921553438254704815335571765899658203125000000000 97.8425583595504946288201608695089817047119140625000000000000000000 16.3174392292598682274729071650654077529907226562500000000000000000 41.8904981983344484319786715786904096603393554687500000000000000000 45.8883879674500150258609210141003131866455078125000000000000000000 -4.0489599606366075690289108024444431066513061523437500000000000000 102.8531974841649088148187729530036449432373046875000000000000000000 58.4800496649033192397837410680949687957763671875000000000000000000
0.0767240680993440671286975884868297725915908813476562500000000000 54.6363712167931367957862676121294498443603515625000000000000000000 319.2938300630548269509745296090841293334960937500000000000000000000 0.1214329141781726600912705293922044802457094192504882812500000000 46.0561004626545908990919997449964284896850585937500000000000000000 0.6385957546758941338893578176794108003377914428710937500000000000 -1.4648807424328433857141362750553525984287261962890625000000000000 -4.0489599606366075690289108024444431066513061523437500000000000000 50.1676420291386691019397403579205274581909179687500000000000000000 76.2735665529801565298839705064892768859863281250000000000000000000 -2.0450054846575969058619648421881720423698425292968750000000000000
0.0827319899533350555653754554441547952592372894287109375000000000 334.2106838122225553888711147010326385498046875000000000000000000000 2612.0292055229724610398989170789718627929687500000000000000000000000 -0.5625370521913442001249450186151079833507537841796875000000000000 376.7685691802964242924645077437162399291992187500000000000000000000 81.1601647208201910643765586428344249725341796875000000000000000000 107.7018186677244244719986454583704471588134765625000000000000000000 102.8531974841649088148187729530036449432373046875000000000000000000 76.2735665529801565298839705064892768859863281250000000000000000000 466.5654081110251922837051097303628921508789062500000000000000000000 150.3540892464095861669193254783749580383300781250000000000000000000
0.0346079179359547392524909525945986388251185417175292968750000000 107.7018186677244244719986454583704471588134765625000000000000000000 990.5189285893685564587940461933612823486328125000000000000000000000 -0.3387318136256350364909906147659057751297950744628906250000000000 142.8760439131064003959181718528270721435546875000000000000000000000 29.3872734564336042240029200911521911621093750000000000000000000000 61.0486572747112390402435266878455877304077148437500000000000000000 58.4800496649033192397837410680949687957763671875000000000000000000 -2.0450054846575969058619648421881720423698425292968750000000000000 150.3540892464095861669193254783749580383300781250000000000000000000 85.2252578257167101583036128431558609008789062500000000000000000000
