4.183634858936398615e+01 6.381981268023019993e+01 3.700442925797303246e+02 -4.528160154452843256e-01 7.040104380697779618e+01 4.411953453045676099e+01 1.364250348797950352e+01 6.314232170205131922e+01 1.228976763161887931e+01 9.780165729446972023e+01 2.090666510500896180e+01
6.381981268023019993e+01 3.032571849697898142e+05 1.797458132675439818e+06 -7.593947855313449509e+02 3.419669787568115280e+05 1.296096581566792738e+05 7.310177136388713552e+04 5.753350724059536151e+04 5.047797184660139465e+04 4.647311552778750192e+05 1.120259381890083750e+05
3.700442925797303246e+02 1.797458132675439818e+06 1.109015331524369679e+07 -5.622523219632231303e+03 2.109905178997854702e+06 7.977595197690699715e+05 5.256519016272011213e+05 4.276631314148122910e+05 1.478632653260442021e+05 2.754542467460694723e+06 8.055433725059366552e+05
-4.528160154452843256e-01 -7.593947855313449509e+02 -5.622523219632231303e+03 5.990450383705378634e+00 -1.069686822438402032e+03 -4.726358002073919806e+02 -4.204662749988870587e+02 -3.695584722043018360e+02 4.202603264357787793e+02 -1.163746263842464487e+03 -6.443500349549292423e+02
7.040104380697779618e+01 3.419669787568115280e+05 2.109905178997854702e+06 -1.069686822438402032e+03 4.014101282299674349e+05 1.517740011801284563e+05 1.000054406884393538e+05 8.136304613555515243e+04 2.813103303685925493e+04 5.240525764306930359e+05 1.532548816274255805e+05
4.411953453045676099e+01 1.296096581566792738e+05 7.977595197690699715e+05 -4.726358002073919806e+02 1.517740011801284563e+05 6.631253170635603601e+04 3.749676119862567430e+04 2.750838343065444133e+04 2.438741214166910595e+03 1.986223217640315415e+05 5.746249063398732687e+04
1.364250348797950352e+01 7.310177136388713552e+04 5.256519016272011213e+05 -4.204662749988870587e+02 1.000054406884393538e+05 3.749676119862567430e+04 3.717502579428878380e+04 3.221279215214633950e+04 -1.986789934517334768e+04 1.120259381890083750e+05 5.696944224614393897e+04
6.314232170205131922e+01 5.753350724059536151e+04 4.276631314148122910e+05 -3.695584722043018360e+02 8.136304613555515243e+04 2.750838343065444133e+04 3.221279215214633950e+04 3.539444792329310440e+04 -2.622008255571324844e+04 8.816811146543301584e+04 4.936499068631914270e+04
1.228976763161887931e+01 5.047797184660139465e+04 1.478632653260442021e+05 4.202603264357787793e+02 2.813103303685925493e+04 2.438741214166910595e+03 -1.986789934517334768e+04 -2.622008255571324844e+04 8.679609363319448312e+04 7.735574731623275147e+04 -3.044686910401398927e+04
9.780165729446972023e+01 4.647311552778750192e+05 2.754542467460694723e+06 -1.163746263842464487e+03 5.240525764306930359e+05 1.986223217640315415e+05 1.120259381890083750e+05 8.816811146543301584e+04 7.735574731623275147e+04 7.121844341706976993e+05 1.716758786138967553e+05
2.090666510500896180e+01 1.120259381890083750e+05 8.055433725059366552e+05 -6.443500349549292423e+02 1.532548816274255805e+05 5.746249063398732687e+04 5.696944224614393897e+04 4.936499068631914270e+04 -3.044686910401398927e+04 1.716758786138967553e+05 8.730370135574565211e+04
