0.0974745477931136528049194112099939957261085510253906250000000000 -0.0640034540438678967166907796126906760036945343017578125000000000 -0.5823911505969238122659703549288678914308547973632812500000000000 0.0005305992368468413810170258848586399835767224431037902832031250 -0.0690663962957803606590445610891038086265325546264648437500000000 -0.0655745382157032069558866282932285685092210769653320312500000000 -0.0200072911932323328765281900132322334684431552886962890625000000 0.1053662168200736881651380372204585000872611999511718750000000000 0.1013265160788488356002901014107919763773679733276367187500000000 -0.0848697851834324806796772122652328107506036758422851562500000000 -0.0265300448395830862358124591082741972059011459350585937500000000
-0.0640034540438678967166907796126906760036945343017578125000000000 594.3420795076265221723588183522224426269531250000000000000000000000 5250.8434512051808269461616873741149902343750000000000000000000000000 -1.0559467833971623029754027811577543616294860839843750000000000000 622.7032026780178739500115625560283660888671875000000000000000000000 186.9900947849778276577126234769821166992187500000000000000000000000 161.2568458055263818096136674284934997558593750000000000000000000000 135.7538305633352138102054595947265625000000000000000000000000000000 117.5906740998419763855054043233394622802734375000000000000000000000 788.1087882962403909914428368210792541503906250000000000000000000000 213.8296138438508648960123537108302116394042968750000000000000000000
-0.5823911505969238122659703549288678914308547973632812500000000000 5250.8434512051808269461616873741149902343750000000000000000000000000 48086.2994084428210044279694557189941406250000000000000000000000000000 -11.3535983902699388892187926103360950946807861328125000000000000000 5702.6062431358050162089057266712188720703125000000000000000000000000 1706.5004633650726191262947395443916320800781250000000000000000000000 1689.2686330215612997562857344746589660644531250000000000000000000000 1429.7511471098350739339366555213928222656250000000000000000000000000 728.8087150543129837387823499739170074462890625000000000000000000000 6962.7172844480755884433165192604064941406250000000000000000000000000 2240.0020146316860518709290772676467895507812500000000000000000000000
0.0005305992368468413810170258848586399835767224431037902832031250 -1.0559467833971623029754027811577543616294860839843750000000000000 -11.3535983902699388892187926103360950946807861328125000000000000000 0.0054599909797243863229798677139115170575678348541259765625000000 -1.3464355098833464818852689859340898692607879638671875000000000000 -0.4959673964985040761632717476459220051765441894531250000000000000 -0.6022694913451356324429752930882386863231658935546875000000000000 -0.5132083286553071888036470227234531193971633911132812500000000000 0.3278602833680254735604364668688504025340080261230468750000000000 -1.4002053172103750000587751856073737144470214843750000000000000000 -0.7986206856580431168168843214516527950763702392578125000000000000
-0.0690663962957803606590445610891038086265325546264648437500000000 622.7032026780178739500115625560283660888671875000000000000000000000 5702.6062431358050162089057266712188720703125000000000000000000000000 -1.3464355098833464818852689859340898692607879638671875000000000000 676.2782406695610006863716989755630493164062500000000000000000000000 202.3757352097505020083190174773335456848144531250000000000000000000 200.3321938163300330870697507634758949279785156250000000000000000000 169.5557345427083646427490748465061187744140625000000000000000000000 86.4302135878394324208784382790327072143554687500000000000000000000 825.7161716318685193982673808932304382324218750000000000000000000000 265.6442610560430921395891346037387847900390625000000000000000000000
-0.0655745382157032069558866282932285685092210769653320312500000000 186.9900947849778276577126234769821166992187500000000000000000000000 1706.5004633650726191262947395443916320800781250000000000000000000000 -0.4959673964985040761632717476459220051765441894531250000000000000 202.3757352097505020083190174773335456848144531250000000000000000000 76.4306040524503202959749614819884300231933593750000000000000000000 59.2336749667978423872227722313255071640014648437500000000000000000 44.9947120453798845574056031182408332824707031250000000000000000000 13.3977105434371033254592475714161992073059082031250000000000000000 247.9523865220400011821766383945941925048828125000000000000000000000 78.5449683170504187046390143223106861114501953125000000000000000000
-0.0200072911932323328765281900132322334684431552886962890625000000 161.2568458055263818096136674284934997558593750000000000000000000000 1689.2686330215612997562857344746589660644531250000000000000000000000 -0.6022694913451356324429752930882386863231658935546875000000000000 200.3321938163300330870697507634758949279785156250000000000000000000 59.2336749667978423872227722313255071640014648437500000000000000000 85.0223904640189118708804016932845115661621093750000000000000000000 72.7680052118335680688687716610729694366455078125000000000000000000 -16.4559183075716823907441721530631184577941894531250000000000000000 213.8296138438508648960123537108302116394042968750000000000000000000 112.7412906421813261204079026356339454650878906250000000000000000000
0.1053662168200736881651380372204585000872611999511718750000000000 135.7538305633352138102054595947265625000000000000000000000000000000 1429.7511471098350739339366555213928222656250000000000000000000000000 -0.5132083286553071888036470227234531193971633911132812500000000000 169.5557345427083646427490748465061187744140625000000000000000000000 44.9947120453798845574056031182408332824707031250000000000000000000 72.7680052118335680688687716610729694366455078125000000000000000000 73.1162913544825556755313300527632236480712890625000000000000000000 -22.4990227707567420623036014148965477943420410156250000000000000000 180.0121354363407135679153725504875183105468750000000000000000000000 96.4917450599200918759379419498145580291748046875000000000000000000
0.1013265160788488356002901014107919763773679733276367187500000000 117.5906740998419763855054043233394622802734375000000000000000000000 728.8087150543129837387823499739170074462890625000000000000000000000 0.3278602833680254735604364668688504025340080261230468750000000000 86.4302135878394324208784382790327072143554687500000000000000000000 13.3977105434371033254592475714161992073059082031250000000000000000 -16.4559183075716823907441721530631184577941894531250000000000000000 -22.4990227707567420623036014148965477943420410156250000000000000000 111.4455585948523292927347938530147075653076171875000000000000000000 155.9274479716110590743483044207096099853515625000000000000000000000 -21.8208575243843583280067832674831151962280273437500000000000000000
-0.0848697851834324806796772122652328107506036758422851562500000000 788.1087882962403909914428368210792541503906250000000000000000000000 6962.7172844480755884433165192604064941406250000000000000000000000000 -1.4002053172103750000587751856073737144470214843750000000000000000 825.7161716318685193982673808932304382324218750000000000000000000000 247.9523865220400011821766383945941925048828125000000000000000000000 213.8296138438508648960123537108302116394042968750000000000000000000 180.0121354363407135679153725504875183105468750000000000000000000000 155.9274479716110590743483044207096099853515625000000000000000000000 1045.0470925839908886700868606567382812500000000000000000000000000000 283.5420941555053673255315516144037246704101562500000000000000000000
-0.0265300448395830862358124591082741972059011459350585937500000000 213.8296138438508648960123537108302116394042968750000000000000000000 2240.0020146316860518709290772676467895507812500000000000000000000000 -0.7986206856580431168168843214516527950763702392578125000000000000 265.6442610560430921395891346037387847900390625000000000000000000000 78.5449683170504187046390143223106861114501953125000000000000000000 112.7412906421813261204079026356339454650878906250000000000000000000 96.4917450599200918759379419498145580291748046875000000000000000000 -21.8208575243843583280067832674831151962280273437500000000000000000 283.5420941555053673255315516144037246704101562500000000000000000000 149.4970741976946726481401128694415092468261718750000000000000000000
