0.0059054046268691932214389694877354486379772424697875976562500000 0.0203298012514470487210882509998555178754031658172607421875000000 0.2020500547346744946164420753120793960988521575927734375000000000 -0.0000186334003477296984111356153990257666919205803424119949340820 0.0234270761518552209090593407836422557011246681213378906250000000 0.0041665243909610027300827184149056847672909498214721679687500000 0.0084406462563050461966884796538579394109547138214111328125000000 0.0107394959890703446669935061663636588491499423980712890625000000 0.0070758364582555761251869697048277885187417268753051757812500000 0.0268164463649372443454499403969748527742922306060791015625000000 0.0111338096628712211744183235850869095884263515472412109375000000
0.0203298012514470487210882509998555178754031658172607421875000000 23.9749455849490189507378090638667345046997070312500000000000000000 230.4374397637789684267772827297449111938476562500000000000000000000 -0.0328047977443085073123718586884933756664395332336425781250000000 26.7185052568963641306254430674016475677490234375000000000000000000 3.7947184190481824117568976362235844135284423828125000000000000000 8.7491966837052377314876139280386269092559814453125000000000000000 8.6826248616822869763609560322947800159454345703125000000000000000 5.8927167725664215680581037304364144802093505859375000000000000000 31.6246496672126440330430341418832540512084960937500000000000000000 11.5408095092994624764060063171200454235076904296875000000000000000
0.2020500547346744946164420753120793960988521575927734375000000000 230.4374397637789684267772827297449111938476562500000000000000000000 2299.9576716985861821740400046110153198242187500000000000000000000000 -0.3705000762874585684691908227250678464770317077636718750000000000 266.6729469174433688749559223651885986328125000000000000000000000000 36.8257016452563021857713465578854084014892578125000000000000000000 97.1694512445547786683164304122328758239746093750000000000000000000 95.9319998067870187696826178580522537231445312500000000000000000000 45.9377359648768006650243478361517190933227539062500000000000000000 303.9632885471018539647047873586416244506835937500000000000000000000 128.1733817945963949114229762926697731018066406250000000000000000000
-0.0000186334003477296984111356153990257666919205803424119949340820 -0.0328047977443085073123718586884933756664395332336425781250000000 -0.3705000762874585684691908227250678464770317077636718750000000000 0.0001341597761115932198067862701762464894272852689027786254882812 -0.0429583328391194910200745482597994850948452949523925781250000000 -0.0119804404657370654196935078061869717203080654144287109375000000 -0.0204534000051936511177519406601277296431362628936767578125000000 -0.0189913970553823377440672004468069644644856452941894531250000000 0.0070185830677754945314261725286542059620842337608337402343750000 -0.0432718494559924185538513086157763609662652015686035156250000000 -0.0269794818668402762440461373216749052517116069793701171875000000
0.0234270761518552209090593407836422557011246681213378906250000000 26.7185052568963641306254430674016475677490234375000000000000000000 266.6729469174433688749559223651885986328125000000000000000000000000 -0.0429583328391194910200745482597994850948452949523925781250000000 30.9198997410737028701532835839316248893737792968750000000000000000 4.2698257019618859331444582494441419839859008789062500000000000000 11.2664960023369253860892058582976460456848144531250000000000000000 11.1230173524307076604600297287106513977050781250000000000000000000 5.3263377736086248148694721749052405357360839843750000000000000000 35.2435990057628103500064753461629152297973632812500000000000000000 14.8613054318936246289695191080681979656219482421875000000000000000
0.0041665243909610027300827184149056847672909498214721679687500000 3.7947184190481824117568976362235844135284423828125000000000000000 36.8257016452563021857713465578854084014892578125000000000000000000 -0.0119804404657370654196935078061869717203080654144287109375000000 4.2698257019618859331444582494441419839859008789062500000000000000 2.0158079753766613428922482853522524237632751464843750000000000000 1.4389664217946529500835595172247849404811859130859375000000000000 1.0298213371797770854243481153389438986778259277343750000000000000 -0.2197669459022369986556100229790899902582168579101562500000000000 5.0055021048079249013085245678666979074478149414062500000000000000 1.8980985300215522659783573544700630009174346923828125000000000000
0.0084406462563050461966884796538579394109547138214111328125000000 8.7491966837052377314876139280386269092559814453125000000000000000 97.1694512445547786683164304122328758239746093750000000000000000000 -0.0204534000051936511177519406601277296431362628936767578125000000 11.2664960023369253860892058582976460456848144531250000000000000000 1.4389664217946529500835595172247849404811859130859375000000000000 5.2022705884199798020972593803890049457550048828125000000000000000 5.0861415053176228795450697361957281827926635742187500000000000000 0.5060038260985658675750187285302672535181045532226562500000000000 11.5408095092994624764060063171200454235076904296875000000000000000 6.8621630130459321250668836000841110944747924804687500000000000000
0.0107394959890703446669935061663636588491499423980712890625000000 8.6826248616822869763609560322947800159454345703125000000000000000 95.9319998067870187696826178580522537231445312500000000000000000000 -0.0189913970553823377440672004468069644644856452941894531250000000 11.1230173524307076604600297287106513977050781250000000000000000000 1.0298213371797770854243481153389438986778259277343750000000000000 5.0861415053176228795450697361957281827926635742187500000000000000 5.4834201651587717307734237692784518003463745117187500000000000000 0.4042349632736980669101001240051118656992912292480468750000000000 11.4529965655026035875607703928835690021514892578125000000000000000 6.7089805352682887473747541662305593490600585937500000000000000000
0.0070758364582555761251869697048277885187417268753051757812500000 5.8927167725664215680581037304364144802093505859375000000000000000 45.9377359648768006650243478361517190933227539062500000000000000000 0.0070185830677754945314261725286542059620842337608337402343750000 5.3263377736086248148694721749052405357360839843750000000000000000 -0.2197669459022369986556100229790899902582168579101562500000000000 0.5060038260985658675750187285302672535181045532226562500000000000 0.4042349632736980669101001240051118656992912292480468750000000000 4.4310084751117662094088700541760772466659545898437500000000000000 7.7729103851443541728372110810596495866775512695312500000000000000 0.6674548508957695025500811425445135682821273803710937500000000000
0.0268164463649372443454499403969748527742922306060791015625000000 31.6246496672126440330430341418832540512084960937500000000000000000 303.9632885471018539647047873586416244506835937500000000000000000000 -0.0432718494559924185538513086157763609662652015686035156250000000 35.2435990057628103500064753461629152297973632812500000000000000000 5.0055021048079249013085245678666979074478149414062500000000000000 11.5408095092994624764060063171200454235076904296875000000000000000 11.4529965655026035875607703928835690021514892578125000000000000000 7.7729103851443541728372110810596495866775512695312500000000000000 41.7151506363287225553904136177152395248413085937500000000000000000 15.2231443576979330600806861184537410736083984375000000000000000000
0.0111338096628712211744183235850869095884263515472412109375000000 11.5408095092994624764060063171200454235076904296875000000000000000 128.1733817945963949114229762926697731018066406250000000000000000000 -0.0269794818668402762440461373216749052517116069793701171875000000 14.8613054318936246289695191080681979656219482421875000000000000000 1.8980985300215522659783573544700630009174346923828125000000000000 6.8621630130459321250668836000841110944747924804687500000000000000 6.7089805352682887473747541662305593490600585937500000000000000000 0.6674548508957695025500811425445135682821273803710937500000000000 15.2231443576979330600806861184537410736083984375000000000000000000 9.0516785732818743070993150467984378337860107421875000000000000000
