0.0876688613639595160087480962829431518912315368652343750000000000 -0.2144253737560023465036351808521430939435958862304687500000000000 -2.0751740426943428019512793980538845062255859375000000000000000000 0.0009466078303381123123724782963961388304596766829490661621093750 -0.2246155153233757584274599139462225139141082763671875000000000000 -0.1235824896592775945514119939616648480296134948730468750000000000 -0.0625820764888702363304417986000771634280681610107421875000000000 0.0788019822339325881621618918870808556675910949707031250000000000 0.0893225248185949699530894463350705336779356002807617187500000000 -0.2785460279608945044493850673461565747857093811035156250000000000 -0.0812962968056000906402758232616179157048463821411132812500000000
-0.2144253737560023465036351808521430939435958862304687500000000000 615.8237723623736883382662199437618255615234375000000000000000000000 5813.1447198576970549765974283218383789062500000000000000000000000000 -1.1119752303025889350607258165837265551090240478515625000000000000 629.2110782211234436545055359601974487304687500000000000000000000000 205.5754085645983764152333606034517288208007812500000000000000000000 158.1883385464998070801811991259455680847167968750000000000000000000 126.9042544222907764606134151108562946319580078125000000000000000000 115.2144511996720837032626150175929069519042968750000000000000000000 799.9765266149213402968598529696464538574218750000000000000000000000 205.4921607458655330447072628885507583618164062500000000000000000000
-2.0751740426943428019512793980538845062255859375000000000000000000 5813.1447198576970549765974283218383789062500000000000000000000000000 56770.5465445862137130461633205413818359375000000000000000000000000000 -12.7846724323805620571192775969393551349639892578125000000000000000 6144.8077630855859752045944333076477050781250000000000000000000000000 2001.8355530485873714496847242116928100585937500000000000000000000000 1771.8006235345753793808398768305778503417968750000000000000000000000 1433.0049429924774813116528093814849853515625000000000000000000000000 746.2256564201561559457331895828247070312500000000000000000000000000 7551.4774362513135201879777014255523681640625000000000000000000000000 2301.6307136569762405997607856988906860351562500000000000000000000000
0.0009466078303381123123724782963961388304596766829490661621093750 -1.1119752303025889350607258165837265551090240478515625000000000000 -12.7846724323805620571192775969393551349639892578125000000000000000 0.0058412555662044184784376099628389056306332349777221679687500000 -1.3838047930241390570671455861884169280529022216796875000000000000 -0.5303256684118660135851541781448759138584136962890625000000000000 -0.6216831762472324607315954381192568689584732055664062500000000000 -0.5131809011664443254119305493077263236045837402343750000000000000 0.3572263179510528074978026324970414862036705017089843750000000000 -1.4444945491578808915988929584273137152194976806640625000000000000 -0.8075880963175033899759114319749642163515090942382812500000000000
-0.2246155153233757584274599139462225139141082763671875000000000000 629.2110782211234436545055359601974487304687500000000000000000000000 6144.8077630855859752045944333076477050781250000000000000000000000000 -1.3838047930241390570671455861884169280529022216796875000000000000 665.1100745634386157689732499420642852783203125000000000000000000000 216.6774039621559779789095045998692512512207031250000000000000000000 191.7785698537261964702338445931673049926757812500000000000000000000 155.1075413960395223966770572587847709655761718750000000000000000000 80.7709892837290368561298237182199954986572265625000000000000000000 817.3671031438708496352774091064929962158203125000000000000000000000 249.1270410075755989964818581938743591308593750000000000000000000000
-0.1235824896592775945514119939616648480296134948730468750000000000 205.5754085645983764152333606034517288208007812500000000000000000000 2001.8355530485873714496847242116928100585937500000000000000000000000 -0.5303256684118660135851541781448759138584136962890625000000000000 216.6774039621559779789095045998692512512207031250000000000000000000 83.6395353452951724193553673103451728820800781250000000000000000000 61.8071163788700346231053117662668228149414062500000000000000000000 45.6899419376153801408690924290567636489868164062500000000000000000 15.9299923743850069257632640074007213115692138671875000000000000000 267.0496149735821518333978019654750823974609375000000000000000000000 80.2895966344050435736789950169622898101806640625000000000000000000
-0.0625820764888702363304417986000771634280681610107421875000000000 158.1883385464998070801811991259455680847167968750000000000000000000 1771.8006235345753793808398768305778503417968750000000000000000000000 -0.6216831762472324607315954381192568689584732055664062500000000000 191.7785698537261964702338445931673049926757812500000000000000000000 61.8071163788700346231053117662668228149414062500000000000000000000 81.5469416702508453909103991463780403137207031250000000000000000000 67.1241321949957665538022411055862903594970703125000000000000000000 -20.5397080173352577503464999608695507049560546875000000000000000000 205.4921607458655330447072628885507583618164062500000000000000000000 105.9323171354446913028368726372718811035156250000000000000000000000
0.0788019822339325881621618918870808556675910949707031250000000000 126.9042544222907764606134151108562946319580078125000000000000000000 1433.0049429924774813116528093814849853515625000000000000000000000000 -0.5131809011664443254119305493077263236045837402343750000000000000 155.1075413960395223966770572587847709655761718750000000000000000000 45.6899419376153801408690924290567636489868164062500000000000000000 67.1241321949957665538022411055862903594970703125000000000000000000 65.3375968987517978803225560113787651062011718750000000000000000000 -25.8496888897818948294116125907748937606811523437500000000000000000 164.8530459874193354607996298000216484069824218750000000000000000000 87.1965853468153966332465643063187599182128906250000000000000000000
0.0893225248185949699530894463350705336779356002807617187500000000 115.2144511996720837032626150175929069519042968750000000000000000000 746.2256564201561559457331895828247070312500000000000000000000000000 0.3572263179510528074978026324970414862036705017089843750000000000 80.7709892837290368561298237182199954986572265625000000000000000000 15.9299923743850069257632640074007213115692138671875000000000000000 -20.5397080173352577503464999608695507049560546875000000000000000000 -25.8496888897818948294116125907748937606811523437500000000000000000 112.0276272690553298616578103974461555480957031250000000000000000000 149.6675844990316761595749994739890098571777343750000000000000000000 -26.6817960182994227125163888558745384216308593750000000000000000000
-0.2785460279608945044493850673461565747857093811035156250000000000 799.9765266149213402968598529696464538574218750000000000000000000000 7551.4774362513135201879777014255523681640625000000000000000000000000 -1.4444945491578808915988929584273137152194976806640625000000000000 817.3671031438708496352774091064929962158203125000000000000000000000 267.0496149735821518333978019654750823974609375000000000000000000000 205.4921607458655330447072628885507583618164062500000000000000000000 164.8530459874193354607996298000216484069824218750000000000000000000 149.6675844990316761595749994739890098571777343750000000000000000000 1039.1973675844005811086390167474746704101562500000000000000000000000 266.9414731579086037527304142713546752929687500000000000000000000000
-0.0812962968056000906402758232616179157048463821411132812500000000 205.4921607458655330447072628885507583618164062500000000000000000000 2301.6307136569762405997607856988906860351562500000000000000000000000 -0.8075880963175033899759114319749642163515090942382812500000000000 249.1270410075755989964818581938743591308593750000000000000000000000 80.2895966344050435736789950169622898101806640625000000000000000000 105.9323171354446913028368726372718811035156250000000000000000000000 87.1965853468153966332465643063187599182128906250000000000000000000 -26.6817960182994227125163888558745384216308593750000000000000000000 266.9414731579086037527304142713546752929687500000000000000000000000 137.6097690954632355442299740388989448547363281250000000000000000000
