# A b_HI Tb sigma_NL sigma8tot n_s f DA H omegak omegaDE w0 wa h gamma sigma_8 fs8 bs8 pk0 pk1 pk2 pk3 pk4 pk5 pk6 pk7 pk8 pk9 pk10 pk11 pk12 pk13 pk14 pk15 pk16 pk17 pk18 pk19 pk20 pk21 pk22 pk23 pk24 pk25 pk26 pk27 pk28 pk29 pk30 pk31 pk32 pk33 pk34 pk35 pk36 pk37 pk38 pk39 pk40 pk41 pk42 pk43 pk44 pk45 pk46 pk47 pk48 pk49 pk50 pk51 pk52 pk53 pk54 pk55 pk56 pk57 pk58 pk59 pk60 pk61 pk62 pk63 pk64 pk65 pk66 pk67 pk68 pk69 pk70 pk71 pk72 pk73 pk74 pk75 pk76 pk77 pk78 pk79 pk80 pk81 pk82 pk83 pk84 pk85 pk86 pk87 pk88 pk89
1.510668478447932672e-01 4.591305316498134337e-01 3.478401082718171722e+00 -6.171497979289020932e-04 5.983594061125598884e-01 1.811463792658254968e-01 2.176593598867275214e-01 -2.190584127587998364e-01 1.251017982017722796e-01 5.854458767544175046e-01 -2.759423607886301102e-02 -1.410625055645184367e-02 -4.251650940367034288e-03 5.280232555583167509e-01 -1.376946248561118358e-01 3.982537231128655542e-01 6.780188896395331621e-01 3.214274532772960491e-01 0.000000000000000000e+00 0.000000000000000000e+00 0.000000000000000000e+00 -7.243028343403226356e-26 2.268039344382828710e-21 4.352995695483079097e-20 -3.707442690682667863e-20 3.955509042490521731e-19 4.919791728397940235e-19 -1.207225835382336159e-18 9.986820801462956784e-19 -5.526571883681884173e-18 -2.806614254035423249e-17 2.649137076007697613e-17 2.337667458053066591e-17 -1.664714799972303843e-17 -1.814019603740206650e-16 -1.289060449463589429e-16 -2.420155315252051236e-16 2.363439550437431147e-16 -1.264451450353258423e-15 -3.975018192523578837e-16 -2.890378126553627616e-16 -1.172626786527720131e-15 -2.290327747500673189e-15 -1.675660897914864842e-15 -4.697965113409818989e-03 -9.626438464542351470e-02 -2.070948527278095863e-01 -2.215042795898800321e-01 -4.710445679157711230e-02 3.036535085020816704e-01 5.749161500818260606e-01 3.659730769278132789e-01 -2.207139164887350902e-01 -4.880319872430806116e-01 -4.086633624946086306e-03 4.263970788550261459e-01 -1.567960696027296055e-02 -2.124709304891635453e-01 1.287405622643682246e-01 -2.159998798876014425e-02 -1.704158965655518110e-02 6.169532015745996661e-03 0.000000000000000000e+00 0.000000000000000000e+00 0.000000000000000000e+00 0.000000000000000000e+00 0.000000000000000000e+00 0.000000000000000000e+00 0.000000000000000000e+00 0.000000000000000000e+00 0.000000000000000000e+00 0.000000000000000000e+00 0.000000000000000000e+00 0.000000000000000000e+00 0.000000000000000000e+00 0.000000000000000000e+00 0.000000000000000000e+00 0.000000000000000000e+00 0.000000000000000000e+00 0.000000000000000000e+00 0.000000000000000000e+00 0.000000000000000000e+00 0.000000000000000000e+00 0.000000000000000000e+00 0.000000000000000000e+00 0.000000000000000000e+00 0.000000000000000000e+00 0.000000000000000000e+00 0.000000000000000000e+00 0.000000000000000000e+00 0.000000000000000000e+00 0.000000000000000000e+00 0.000000000000000000e+00 0.000000000000000000e+00 0.000000000000000000e+00 0.000000000000000000e+00 0.000000000000000000e+00 0.000000000000000000e+00 0.000000000000000000e+00 0.000000000000000000e+00 0.000000000000000000e+00 0.000000000000000000e+00 0.000000000000000000e+00 0.000000000000000000e+00 0.000000000000000000e+00 0.000000000000000000e+00 0.000000000000000000e+00 0.000000000000000000e+00
4.591305316498134337e-01 5.150913733189634058e+02 3.675998393911169842e+03 -6.850412822519758027e-01 6.323503712034768114e+02 4.648695426803693209e+01 1.992986755766882254e+02 -1.998606267398984642e+02 1.846642494028961892e+02 6.498988791613913918e+02 -3.688339726236218041e+01 -1.465379125977304930e+01 -4.248984438711117306e+00 5.692026757274883266e+02 -1.544774492798706831e+02 4.467946325208831695e+02 7.606588038170336858e+02 2.943133976204403552e+02 0.000000000000000000e+00 0.000000000000000000e+00 0.000000000000000000e+00 3.660919287341803869e-10 4.979827357818595701e-06 8.091063130037491418e-05 3.567182561922422885e-04 1.018664161559728557e-03 2.385878692277352327e-03 4.943051636623587569e-03 9.502460598344194403e-03 1.747233156319517172e-02 3.082402752059231615e-02 5.252374072802076799e-02 8.717727705606352628e-02 1.422699241637311318e-01 2.258688803549747937e-01 3.509268388121732363e-01 5.361217656352745831e-01 8.018059424478317654e-01 1.169126861052545152e+00 1.663354320669445219e+00 2.313226540085280725e+00 3.111964345431225354e+00 4.053654936287984789e+00 5.117542106150194670e+00 6.279278171536610387e+00 7.553866484799937275e+00 9.055249412008892662e+00 1.103106115162050571e+01 1.366310972850546612e+01 1.679881648271216577e+01 1.949860899787210045e+01 2.031011850130710528e+01 1.923996448194689535e+01 1.844581591735243009e+01 1.961597121821178646e+01 2.017755644732291032e+01 1.707728323409890336e+01 1.403111308978356320e+01 1.287381857772285443e+01 1.002732517517414657e+01 7.573683092650223436e+00 7.912250795437478779e-01 0.000000000000000000e+00 0.000000000000000000e+00 0.000000000000000000e+00 0.000000000000000000e+00 0.000000000000000000e+00 0.000000000000000000e+00 0.000000000000000000e+00 0.000000000000000000e+00 0.000000000000000000e+00 0.000000000000000000e+00 0.000000000000000000e+00 0.000000000000000000e+00 0.000000000000000000e+00 0.000000000000000000e+00 0.000000000000000000e+00 0.000000000000000000e+00 0.000000000000000000e+00 0.000000000000000000e+00 0.000000000000000000e+00 0.000000000000000000e+00 0.000000000000000000e+00 0.000000000000000000e+00 0.000000000000000000e+00 0.000000000000000000e+00 0.000000000000000000e+00 0.000000000000000000e+00 0.000000000000000000e+00 0.000000000000000000e+00 0.000000000000000000e+00 0.000000000000000000e+00 0.000000000000000000e+00 0.000000000000000000e+00 0.000000000000000000e+00 0.000000000000000000e+00 0.000000000000000000e+00 0.000000000000000000e+00 0.000000000000000000e+00 0.000000000000000000e+00 0.000000000000000000e+00 0.000000000000000000e+00 0.000000000000000000e+00 0.000000000000000000e+00 0.000000000000000000e+00 0.000000000000000000e+00 0.000000000000000000e+00 0.000000000000000000e+00
3.478401082718171722e+00 3.675998393911169842e+03 2.743591809608936455e+04 -5.756218413211574791e+00 4.719564900002929789e+03 3.192820970401350564e+02 1.660641232844105161e+03 -1.644014640537644482e+03 1.112731406137841532e+03 4.673449592719864995e+03 -2.374319461170022976e+02 -1.092105503042912886e+02 -3.265612343984526689e+01 4.178351736006185092e+03 -1.102442954517625367e+03 3.188592231650236045e+03 5.428513630754036058e+03 2.452344261961135544e+03 0.000000000000000000e+00 0.000000000000000000e+00 0.000000000000000000e+00 3.686706341921021313e-09 4.773325801863953358e-05 7.374546764027991317e-04 3.117020945484318302e-03 8.615636670266510130e-03 1.969722926675396973e-02 4.008977810481934717e-02 7.605243007492112906e-02 1.384025941100715251e-01 2.421267130099897247e-01 4.097364349121648819e-01 6.760247735327106211e-01 1.097440627113327904e+00 1.734267488734246188e+00 2.683838799300951816e+00 4.085490651062808176e+00 6.092463820742225700e+00 8.863937039402719265e+00 1.259178667604624557e+01 1.749670037059732763e+01 2.353713214642675666e+01 3.068154594625516296e+01 3.878563827634211947e+01 4.767578550765812651e+01 5.745444811514127537e+01 6.897045702617592156e+01 8.407602226957395430e+01 1.041313210680951897e+02 1.279486193090584862e+02 1.484175724308371400e+02 1.544683047753121059e+02 1.460922542880337289e+02 1.395215462564092093e+02 1.473543903395178063e+02 1.501692487486339189e+02 1.255988357145525782e+02 1.014831398292548670e+02 9.107224486828243926e+01 6.906483553891082749e+01 5.046076967791576351e+01 5.176550529104405385e+00 0.000000000000000000e+00 0.000000000000000000e+00 0.000000000000000000e+00 0.000000000000000000e+00 0.000000000000000000e+00 0.000000000000000000e+00 0.000000000000000000e+00 0.000000000000000000e+00 0.000000000000000000e+00 0.000000000000000000e+00 0.000000000000000000e+00 0.000000000000000000e+00 0.000000000000000000e+00 0.000000000000000000e+00 0.000000000000000000e+00 0.000000000000000000e+00 0.000000000000000000e+00 0.000000000000000000e+00 0.000000000000000000e+00 0.000000000000000000e+00 0.000000000000000000e+00 0.000000000000000000e+00 0.000000000000000000e+00 0.000000000000000000e+00 0.000000000000000000e+00 0.000000000000000000e+00 0.000000000000000000e+00 0.000000000000000000e+00 0.000000000000000000e+00 0.000000000000000000e+00 0.000000000000000000e+00 0.000000000000000000e+00 0.000000000000000000e+00 0.000000000000000000e+00 0.000000000000000000e+00 0.000000000000000000e+00 0.000000000000000000e+00 0.000000000000000000e+00 0.000000000000000000e+00 0.000000000000000000e+00 0.000000000000000000e+00 0.000000000000000000e+00 0.000000000000000000e+00 0.000000000000000000e+00 0.000000000000000000e+00 0.000000000000000000e+00
-6.171497979289020932e-04 -6.850412822519758027e-01 -5.756218413211574791e+00 3.159973717001183201e-03 -9.901927205277734068e-01 -2.616804726226005240e-01 -4.370587862543411917e-01 3.901162938739697328e-01 1.999995557820373193e-01 -7.124246830192537683e-01 -1.166346238106128336e-01 8.244678779866104756e-02 1.595473325618151222e-02 -4.160736278225117268e-01 2.054459371971804338e-01 -5.942106271228011494e-01 -1.011631546002230264e+00 -6.454245416843449323e-01 0.000000000000000000e+00 0.000000000000000000e+00 0.000000000000000000e+00 -7.136063635019477542e-16 -9.685586288326445125e-12 -1.631191048287384015e-10 -7.820200638265525195e-10 -2.531133191152276727e-09 -6.971307390115032436e-09 -1.732860016042671083e-08 -4.053301386088480516e-08 -9.201472901717364930e-08 -2.016683426382363606e-07 -4.279046609367808823e-07 -8.861169740522595287e-07 -1.817814015403673988e-06 -3.620947694526276321e-06 -7.060795207161072096e-06 -1.358343405311287477e-05 -2.566494552338755206e-05 -4.724934232718246445e-05 -8.494952462824837162e-05 -1.504315982014940874e-04 -2.575418024273338547e-04 -4.274315281075527322e-04 -6.897672959199929212e-04 -1.086422759224293759e-03 -1.672360498384900746e-03 -2.560563164521636841e-03 -3.989454469512852125e-03 -6.291457073861268963e-03 -9.800156165643159750e-03 -1.439141073184763142e-02 -1.901493171111352451e-02 -2.271559867990149625e-02 -2.733451395334043910e-02 -3.614985573819828185e-02 -4.551872955415842831e-02 -4.649613282902999301e-02 -4.553315793977445736e-02 -4.848811154211071783e-02 -4.224167091940322222e-02 -3.432493597913671701e-02 -3.662000451476794642e-03 0.000000000000000000e+00 0.000000000000000000e+00 0.000000000000000000e+00 0.000000000000000000e+00 0.000000000000000000e+00 0.000000000000000000e+00 0.000000000000000000e+00 0.000000000000000000e+00 0.000000000000000000e+00 0.000000000000000000e+00 0.000000000000000000e+00 0.000000000000000000e+00 0.000000000000000000e+00 0.000000000000000000e+00 0.000000000000000000e+00 0.000000000000000000e+00 0.000000000000000000e+00 0.000000000000000000e+00 0.000000000000000000e+00 0.000000000000000000e+00 0.000000000000000000e+00 0.000000000000000000e+00 0.000000000000000000e+00 0.000000000000000000e+00 0.000000000000000000e+00 0.000000000000000000e+00 0.000000000000000000e+00 0.000000000000000000e+00 0.000000000000000000e+00 0.000000000000000000e+00 0.000000000000000000e+00 0.000000000000000000e+00 0.000000000000000000e+00 0.000000000000000000e+00 0.000000000000000000e+00 0.000000000000000000e+00 0.000000000000000000e+00 0.000000000000000000e+00 0.000000000000000000e+00 0.000000000000000000e+00 0.000000000000000000e+00 0.000000000000000000e+00 0.000000000000000000e+00 0.000000000000000000e+00 0.000000000000000000e+00 0.000000000000000000e+00
5.983594061125598884e-01 6.323503712034768114e+02 4.719564900002929789e+03 -9.901927205277734068e-01 8.118661372048114799e+02 5.492335168491173647e+01 2.856658212267284966e+02 -2.828056916264941378e+02 1.914136085822331665e+02 8.039333177218348965e+02 -4.084337455406365791e+01 -1.878655119617098279e+01 -5.617551904662697382e+00 7.187658938204776859e+02 -1.896437747836306471e+02 5.485060833106753080e+02 9.338204867489391745e+02 4.218556806059676774e+02 0.000000000000000000e+00 0.000000000000000000e+00 0.000000000000000000e+00 6.341923673561607452e-10 8.211141625315805803e-06 1.268579820767785373e-04 5.361942908328841796e-04 1.482073837578767395e-03 3.388344853235768662e-03 6.896299548998157530e-03 1.308264510356174810e-02 2.380820729029479998e-02 4.165097490351203635e-02 7.048343305629796440e-02 1.162907244992898576e-01 1.887832674460245552e-01 2.983311124628643674e-01 4.616776938203583369e-01 7.027918004608169067e-01 1.048034124544613199e+00 1.524786813420463405e+00 2.166056707723698960e+00 3.009806803101282124e+00 4.048890302702865540e+00 5.277882329967040320e+00 6.671959596618201260e+00 8.201255123810996750e+00 9.883394305361722587e+00 1.186439422139469002e+01 1.446287462462955986e+01 1.791281509817482132e+01 2.200989996325078479e+01 2.553099783047042237e+01 2.657185324825820416e+01 2.513099336006491313e+01 2.400069099928327532e+01 2.534810776413734956e+01 2.583232363399132225e+01 2.160568691171772215e+01 1.745727126764202453e+01 1.566637459477207628e+01 1.188062934479955679e+01 8.680331985426471775e+00 8.904774425512703706e-01 0.000000000000000000e+00 0.000000000000000000e+00 0.000000000000000000e+00 0.000000000000000000e+00 0.000000000000000000e+00 0.000000000000000000e+00 0.000000000000000000e+00 0.000000000000000000e+00 0.000000000000000000e+00 0.000000000000000000e+00 0.000000000000000000e+00 0.000000000000000000e+00 0.000000000000000000e+00 0.000000000000000000e+00 0.000000000000000000e+00 0.000000000000000000e+00 0.000000000000000000e+00 0.000000000000000000e+00 0.000000000000000000e+00 0.000000000000000000e+00 0.000000000000000000e+00 0.000000000000000000e+00 0.000000000000000000e+00 0.000000000000000000e+00 0.000000000000000000e+00 0.000000000000000000e+00 0.000000000000000000e+00 0.000000000000000000e+00 0.000000000000000000e+00 0.000000000000000000e+00 0.000000000000000000e+00 0.000000000000000000e+00 0.000000000000000000e+00 0.000000000000000000e+00 0.000000000000000000e+00 0.000000000000000000e+00 0.000000000000000000e+00 0.000000000000000000e+00 0.000000000000000000e+00 0.000000000000000000e+00 0.000000000000000000e+00 0.000000000000000000e+00 0.000000000000000000e+00 0.000000000000000000e+00 0.000000000000000000e+00 0.000000000000000000e+00
1.811463792658254968e-01 4.648695426803693209e+01 3.192820970401350564e+02 -2.616804726226005240e-01 5.492335168491173647e+01 5.592233757119573312e+01 1.551251454652315864e+01 -2.173926626033935161e+00 -2.594924030662681602e+01 2.591031451222819371e+01 2.124966690939075065e+01 -1.155555393153349186e+01 -1.785874005553522936e+00 -2.847715130471755884e+01 -1.394157714939925974e+01 4.032317900292429158e+01 6.864939476422851783e+01 2.290803412823964536e+01 0.000000000000000000e+00 0.000000000000000000e+00 0.000000000000000000e+00 -8.991115837276195516e-10 -1.138280744039931545e-05 -1.706678110838896918e-04 -6.966937113169440051e-04 -1.854116071420489585e-03 -4.069471432799602433e-03 -7.940576991380001934e-03 -1.441816015292691523e-02 -2.504207766491969508e-02 -4.171998189024558185e-02 -6.709515721609037031e-02 -1.049315039470432309e-01 -1.607734750283918435e-01 -2.391786912393494002e-01 -3.472062142207572588e-01 -4.932868136012572013e-01 -6.828595341378714823e-01 -9.175831540784051832e-01 -1.196088094464611951e+00 -1.509650842706675267e+00 -1.828846484792144400e+00 -2.121880419874028867e+00 -2.349133768525204502e+00 -2.473958229514856111e+00 -2.488942205970461785e+00 -2.396581593178546132e+00 -2.188647733165618003e+00 -1.810758242982592803e+00 -1.131101293895689031e+00 -4.874729269682343685e-02 1.280421245513033712e+00 2.454548218854478492e+00 3.552137397557700638e+00 5.039459977119540746e+00 6.413527165856359069e+00 6.418287868911046523e+00 6.070641323197864203e+00 6.241451617893930326e+00 5.311473258251501406e+00 4.313536818577115461e+00 4.647144458772526354e-01 0.000000000000000000e+00 0.000000000000000000e+00 0.000000000000000000e+00 0.000000000000000000e+00 0.000000000000000000e+00 0.000000000000000000e+00 0.000000000000000000e+00 0.000000000000000000e+00 0.000000000000000000e+00 0.000000000000000000e+00 0.000000000000000000e+00 0.000000000000000000e+00 0.000000000000000000e+00 0.000000000000000000e+00 0.000000000000000000e+00 0.000000000000000000e+00 0.000000000000000000e+00 0.000000000000000000e+00 0.000000000000000000e+00 0.000000000000000000e+00 0.000000000000000000e+00 0.000000000000000000e+00 0.000000000000000000e+00 0.000000000000000000e+00 0.000000000000000000e+00 0.000000000000000000e+00 0.000000000000000000e+00 0.000000000000000000e+00 0.000000000000000000e+00 0.000000000000000000e+00 0.000000000000000000e+00 0.000000000000000000e+00 0.000000000000000000e+00 0.000000000000000000e+00 0.000000000000000000e+00 0.000000000000000000e+00 0.000000000000000000e+00 0.000000000000000000e+00 0.000000000000000000e+00 0.000000000000000000e+00 0.000000000000000000e+00 0.000000000000000000e+00 0.000000000000000000e+00 0.000000000000000000e+00 0.000000000000000000e+00 0.000000000000000000e+00
2.176593598867275214e-01 1.992986755766882254e+02 1.660641232844105161e+03 -4.370587862543411917e-01 2.856658212267284966e+02 1.551251454652315864e+01 1.243745517188524303e+02 -1.204995081297861077e+02 3.076882844432002173e+01 2.584753127199280129e+02 -9.156557370111721994e+00 -6.588466935427875981e+00 -2.106633374496218902e+00 2.432753081819862473e+02 -5.977027114542401165e+01 1.728733640837833718e+02 2.943133976204403552e+02 1.836695441551458714e+02 0.000000000000000000e+00 0.000000000000000000e+00 0.000000000000000000e+00 3.546413945778081917e-10 4.345000663576859381e-06 6.304067118640728105e-05 2.513076699389067974e-04 6.610313795346457570e-04 1.452658582882292897e-03 2.867058758625185260e-03 5.310185388879421972e-03 9.479103144438552273e-03 1.631854165897437051e-02 2.724253118959628697e-02 4.441453945148349236e-02 7.133152629504203868e-02 1.116524894476464413e-01 1.713598511699708227e-01 2.588780549863393121e-01 3.836672134370457399e-01 5.555472484537972155e-01 7.865832126150341663e-01 1.090987000129278961e+00 1.467490900184704961e+00 1.915921333749440292e+00 2.429005882669219130e+00 2.997350918069488834e+00 3.625846855528358503e+00 4.365653883145284908e+00 5.329431643928342233e+00 6.599956435311892022e+00 8.098591547634976351e+00 9.381484568466971652e+00 9.746897743282310955e+00 9.186326193482834412e+00 8.699945339193709160e+00 9.049961587764173032e+00 9.030679166420350512e+00 7.346258713063361867e+00 5.696376746100599853e+00 4.821888736213180593e+00 3.384763958262126060e+00 2.218570357718680608e+00 2.129152906326836625e-01 0.000000000000000000e+00 0.000000000000000000e+00 0.000000000000000000e+00 0.000000000000000000e+00 0.000000000000000000e+00 0.000000000000000000e+00 0.000000000000000000e+00 0.000000000000000000e+00 0.000000000000000000e+00 0.000000000000000000e+00 0.000000000000000000e+00 0.000000000000000000e+00 0.000000000000000000e+00 0.000000000000000000e+00 0.000000000000000000e+00 0.000000000000000000e+00 0.000000000000000000e+00 0.000000000000000000e+00 0.000000000000000000e+00 0.000000000000000000e+00 0.000000000000000000e+00 0.000000000000000000e+00 0.000000000000000000e+00 0.000000000000000000e+00 0.000000000000000000e+00 0.000000000000000000e+00 0.000000000000000000e+00 0.000000000000000000e+00 0.000000000000000000e+00 0.000000000000000000e+00 0.000000000000000000e+00 0.000000000000000000e+00 0.000000000000000000e+00 0.000000000000000000e+00 0.000000000000000000e+00 0.000000000000000000e+00 0.000000000000000000e+00 0.000000000000000000e+00 0.000000000000000000e+00 0.000000000000000000e+00 0.000000000000000000e+00 0.000000000000000000e+00 0.000000000000000000e+00 0.000000000000000000e+00 0.000000000000000000e+00 0.000000000000000000e+00
-2.190584127587998364e-01 -1.998606267398984642e+02 -1.644014640537644482e+03 3.901162938739697328e-01 -2.828056916264941378e+02 -2.173926626033935161e+00 -1.204995081297861077e+02 1.301563192231957089e+02 -3.086497536557241972e+01 -2.653243303515124012e+02 1.211836924629213641e+01 5.191297138441690606e+00 1.972330473731930045e+00 -2.598329094374972215e+02 5.993880198637602774e+01 -1.733608052960937300e+02 -2.951432564023043028e+02 -1.779470914528118328e+02 -0.000000000000000000e+00 -0.000000000000000000e+00 -0.000000000000000000e+00 -4.558362201687841508e-10 -5.630393706218769292e-06 -8.392965621021184950e-05 -3.480997415078538595e-04 -9.555403945734191338e-04 -2.183286352672157097e-03 -4.447109811628066275e-03 -8.444917565689947711e-03 -1.536344990603033360e-02 -2.679652057196869192e-02 -4.512756739545415591e-02 -7.390410213904530234e-02 -1.187567233877299122e-01 -1.849544485100479696e-01 -2.813364861783962390e-01 -4.190711251055967979e-01 -6.071431001998437438e-01 -8.539069972007105047e-01 -1.164677397835543138e+00 -1.541926579997813240e+00 -1.962201352533059051e+00 -2.415695834220162208e+00 -2.891810239471774402e+00 -3.478167592193747382e+00 -4.455783593834566680e+00 -5.225760591951134515e+00 -6.189511920516819643e+00 -7.429719371397760064e+00 -8.782923095174117734e+00 -9.751483623348107699e+00 -9.716920757621025473e+00 -8.757538180058480393e+00 -7.990763929435955149e+00 -8.162976746682991447e+00 -8.063473363329805466e+00 -5.999437097681599163e+00 -4.156556537740072166e+00 -3.680498270644743108e+00 -2.175254680577907607e+00 -1.187908675015535431e+00 -1.266885661434680177e-01 -0.000000000000000000e+00 -0.000000000000000000e+00 -0.000000000000000000e+00 -0.000000000000000000e+00 -0.000000000000000000e+00 -0.000000000000000000e+00 -0.000000000000000000e+00 -0.000000000000000000e+00 -0.000000000000000000e+00 -0.000000000000000000e+00 -0.000000000000000000e+00 -0.000000000000000000e+00 -0.000000000000000000e+00 -0.000000000000000000e+00 -0.000000000000000000e+00 -0.000000000000000000e+00 -0.000000000000000000e+00 -0.000000000000000000e+00 -0.000000000000000000e+00 -0.000000000000000000e+00 -0.000000000000000000e+00 -0.000000000000000000e+00 -0.000000000000000000e+00 -0.000000000000000000e+00 -0.000000000000000000e+00 -0.000000000000000000e+00 -0.000000000000000000e+00 -0.000000000000000000e+00 -0.000000000000000000e+00 -0.000000000000000000e+00 -0.000000000000000000e+00 -0.000000000000000000e+00 -0.000000000000000000e+00 -0.000000000000000000e+00 -0.000000000000000000e+00 -0.000000000000000000e+00 -0.000000000000000000e+00 -0.000000000000000000e+00 -0.000000000000000000e+00 -0.000000000000000000e+00 -0.000000000000000000e+00 -0.000000000000000000e+00 -0.000000000000000000e+00 -0.000000000000000000e+00 -0.000000000000000000e+00 -0.000000000000000000e+00
1.251017982017722796e-01 1.846642494028961892e+02 1.112731406137841532e+03 1.999995557820373193e-01 1.914136085822331665e+02 -2.594924030662681602e+01 3.076882844432002173e+01 -3.086497536557241972e+01 1.750216505767644719e+02 2.632454556121953146e+02 -5.040425003168734008e+01 8.538871228418310366e+00 8.363272494824716130e-01 2.695715315459415251e+02 -5.538136280002628098e+01 1.601793385124708493e+02 2.727020764364372667e+02 4.543772513311928662e+01 0.000000000000000000e+00 0.000000000000000000e+00 0.000000000000000000e+00 5.983379387985610526e-10 8.071026648220395002e-06 1.277237741070238943e-04 5.434767926033568473e-04 1.492864204498911941e-03 3.367697609569709604e-03 6.733821755251389284e-03 1.253666671630504839e-02 2.235691481394597516e-02 3.824360335248876142e-02 6.324597060989652075e-02 1.018115053453211155e-01 1.609305604431813530e-01 2.467121541485688685e-01 3.697553905327786716e-01 5.426074046605622314e-01 7.740415056320575360e-01 1.071294812545345865e+00 1.435214826269457067e+00 1.859687534891112159e+00 2.304796595491381161e+00 2.748068661001946023e+00 3.166426779144029258e+00 3.695162585060089988e+00 4.781025499595772388e+00 5.420731083679010354e+00 6.161921344279855717e+00 7.053198224980409492e+00 7.842362611047263066e+00 8.021629692980440041e+00 7.173785290510942936e+00 5.588471987301843136e+00 4.276450386505394441e+00 3.637151941023124557e+00 2.871059365638461536e+00 9.840420103207448976e-01 -3.241250067766273668e-01 -4.537474912324252485e-01 -9.115596312721331307e-01 -8.442613787500251599e-01 -6.993034256229319068e-02 0.000000000000000000e+00 0.000000000000000000e+00 0.000000000000000000e+00 0.000000000000000000e+00 0.000000000000000000e+00 0.000000000000000000e+00 0.000000000000000000e+00 0.000000000000000000e+00 0.000000000000000000e+00 0.000000000000000000e+00 0.000000000000000000e+00 0.000000000000000000e+00 0.000000000000000000e+00 0.000000000000000000e+00 0.000000000000000000e+00 0.000000000000000000e+00 0.000000000000000000e+00 0.000000000000000000e+00 0.000000000000000000e+00 0.000000000000000000e+00 0.000000000000000000e+00 0.000000000000000000e+00 0.000000000000000000e+00 0.000000000000000000e+00 0.000000000000000000e+00 0.000000000000000000e+00 0.000000000000000000e+00 0.000000000000000000e+00 0.000000000000000000e+00 0.000000000000000000e+00 0.000000000000000000e+00 0.000000000000000000e+00 0.000000000000000000e+00 0.000000000000000000e+00 0.000000000000000000e+00 0.000000000000000000e+00 0.000000000000000000e+00 0.000000000000000000e+00 0.000000000000000000e+00 0.000000000000000000e+00 0.000000000000000000e+00 0.000000000000000000e+00 0.000000000000000000e+00 0.000000000000000000e+00 0.000000000000000000e+00 0.000000000000000000e+00
5.854458767544175046e-01 6.498988791613913918e+02 4.673449592719864995e+03 -7.124246830192537683e-01 8.039333177218348965e+02 2.591031451222819371e+01 2.584753127199280129e+02 -2.653243303515124012e+02 2.632454556121953146e+02 8.444756028583441321e+02 -6.458062478278610286e+01 -1.093694758071344708e+01 -4.336986917314647805e+00 7.780814807252309038e+02 -1.949066250048233258e+02 5.637278081744133260e+02 9.597351647332181983e+02 3.817022228947816984e+02 0.000000000000000000e+00 0.000000000000000000e+00 0.000000000000000000e+00 9.126229660233302326e-10 1.200424223152020250e-05 1.882970552282948952e-04 8.054828738798806191e-04 2.243924670861091944e-03 5.152195537146395977e-03 1.049674838725016615e-02 1.989647800651904788e-02 3.611219758344130781e-02 6.287864021044842211e-02 1.057878763205304801e-01 1.732718637975202147e-01 2.788211155881663017e-01 4.357036774358453157e-01 6.658858760051866721e-01 9.985735676196323407e-01 1.460933452375590358e+00 2.079565064905887883e+00 2.879101284450460430e+00 3.881502763659205435e+00 5.044905808457801122e+00 6.346254288723894632e+00 7.749495266046841024e+00 9.363090066479031748e+00 1.161787799363193230e+01 1.368837420377121994e+01 1.632787731552099331e+01 1.976505759276665941e+01 2.363548211721426640e+01 2.657675723518487487e+01 2.677456238497366314e+01 2.443749180355914064e+01 2.259614750786512971e+01 2.333274745459230459e+01 2.332603457169881622e+01 1.844278808772896738e+01 1.405234390981365244e+01 1.272392372820978146e+01 9.164258104417069006e+00 6.541498266663040795e+00 6.946643189314700706e-01 0.000000000000000000e+00 0.000000000000000000e+00 0.000000000000000000e+00 0.000000000000000000e+00 0.000000000000000000e+00 0.000000000000000000e+00 0.000000000000000000e+00 0.000000000000000000e+00 0.000000000000000000e+00 0.000000000000000000e+00 0.000000000000000000e+00 0.000000000000000000e+00 0.000000000000000000e+00 0.000000000000000000e+00 0.000000000000000000e+00 0.000000000000000000e+00 0.000000000000000000e+00 0.000000000000000000e+00 0.000000000000000000e+00 0.000000000000000000e+00 0.000000000000000000e+00 0.000000000000000000e+00 0.000000000000000000e+00 0.000000000000000000e+00 0.000000000000000000e+00 0.000000000000000000e+00 0.000000000000000000e+00 0.000000000000000000e+00 0.000000000000000000e+00 0.000000000000000000e+00 0.000000000000000000e+00 0.000000000000000000e+00 0.000000000000000000e+00 0.000000000000000000e+00 0.000000000000000000e+00 0.000000000000000000e+00 0.000000000000000000e+00 0.000000000000000000e+00 0.000000000000000000e+00 0.000000000000000000e+00 0.000000000000000000e+00 0.000000000000000000e+00 0.000000000000000000e+00 0.000000000000000000e+00 0.000000000000000000e+00 0.000000000000000000e+00
-2.759423607886301102e-02 -3.688339726236218041e+01 -2.374319461170022976e+02 -1.166346238106128336e-01 -4.084337455406367212e+01 2.124966690939075065e+01 -9.156557370111721994e+00 1.211836924629213641e+01 -5.040425003168734008e+01 -6.458062478278610286e+01 1.904037817714616310e+01 -5.445574421695058120e+00 -6.784316586759693291e-01 -8.313116419533776025e+01 1.106144157133394934e+01 -3.199297208139084248e+01 -5.446738636199945915e+01 -1.352190375729361449e+01 0.000000000000000000e+00 0.000000000000000000e+00 0.000000000000000000e+00 -3.396351197600659269e-10 -4.409289103286625190e-06 -6.769660404552793544e-05 -2.825374972446741150e-04 -7.675395536791937727e-04 -1.721261893797044161e-03 -3.430268979846190069e-03 -6.373849076944862815e-03 -1.134879554772054433e-02 -1.937403401253856919e-02 -3.196251523451623666e-02 -5.128319263924550203e-02 -8.070938804027792679e-02 -1.229703056344937373e-01 -1.829306113097195208e-01 -2.658507533105308740e-01 -3.742091615490829026e-01 -5.094087407661147537e-01 -6.680716552573010558e-01 -8.419794394363118162e-01 -1.006865283642470299e+00 -1.150587275635547524e+00 -1.263671492877693980e+00 -1.441113190738662508e+00 -1.973441813030992531e+00 -2.186551643086116492e+00 -2.405151814342388672e+00 -2.638460811104202719e+00 -2.751973212524249757e+00 -2.557969102067535250e+00 -1.982719064327605363e+00 -1.182562822848302719e+00 -5.092092359186831674e-01 -1.767185433704043102e-02 4.866380459700215266e-01 1.336042996132789540e+00 1.861454240760370471e+00 1.821704745405893444e+00 1.893017937556908281e+00 1.644585146990409141e+00 1.625989627337297017e-01 0.000000000000000000e+00 0.000000000000000000e+00 0.000000000000000000e+00 0.000000000000000000e+00 0.000000000000000000e+00 0.000000000000000000e+00 0.000000000000000000e+00 0.000000000000000000e+00 0.000000000000000000e+00 0.000000000000000000e+00 0.000000000000000000e+00 0.000000000000000000e+00 0.000000000000000000e+00 0.000000000000000000e+00 0.000000000000000000e+00 0.000000000000000000e+00 0.000000000000000000e+00 0.000000000000000000e+00 0.000000000000000000e+00 0.000000000000000000e+00 0.000000000000000000e+00 0.000000000000000000e+00 0.000000000000000000e+00 0.000000000000000000e+00 0.000000000000000000e+00 0.000000000000000000e+00 0.000000000000000000e+00 0.000000000000000000e+00 0.000000000000000000e+00 0.000000000000000000e+00 0.000000000000000000e+00 0.000000000000000000e+00 0.000000000000000000e+00 0.000000000000000000e+00 0.000000000000000000e+00 0.000000000000000000e+00 0.000000000000000000e+00 0.000000000000000000e+00 0.000000000000000000e+00 0.000000000000000000e+00 0.000000000000000000e+00 0.000000000000000000e+00 0.000000000000000000e+00 0.000000000000000000e+00 0.000000000000000000e+00 0.000000000000000000e+00
-1.410625055645184367e-02 -1.465379125977304930e+01 -1.092105503042912886e+02 8.244678779866104756e-02 -1.878655119617098279e+01 -1.155555393153349186e+01 -6.588466935427875981e+00 5.191297138441690606e+00 8.538871228418310366e+00 -1.093694758071345241e+01 -5.445574421695057232e+00 3.024651676410657686e+00 5.050557398283471722e-01 1.751499531939942900e+00 4.394715992821818240e+00 -1.271082301138391379e+01 -2.163991848518325867e+01 -9.729488082471343446e+00 0.000000000000000000e+00 0.000000000000000000e+00 0.000000000000000000e+00 1.229806702539918919e-10 1.573847564790671407e-06 2.379885814444169116e-05 9.799131735073804547e-05 2.631285570490589040e-04 5.843233485659568962e-04 1.154343601221403774e-03 2.128303430899551076e-03 3.760877165683552091e-03 6.368268932996083882e-03 1.041781298204045962e-02 1.655913609515086843e-02 2.578391094052863777e-02 3.877796211355467870e-02 5.684516534583047842e-02 8.112365738486701505e-02 1.114707350916363526e-01 1.472441642899955383e-01 1.855355899150165910e-01 2.211956781857413179e-01 2.443734619689716114e-01 2.503595728784837604e-01 2.364868699827820386e-01 2.446268063872178433e-01 3.971676356688867426e-01 4.015290449769487457e-01 3.812668268518035752e-01 3.300067805526123443e-01 1.999997145621841832e-01 -3.361126619370678748e-02 -3.188463301026074337e-01 -5.916479067050476326e-01 -8.273084616151477055e-01 -1.097799709356756637e+00 -1.339597621032130537e+00 -1.524499536394449573e+00 -1.577828965518903948e+00 -1.496619593619207267e+00 -1.373139120396507540e+00 -1.134804708193174250e+00 -1.148057969181758980e-01 0.000000000000000000e+00 0.000000000000000000e+00 0.000000000000000000e+00 0.000000000000000000e+00 0.000000000000000000e+00 0.000000000000000000e+00 0.000000000000000000e+00 0.000000000000000000e+00 0.000000000000000000e+00 0.000000000000000000e+00 0.000000000000000000e+00 0.000000000000000000e+00 0.000000000000000000e+00 0.000000000000000000e+00 0.000000000000000000e+00 0.000000000000000000e+00 0.000000000000000000e+00 0.000000000000000000e+00 0.000000000000000000e+00 0.000000000000000000e+00 0.000000000000000000e+00 0.000000000000000000e+00 0.000000000000000000e+00 0.000000000000000000e+00 0.000000000000000000e+00 0.000000000000000000e+00 0.000000000000000000e+00 0.000000000000000000e+00 0.000000000000000000e+00 0.000000000000000000e+00 0.000000000000000000e+00 0.000000000000000000e+00 0.000000000000000000e+00 0.000000000000000000e+00 0.000000000000000000e+00 0.000000000000000000e+00 0.000000000000000000e+00 0.000000000000000000e+00 0.000000000000000000e+00 0.000000000000000000e+00 0.000000000000000000e+00 0.000000000000000000e+00 0.000000000000000000e+00 0.000000000000000000e+00 0.000000000000000000e+00 0.000000000000000000e+00
-4.251650940367034288e-03 -4.248984438711117306e+00 -3.265612343984526689e+01 1.595473325618151222e-02 -5.617551904662696494e+00 -1.785874005553522936e+00 -2.106633374496218902e+00 1.972330473731930045e+00 8.363272494824716130e-01 -4.336986917314648693e+00 -6.784316586759691070e-01 5.050557398283471722e-01 9.464103500942955272e-02 -2.320346257264954026e+00 1.274283189587620324e+00 -3.685605193984312855e+00 -6.274668122981355012e+00 -3.110961094922187531e+00 0.000000000000000000e+00 0.000000000000000000e+00 0.000000000000000000e+00 1.445358271691499639e-11 1.861837113836073304e-07 2.818406794739205508e-06 1.156006808776708451e-05 3.081808632877244082e-05 6.783925454453059388e-05 1.327565118652124481e-04 2.424903534545232360e-04 4.244319281888442688e-04 7.114389766685678528e-04 1.151806064134304215e-03 1.810371522205752237e-03 2.783993555562969124e-03 4.126132385680826055e-03 5.949914260289252549e-03 8.319999485816081605e-03 1.112518813038709635e-02 1.418386754922397117e-02 1.699580751312212978e-02 1.874511831856985958e-02 1.815091272667509331e-02 1.459313502855137841e-02 7.777649306893938408e-03 3.297759232581951461e-03 1.722072755188638546e-02 1.042296944781217517e-02 -2.016636866061629566e-03 -2.186827500818879638e-02 -5.483456053050720508e-02 -9.983375133906548238e-02 -1.428844489373523874e-01 -1.750564194346183322e-01 -2.034580640800819906e-01 -2.462669000256485219e-01 -2.820941218132964612e-01 -2.906422797454915607e-01 -2.813475154173308290e-01 -2.644144197526751561e-01 -2.315854002855908811e-01 -1.860093840362796735e-01 -1.889453145889162869e-02 0.000000000000000000e+00 0.000000000000000000e+00 0.000000000000000000e+00 0.000000000000000000e+00 0.000000000000000000e+00 0.000000000000000000e+00 0.000000000000000000e+00 0.000000000000000000e+00 0.000000000000000000e+00 0.000000000000000000e+00 0.000000000000000000e+00 0.000000000000000000e+00 0.000000000000000000e+00 0.000000000000000000e+00 0.000000000000000000e+00 0.000000000000000000e+00 0.000000000000000000e+00 0.000000000000000000e+00 0.000000000000000000e+00 0.000000000000000000e+00 0.000000000000000000e+00 0.000000000000000000e+00 0.000000000000000000e+00 0.000000000000000000e+00 0.000000000000000000e+00 0.000000000000000000e+00 0.000000000000000000e+00 0.000000000000000000e+00 0.000000000000000000e+00 0.000000000000000000e+00 0.000000000000000000e+00 0.000000000000000000e+00 0.000000000000000000e+00 0.000000000000000000e+00 0.000000000000000000e+00 0.000000000000000000e+00 0.000000000000000000e+00 0.000000000000000000e+00 0.000000000000000000e+00 0.000000000000000000e+00 0.000000000000000000e+00 0.000000000000000000e+00 0.000000000000000000e+00 0.000000000000000000e+00 0.000000000000000000e+00 0.000000000000000000e+00
5.280232555583167509e-01 5.692026757274882129e+02 4.178351736006185092e+03 -4.160736278225117268e-01 7.187658938204776859e+02 -2.847715130471755884e+01 2.432753081819862473e+02 -2.598329094374972215e+02 2.695715315459415251e+02 7.780814807252309038e+02 -8.313116419533776025e+01 1.751499531939929355e+00 -2.320346257264954470e+00 7.765781686069149146e+02 -1.707055913266303833e+02 4.937312358638248497e+02 8.405674194434935771e+02 3.592556864766990543e+02 0.000000000000000000e+00 0.000000000000000000e+00 0.000000000000000000e+00 1.517905128053440741e-09 1.959266162741589770e-05 3.012506701944505857e-04 1.266480677832807194e-03 3.477766036070919879e-03 7.892547716869393465e-03 1.592023916956379972e-02 2.992121519483500330e-02 5.387570027722688587e-02 9.303763499825525030e-02 1.552453785157640043e-01 2.520527102641142436e-01 4.017125770218094027e-01 6.207695434242890276e-01 9.374133814269296483e-01 1.386214165493346862e+00 1.993345357363392578e+00 2.782002827192997074e+00 3.762284283333452883e+00 4.930816644753955202e+00 6.198179242536212996e+00 7.519812408889757549e+00 8.849056560393840698e+00 1.050283377386456074e+01 1.351348597492959769e+01 1.561743647293696569e+01 1.817708436858922383e+01 2.139344301597583708e+01 2.467552823453684141e+01 2.654656325233989733e+01 2.543637922911885596e+01 2.183743351969443580e+01 1.890524555555801456e+01 1.840564935181039630e+01 1.728629425669599584e+01 1.143282293212394052e+01 6.673604999360883916e+00 5.702496113197417671e+00 2.572485344632231108e+00 9.752200466924594302e-01 1.289410829614566212e-01 0.000000000000000000e+00 0.000000000000000000e+00 0.000000000000000000e+00 0.000000000000000000e+00 0.000000000000000000e+00 0.000000000000000000e+00 0.000000000000000000e+00 0.000000000000000000e+00 0.000000000000000000e+00 0.000000000000000000e+00 0.000000000000000000e+00 0.000000000000000000e+00 0.000000000000000000e+00 0.000000000000000000e+00 0.000000000000000000e+00 0.000000000000000000e+00 0.000000000000000000e+00 0.000000000000000000e+00 0.000000000000000000e+00 0.000000000000000000e+00 0.000000000000000000e+00 0.000000000000000000e+00 0.000000000000000000e+00 0.000000000000000000e+00 0.000000000000000000e+00 0.000000000000000000e+00 0.000000000000000000e+00 0.000000000000000000e+00 0.000000000000000000e+00 0.000000000000000000e+00 0.000000000000000000e+00 0.000000000000000000e+00 0.000000000000000000e+00 0.000000000000000000e+00 0.000000000000000000e+00 0.000000000000000000e+00 0.000000000000000000e+00 0.000000000000000000e+00 0.000000000000000000e+00 0.000000000000000000e+00 0.000000000000000000e+00 0.000000000000000000e+00 0.000000000000000000e+00 0.000000000000000000e+00 0.000000000000000000e+00 0.000000000000000000e+00
