0.0266589614395958372783379530801539658568799495697021484375000000 0.0902933415352776824747138562088366597890853881835937500000000000 0.9196838006341810922705803932331036776304244995117187500000000000 -0.0002037126808059663341833600558317129980423487722873687744140625 0.0949856977597156731940586382734181825071573257446289062500000000 0.0287875521475068063548263808115734718739986419677734375000000000 0.0278483144232716910149161293475117417983710765838623046875000000 0.0456807775509899954835546509457344654947519302368164062500000000 0.0258274808579277148634645300262491218745708465576171875000000000 0.1161506990341952261225344500417122617363929748535156250000000000 0.0358232526583735499947636071738088503479957580566406250000000000
0.0902933415352776824747138562088366597890853881835937500000000000 147.1929184532860972467460669577121734619140625000000000000000000000 1485.5772449612584296119166538119316101074218750000000000000000000000 -0.2357026196968744213844360047005466185510158538818359375000000000 153.4316371466993018657376524060964584350585937500000000000000000000 39.5110915976218919354323588777333498001098632812500000000000000000 43.4529422314488158463063882663846015930175781250000000000000000000 38.4480038705315081415392342023551464080810546875000000000000000000 30.3908875568229284169774473411962389945983886718750000000000000000 189.3446413715105904884694609791040420532226562500000000000000000000 55.8965869405041573259040887933224439620971679687500000000000000000
0.9196838006341810922705803932331036776304244995117187500000000000 1485.5772449612584296119166538119316101074218750000000000000000000000 15526.8433526725057163275778293609619140625000000000000000000000000000 -2.8580385823923895038944920088397338986396789550781250000000000000 1603.6251251162743756140116602182388305664062500000000000000000000000 410.8147516420330589426157530397176742553710937500000000000000000000 514.4841863588800379147869534790515899658203125000000000000000000000 453.8299745390225439223286230117082595825195312500000000000000000000 228.1359918291612700613768538460135459899902343750000000000000000000 1911.0028772623097665928071364760398864746093750000000000000000000000 661.8173264113358982285717502236366271972656250000000000000000000000
-0.0002037126808059663341833600558317129980423487722873687744140625 -0.2357026196968744213844360047005466185510158538818359375000000000 -2.8580385823923895038944920088397338986396789550781250000000000000 0.0010753813647956707039848867069053994782734662294387817382812500 -0.2951805705238382260269247581163654103875160217285156250000000000 -0.0999073907454423870699855569910141639411449432373046875000000000 -0.1377962525509572322413021083775674924254417419433593750000000000 -0.1190162799962767997685730847479135263711214065551757812500000000 0.0604618038955260506117639351941761560738086700439453125000000000 -0.3032009179911324681100381894793827086687088012695312500000000000 -0.1772570467096178103982850871034315787255764007568359375000000000
0.0949856977597156731940586382734181825071573257446289062500000000 153.4316371466993018657376524060964584350585937500000000000000000000 1603.6251251162743756140116602182388305664062500000000000000000000000 -0.2951805705238382260269247581163654103875160217285156250000000000 165.6237190968733443696692120283842086791992187500000000000000000000 42.4292847256795297994358406867831945419311523437500000000000000000 53.1363490298944967094030289445072412490844726562500000000000000000 46.8719322512125486923650896642357110977172851562500000000000000000 23.5620724786660638017110613873228430747985839843750000000000000000 197.3699456187183614019886590540409088134765625000000000000000000000 68.3530366581448447504953946918249130249023437500000000000000000000
0.0287875521475068063548263808115734718739986419677734375000000000 39.5110915976218919354323588777333498001098632812500000000000000000 410.8147516420330589426157530397176742553710937500000000000000000000 -0.0999073907454423870699855569910141639411449432373046875000000000 42.4292847256795297994358406867831945419311523437500000000000000000 15.4465616741307805170890787849202752113342285156250000000000000000 13.3781915672446807263895607320591807365417480468750000000000000000 10.4261371920213807840127628878690302371978759765625000000000000000 2.6411424944323336205798113951459527015686035156250000000000000000 50.8259062145228099893756734672933816909790039062500000000000000000 17.2093121810287748019163700519129633903503417968750000000000000000
0.0278483144232716910149161293475117417983710765838623046875000000 43.4529422314488158463063882663846015930175781250000000000000000000 514.4841863588800379147869534790515899658203125000000000000000000000 -0.1377962525509572322413021083775674924254417419433593750000000000 53.1363490298944967094030289445072412490844726562500000000000000000 13.3781915672446807263895607320591807365417480468750000000000000000 23.6367886669779778685551718808710575103759765625000000000000000000 20.7156080684836787497715704375877976417541503906250000000000000000 -2.2167007560723814840741852094652131199836730957031250000000000000 55.8965869405041573259040887933224439620971679687500000000000000000 30.4056697859652764748261688509956002235412597656250000000000000000
0.0456807775509899954835546509457344654947519302368164062500000000 38.4480038705315081415392342023551464080810546875000000000000000000 453.8299745390225439223286230117082595825195312500000000000000000000 -0.1190162799962767997685730847479135263711214065551757812500000000 46.8719322512125486923650896642357110977172851562500000000000000000 10.4261371920213807840127628878690302371978759765625000000000000000 20.7156080684836787497715704375877976417541503906250000000000000000 20.6936539306307132335405185585841536521911621093750000000000000000 -3.2787309494744514282160707807634025812149047851562500000000000000 49.4583814276814734967047115787863731384277343750000000000000000000 26.6479489756475160788795619737356901168823242187500000000000000000
0.0258274808579277148634645300262491218745708465576171875000000000 30.3908875568229284169774473411962389945983886718750000000000000000 228.1359918291612700613768538460135459899902343750000000000000000000 0.0604618038955260506117639351941761560738086700439453125000000000 23.5620724786660638017110613873228430747985839843750000000000000000 2.6411424944323336205798113951459527015686035156250000000000000000 -2.2167007560723814840741852094652131199836730957031250000000000000 -3.2787309494744514282160707807634025812149047851562500000000000000 25.2688199136012201506673591211438179016113281250000000000000000000 39.0939439605905505459304549731314182281494140625000000000000000000 -2.8514986596973153076817197870695963501930236816406250000000000000
0.1161506990341952261225344500417122617363929748535156250000000000 189.3446413715105904884694609791040420532226562500000000000000000000 1911.0028772623097665928071364760398864746093750000000000000000000000 -0.3032009179911324681100381894793827086687088012695312500000000000 197.3699456187183614019886590540409088134765625000000000000000000000 50.8259062145228099893756734672933816909790039062500000000000000000 55.8965869405041573259040887933224439620971679687500000000000000000 49.4583814276814734967047115787863731384277343750000000000000000000 39.0939439605905505459304549731314182281494140625000000000000000000 243.5673780561932915134093491360545158386230468750000000000000000000 71.9037255280737213070096913725137710571289062500000000000000000000
0.0358232526583735499947636071738088503479957580566406250000000000 55.8965869405041573259040887933224439620971679687500000000000000000 661.8173264113358982285717502236366271972656250000000000000000000000 -0.1772570467096178103982850871034315787255764007568359375000000000 68.3530366581448447504953946918249130249023437500000000000000000000 17.2093121810287748019163700519129633903503417968750000000000000000 30.4056697859652764748261688509956002235412597656250000000000000000 26.6479489756475160788795619737356901168823242187500000000000000000 -2.8514986596973153076817197870695963501930236816406250000000000000 71.9037255280737213070096913725137710571289062500000000000000000000 39.1129593854156070165117853321135044097900390625000000000000000000
