0.0372688470340556202153869946869235718622803688049316406250000000 0.1485377670171210695571062387898564338684082031250000000000000000 1.6260156554256062211294420194462873041629791259765625000000000000 -0.0004384957970645902286532802349938719999045133590698242187500000 0.1524703827220171559186923104789457283914089202880859375000000000 0.0642594472082654161182446728162176441401243209838867187500000000 0.0435695019556809545746567380319902440533041954040527343750000000 0.0757436960943108639199294884747359901666641235351562500000000000 0.0284851665857564322059669592590580577962100505828857421875000000 0.1875378674029687386948239691264461725950241088867187500000000000 0.0550091175104042984234098412343882955610752105712890625000000000
0.1485377670171210695571062387898564338684082031250000000000000000 281.0224245906778719472640659660100936889648437500000000000000000000 2994.4707783317535358946770429611206054687500000000000000000000000000 -0.4765379291442699005720839977584546431899070739746093750000000000 280.7894893869475936298840679228305816650390625000000000000000000000 90.9915165425424277145793894305825233459472656250000000000000000000 71.5143518934459478941789711825549602508544921875000000000000000000 58.0854215255966224162875732872635126113891601562500000000000000000 53.5046192242956522022723220288753509521484375000000000000000000000 354.8077183230620335052662994712591171264648437500000000000000000000 90.2911718152894309241673909127712249755859375000000000000000000000
1.6260156554256062211294420194462873041629791259765625000000000000 2994.4707783317535358946770429611206054687500000000000000000000000000 32943.3645103303279029205441474914550781250000000000000000000000000000 -6.1513017150915532127442020282614976167678833007812500000000000000 3089.0768968188385770190507173538208007812500000000000000000000000000 998.1099853041407641285331919789314270019531250000000000000000000000 900.1491458051009431073907762765884399414062500000000000000000000000 731.5980905898868513759225606918334960937500000000000000000000000000 408.6171954319432870761374942958354949951171875000000000000000000000 3780.6995153233669952896889299154281616210937500000000000000000000000 1136.4924526530319326411699876189231872558593750000000000000000000000
-0.0004384957970645902286532802349938719999045133590698242187500000 -0.4765379291442699005720839977584546431899070739746093750000000000 -6.1513017150915532127442020282614976167678833007812500000000000000 0.0023182642591672085290166460680438831332139670848846435546875000 -0.5768033804650658513679672978469170629978179931640625000000000000 -0.2167209766090246736425228846201207488775253295898437500000000000 -0.2644696289009111356271830572950420901179313659667968750000000000 -0.2164032422255687260204126687312964349985122680664062500000000000 0.1334653451207430119307417726304265670478343963623046875000000000 -0.6016578057083781239100517268525436520576477050781250000000000000 -0.3339088178915099458521353881224058568477630615234375000000000000
0.1524703827220171559186923104789457283914089202880859375000000000 280.7894893869475936298840679228305816650390625000000000000000000000 3089.0768968188385770190507173538208007812500000000000000000000000000 -0.5768033804650658513679672978469170629978179931640625000000000000 289.6606408087921522565011400729417800903320312500000000000000000000 93.5920948548037472392024938017129898071289062500000000000000000000 84.4063735240462023057261831127107143402099609375000000000000000000 68.6014556494167209166334941983222961425781250000000000000000000000 38.3157566573356476169465167913585901260375976562500000000000000000 354.5136236141681820299709215760231018066406250000000000000000000000 106.5681247523632322327102883718907833099365234375000000000000000000
0.0642594472082654161182446728162176441401243209838867187500000000 90.9915165425424277145793894305825233459472656250000000000000000000 998.1099853041407641285331919789314270019531250000000000000000000000 -0.2167209766090246736425228846201207488775253295898437500000000000 93.5920948548037472392024938017129898071289062500000000000000000000 35.4452933344678982052755600307136774063110351562500000000000000000 26.9623517795567479993223969358950853347778320312500000000000000000 20.3338145969005061886036855867132544517517089843750000000000000000 8.4551699977279390907369815977290272712707519531250000000000000000 114.8822639981079589688306441530585289001464843750000000000000000000 34.0415912696727218644809909164905548095703125000000000000000000000
0.0435695019556809545746567380319902440533041954040527343750000000 71.5143518934459478941789711825549602508544921875000000000000000000 900.1491458051009431073907762765884399414062500000000000000000000000 -0.2644696289009111356271830572950420901179313659667968750000000000 84.4063735240462023057261831127107143402099609375000000000000000000 26.9623517795567479993223969358950853347778320312500000000000000000 36.6235722036421122993488097563385963439941406250000000000000000000 29.8102482066753324829733173828572034835815429687500000000000000000 -7.9289400149928788152919878484681248664855957031250000000000000000 90.2911718152894309241673909127712249755859375000000000000000000000 46.2394633073891228036700340453535318374633789062500000000000000000
0.0757436960943108639199294884747359901666641235351562500000000000 58.0854215255966224162875732872635126113891601562500000000000000000 731.5980905898868513759225606918334960937500000000000000000000000000 -0.2164032422255687260204126687312964349985122680664062500000000000 68.6014556494167209166334941983222961425781250000000000000000000000 20.3338145969005061886036855867132544517517089843750000000000000000 29.8102482066753324829733173828572034835815429687500000000000000000 28.2285659165292663885793444933369755744934082031250000000000000000 -9.6015097025354414483899745391681790351867675781250000000000000000 73.3363392951591066548644448630511760711669921875000000000000000000 37.6372318481714813742655678652226924896240234375000000000000000000
0.0284851665857564322059669592590580577962100505828857421875000000 53.5046192242956522022723220288753509521484375000000000000000000000 408.6171954319432870761374942958354949951171875000000000000000000000 0.1334653451207430119307417726304265670478343963623046875000000000 38.3157566573356476169465167913585901260375976562500000000000000000 8.4551699977279390907369815977290272712707519531250000000000000000 -7.9289400149928788152919878484681248664855957031250000000000000000 -9.6015097025354414483899745391681790351867675781250000000000000000 46.3980565694475401983254414517432451248168945312500000000000000000 67.5528007929169405088032362982630729675292968750000000000000000000 -10.0107638012791202442031135433353483676910400390625000000000000000
0.1875378674029687386948239691264461725950241088867187500000000000 354.8077183230620335052662994712591171264648437500000000000000000000 3780.6995153233669952896889299154281616210937500000000000000000000000 -0.6016578057083781239100517268525436520576477050781250000000000000 354.5136236141681820299709215760231018066406250000000000000000000000 114.8822639981079589688306441530585289001464843750000000000000000000 90.2911718152894309241673909127712249755859375000000000000000000000 73.3363392951591066548644448630511760711669921875000000000000000000 67.5528007929169405088032362982630729675292968750000000000000000000 447.9660908376965835486771538853645324707031250000000000000000000000 113.9980366447991713130249991081655025482177734375000000000000000000
0.0550091175104042984234098412343882955610752105712890625000000000 90.2911718152894309241673909127712249755859375000000000000000000000 1136.4924526530319326411699876189231872558593750000000000000000000000 -0.3339088178915099458521353881224058568477630615234375000000000000 106.5681247523632322327102883718907833099365234375000000000000000000 34.0415912696727218644809909164905548095703125000000000000000000000 46.2394633073891228036700340453535318374633789062500000000000000000 37.6372318481714813742655678652226924896240234375000000000000000000 -10.0107638012791202442031135433353483676910400390625000000000000000 113.9980366447991713130249991081655025482177734375000000000000000000 58.3801043510102459777044714428484439849853515625000000000000000000
