8.182079702170639290e-01 -7.559045829642688119e+00 -5.612403255401519431e+01 3.450749217564313964e-02 -8.533163132059902622e+00 -4.288926548640160874e+00 -2.336847368581929096e+00 -3.361969970466590074e-01 1.497194764876405682e+00 -1.072001111438929222e+01 -3.314046551430125387e+00
-7.559045829642688119e+00 5.531807769960848418e+03 4.027622287670454534e+04 -1.335901098584155200e+01 6.123643731753468273e+03 2.201142227988672403e+03 1.564332874453019485e+03 1.126752237489003619e+03 8.574466922242188502e+02 7.845043159296261365e+03 2.218489764274070694e+03
-5.612403255401519431e+01 4.027622287670454534e+04 3.040591660744440742e+05 -1.173423521173383932e+02 4.622950896149930486e+04 1.650788119991938584e+04 1.337032785411327313e+04 1.015813222871029939e+04 3.268716146532689436e+03 5.711852614925896341e+04 1.896139624356504646e+04
3.450749217564313964e-02 -1.335901098584155200e+01 -1.173423521173383932e+02 8.530698476428162647e-02 -1.784086758115936888e+01 -7.295447713024675984e+00 -7.455014609416030780e+00 -6.348927172196153990e+00 5.619178541152526130e+00 -1.894534700185028697e+01 -1.057247717132203135e+01
-8.533163132059902622e+00 6.123643731753468273e+03 4.622950896149930486e+04 -1.784086758115936888e+01 7.028788266485258646e+03 2.509877441682496737e+03 2.032840184790155035e+03 1.544454228965037146e+03 4.969794015409924555e+02 8.684367093996106632e+03 2.882912720183590864e+03
-4.288926548640160874e+00 2.201142227988672403e+03 1.650788119991938584e+04 -7.295447713024675984e+00 2.509877441682496737e+03 1.019015286728218484e+03 7.106845643782652360e+02 5.028709303538749396e+02 6.506263313275420046e+01 3.121593608528967252e+03 1.007871443123666722e+03
-2.336847368581929096e+00 1.564332874453019485e+03 1.337032785411327313e+04 -7.455014609416030780e+00 2.032840184790155035e+03 7.106845643782652360e+02 8.051390420954281808e+02 6.765902964115484792e+02 -3.022583796789374446e+02 2.218489764274070694e+03 1.141823938418920761e+03
-3.361969970466590074e-01 1.126752237489003619e+03 1.015813222871029939e+04 -6.348927172196153990e+00 1.544454228965037146e+03 5.028709303538749396e+02 6.765902964115484792e+02 6.852103609210332706e+02 -4.430547904692869565e+02 1.597926085019658103e+03 9.595199792250217570e+02
1.497194764876405682e+00 8.574466922242188502e+02 3.268716146532689436e+03 5.619178541152526130e+00 4.969794015409924555e+02 6.506263313275420046e+01 -3.022583796789374446e+02 -4.430547904692869565e+02 1.328331649529181732e+03 1.216005072306123338e+03 -4.286537299283273228e+02
-1.072001111438929222e+01 7.845043159296261365e+03 5.711852614925896341e+04 -1.894534700185028697e+01 8.684367093996106632e+03 3.121593608528967252e+03 2.218489764274070694e+03 1.597926085019658103e+03 1.216005072306123338e+03 1.112560391296038324e+04 3.146195361974816478e+03
-3.314046551430125387e+00 2.218489764274070694e+03 1.896139624356504646e+04 -1.057247717132203135e+01 2.882912720183590864e+03 1.007871443123666722e+03 1.141823938418920761e+03 9.595199792250217570e+02 -4.286537299283273228e+02 3.146195361974816478e+03 1.619300317313352252e+03
