# A b_HI Tb sigma_NL sigma8tot n_s f DA H omegak omegaDE w0 wa h gamma sigma_8 fs8 bs8 pk0 pk1 pk2 pk3 pk4 pk5 pk6 pk7 pk8 pk9 pk10 pk11 pk12 pk13 pk14 pk15 pk16 pk17 pk18 pk19 pk20 pk21 pk22 pk23 pk24 pk25 pk26 pk27 pk28 pk29 pk30 pk31 pk32 pk33 pk34 pk35 pk36 pk37 pk38 pk39 pk40 pk41 pk42 pk43 pk44 pk45 pk46 pk47 pk48 pk49 pk50 pk51 pk52 pk53 pk54 pk55 pk56 pk57 pk58 pk59 pk60 pk61 pk62 pk63 pk64 pk65 pk66 pk67 pk68 pk69 pk70 pk71 pk72 pk73 pk74 pk75 pk76 pk77 pk78 pk79 pk80 pk81 pk82 pk83 pk84 pk85 pk86 pk87 pk88 pk89
1.908394376639625190e+00 -1.296925168203053680e+01 -9.330069258267683097e+01 5.894094298589393904e-02 -1.478700347928309711e+01 -7.427142127819252870e+00 -4.027638471497708927e+00 -1.148003211202299097e-02 3.601663395880636109e+00 -9.244433246362113721e+00 -3.905449052632973039e+00 2.461557738547375251e+00 3.372752684504666809e-01 4.346663161462779534e+00 4.414620189490244151e+00 -1.092646855307767240e+01 -1.863424628828442664e+01 -5.786918866108947235e+00 0.000000000000000000e+00 0.000000000000000000e+00 0.000000000000000000e+00 0.000000000000000000e+00 0.000000000000000000e+00 0.000000000000000000e+00 0.000000000000000000e+00 0.000000000000000000e+00 0.000000000000000000e+00 0.000000000000000000e+00 0.000000000000000000e+00 0.000000000000000000e+00 0.000000000000000000e+00 0.000000000000000000e+00 0.000000000000000000e+00 0.000000000000000000e+00 0.000000000000000000e+00 0.000000000000000000e+00 0.000000000000000000e+00 0.000000000000000000e+00 0.000000000000000000e+00 9.590666843363022214e-18 -3.318163559421546011e-17 -2.679934817710202504e-16 -7.044303490941806307e-16 -6.372367679054805866e-16 -3.505636420952538794e-03 -8.267230771928799071e-02 -2.277252219255690990e-01 -3.057149357594903805e-01 -7.002353665041186059e-02 6.619293826427763427e-01 1.573423310423994970e+00 1.342356370146885691e+00 -1.501680440089991020e+00 -4.385854035862551292e+00 2.118749881503977917e-01 7.425491247802982642e+00 -1.622029126338303762e+00 -1.003897229290289594e+01 1.032386632346665856e+01 -4.926904646176745395e+00 -4.541113531062384467e+00 0.000000000000000000e+00 0.000000000000000000e+00 0.000000000000000000e+00 0.000000000000000000e+00 0.000000000000000000e+00 0.000000000000000000e+00 0.000000000000000000e+00 0.000000000000000000e+00 0.000000000000000000e+00 0.000000000000000000e+00 0.000000000000000000e+00 0.000000000000000000e+00 0.000000000000000000e+00 0.000000000000000000e+00 0.000000000000000000e+00 0.000000000000000000e+00 0.000000000000000000e+00 0.000000000000000000e+00 0.000000000000000000e+00 0.000000000000000000e+00 0.000000000000000000e+00 0.000000000000000000e+00 0.000000000000000000e+00 0.000000000000000000e+00 0.000000000000000000e+00 0.000000000000000000e+00 0.000000000000000000e+00 0.000000000000000000e+00 0.000000000000000000e+00 0.000000000000000000e+00 0.000000000000000000e+00 0.000000000000000000e+00 0.000000000000000000e+00 0.000000000000000000e+00 0.000000000000000000e+00 0.000000000000000000e+00 0.000000000000000000e+00 0.000000000000000000e+00 0.000000000000000000e+00 0.000000000000000000e+00 0.000000000000000000e+00 0.000000000000000000e+00 0.000000000000000000e+00 0.000000000000000000e+00 0.000000000000000000e+00 0.000000000000000000e+00 0.000000000000000000e+00
-1.296925168203053680e+01 1.357651224876119340e+04 9.546121198103453207e+04 -3.450807551743541524e+01 1.512941902815229150e+04 5.590667980783052371e+03 3.800871877844222126e+03 -2.598520953029578777e+03 2.449886905094946542e+03 1.433647590002297693e+04 9.909914347752335289e+02 -1.204178066394195412e+03 -1.850671182919156479e+02 6.983622221002350670e+03 -4.621326391505339416e+03 1.143807968135116789e+04 1.950675946321962329e+04 5.461100178979205339e+03 0.000000000000000000e+00 0.000000000000000000e+00 0.000000000000000000e+00 0.000000000000000000e+00 0.000000000000000000e+00 0.000000000000000000e+00 0.000000000000000000e+00 0.000000000000000000e+00 0.000000000000000000e+00 0.000000000000000000e+00 0.000000000000000000e+00 0.000000000000000000e+00 0.000000000000000000e+00 0.000000000000000000e+00 0.000000000000000000e+00 0.000000000000000000e+00 0.000000000000000000e+00 0.000000000000000000e+00 0.000000000000000000e+00 0.000000000000000000e+00 0.000000000000000000e+00 1.141623702459708400e-02 1.667396192550557876e-01 5.041807887493181539e-01 1.090880258815884130e+00 2.067538636296201382e+00 3.657770965158408050e+00 6.134482246447071851e+00 9.952818504789178178e+00 1.584702807628512389e+01 2.471201115683840044e+01 3.792433690132309465e+01 5.735369112446570483e+01 8.592525985014782464e+01 1.263250543854196195e+02 1.841506675466811203e+02 2.685539922065185579e+02 3.873946772893467596e+02 5.435650975816167829e+02 7.511624360396050406e+02 1.040452017904276772e+03 1.369392639811495883e+03 1.393721496729544924e+03 0.000000000000000000e+00 0.000000000000000000e+00 0.000000000000000000e+00 0.000000000000000000e+00 0.000000000000000000e+00 0.000000000000000000e+00 0.000000000000000000e+00 0.000000000000000000e+00 0.000000000000000000e+00 0.000000000000000000e+00 0.000000000000000000e+00 0.000000000000000000e+00 0.000000000000000000e+00 0.000000000000000000e+00 0.000000000000000000e+00 0.000000000000000000e+00 0.000000000000000000e+00 0.000000000000000000e+00 0.000000000000000000e+00 0.000000000000000000e+00 0.000000000000000000e+00 0.000000000000000000e+00 0.000000000000000000e+00 0.000000000000000000e+00 0.000000000000000000e+00 0.000000000000000000e+00 0.000000000000000000e+00 0.000000000000000000e+00 0.000000000000000000e+00 0.000000000000000000e+00 0.000000000000000000e+00 0.000000000000000000e+00 0.000000000000000000e+00 0.000000000000000000e+00 0.000000000000000000e+00 0.000000000000000000e+00 0.000000000000000000e+00 0.000000000000000000e+00 0.000000000000000000e+00 0.000000000000000000e+00 0.000000000000000000e+00 0.000000000000000000e+00 0.000000000000000000e+00 0.000000000000000000e+00 0.000000000000000000e+00 0.000000000000000000e+00 0.000000000000000000e+00
-9.330069258267683097e+01 9.546121198103453207e+04 6.963436192051139660e+05 -2.934935130452249155e+02 1.103618337113439047e+05 4.051640977419989213e+04 3.145087663856258587e+04 -2.277953438217240910e+04 8.029740508001133094e+03 9.887043766400516324e+04 9.437017415410871763e+03 -9.435052301241632449e+03 -1.455452399708092116e+03 4.505919847126032255e+04 -3.249416420136141096e+04 8.042514374168956419e+04 1.371588568596749683e+05 4.518868132364508347e+04 0.000000000000000000e+00 0.000000000000000000e+00 0.000000000000000000e+00 0.000000000000000000e+00 0.000000000000000000e+00 0.000000000000000000e+00 0.000000000000000000e+00 0.000000000000000000e+00 0.000000000000000000e+00 0.000000000000000000e+00 0.000000000000000000e+00 0.000000000000000000e+00 0.000000000000000000e+00 0.000000000000000000e+00 0.000000000000000000e+00 0.000000000000000000e+00 0.000000000000000000e+00 0.000000000000000000e+00 0.000000000000000000e+00 0.000000000000000000e+00 0.000000000000000000e+00 1.210915874516391849e-01 1.696884830238816200e+00 4.897952813159614394e+00 1.015540886716064328e+01 1.853520540020399920e+01 3.170988518764285402e+01 5.168073093619437941e+01 8.180868881295940298e+01 1.274954386778915421e+02 1.952357257946827929e+02 2.949633790326805070e+02 4.402678524400130868e+02 6.522230718326825354e+02 9.501751629184307149e+02 1.374303324463907757e+03 1.990398974595790150e+03 2.855020672197033946e+03 3.988270162704516679e+03 5.489072064602398314e+03 7.565771955687412628e+03 9.901621816021650375e+03 1.000347223087136626e+04 0.000000000000000000e+00 0.000000000000000000e+00 0.000000000000000000e+00 0.000000000000000000e+00 0.000000000000000000e+00 0.000000000000000000e+00 0.000000000000000000e+00 0.000000000000000000e+00 0.000000000000000000e+00 0.000000000000000000e+00 0.000000000000000000e+00 0.000000000000000000e+00 0.000000000000000000e+00 0.000000000000000000e+00 0.000000000000000000e+00 0.000000000000000000e+00 0.000000000000000000e+00 0.000000000000000000e+00 0.000000000000000000e+00 0.000000000000000000e+00 0.000000000000000000e+00 0.000000000000000000e+00 0.000000000000000000e+00 0.000000000000000000e+00 0.000000000000000000e+00 0.000000000000000000e+00 0.000000000000000000e+00 0.000000000000000000e+00 0.000000000000000000e+00 0.000000000000000000e+00 0.000000000000000000e+00 0.000000000000000000e+00 0.000000000000000000e+00 0.000000000000000000e+00 0.000000000000000000e+00 0.000000000000000000e+00 0.000000000000000000e+00 0.000000000000000000e+00 0.000000000000000000e+00 0.000000000000000000e+00 0.000000000000000000e+00 0.000000000000000000e+00 0.000000000000000000e+00 0.000000000000000000e+00 0.000000000000000000e+00 0.000000000000000000e+00 0.000000000000000000e+00
5.894094298589393904e-02 -3.450807551743541524e+01 -2.934935130452249155e+02 2.350698151822739612e-01 -4.651508449094347952e+01 -1.955484458870958164e+01 -1.922689600658439701e+01 1.572754749576384725e+01 1.982899910315520131e+01 -2.879757770031602249e+01 -1.043507203741046041e+01 6.266597157468784651e+00 9.483381659545624398e-01 -6.143944571547829137e-01 1.174624801913576100e+01 -2.907271839676830538e+01 -4.958127067713229508e+01 -2.762524194378435638e+01 0.000000000000000000e+00 0.000000000000000000e+00 0.000000000000000000e+00 0.000000000000000000e+00 0.000000000000000000e+00 0.000000000000000000e+00 0.000000000000000000e+00 0.000000000000000000e+00 0.000000000000000000e+00 0.000000000000000000e+00 0.000000000000000000e+00 0.000000000000000000e+00 0.000000000000000000e+00 0.000000000000000000e+00 0.000000000000000000e+00 0.000000000000000000e+00 0.000000000000000000e+00 0.000000000000000000e+00 0.000000000000000000e+00 0.000000000000000000e+00 0.000000000000000000e+00 -1.479664344744886952e-06 -2.273663460572390759e-05 -7.454103799711973627e-05 -1.778652005095178489e-04 -3.779397053943915402e-04 -7.615092313982779835e-04 -1.471357644011969581e-03 -2.779312319577419577e-03 -5.223218397752570422e-03 -9.702972300307189518e-03 -1.784415475240153093e-02 -3.259990724582158272e-02 -5.966632372348983776e-02 -1.076008227216630891e-01 -1.930897963797396644e-01 -3.486346570741996609e-01 -6.259288075989019040e-01 -1.095442288449175683e+00 -1.889023704788780789e+00 -3.265735003665798608e+00 -5.314804405058422887e+00 -6.429204741854277039e+00 0.000000000000000000e+00 0.000000000000000000e+00 0.000000000000000000e+00 0.000000000000000000e+00 0.000000000000000000e+00 0.000000000000000000e+00 0.000000000000000000e+00 0.000000000000000000e+00 0.000000000000000000e+00 0.000000000000000000e+00 0.000000000000000000e+00 0.000000000000000000e+00 0.000000000000000000e+00 0.000000000000000000e+00 0.000000000000000000e+00 0.000000000000000000e+00 0.000000000000000000e+00 0.000000000000000000e+00 0.000000000000000000e+00 0.000000000000000000e+00 0.000000000000000000e+00 0.000000000000000000e+00 0.000000000000000000e+00 0.000000000000000000e+00 0.000000000000000000e+00 0.000000000000000000e+00 0.000000000000000000e+00 0.000000000000000000e+00 0.000000000000000000e+00 0.000000000000000000e+00 0.000000000000000000e+00 0.000000000000000000e+00 0.000000000000000000e+00 0.000000000000000000e+00 0.000000000000000000e+00 0.000000000000000000e+00 0.000000000000000000e+00 0.000000000000000000e+00 0.000000000000000000e+00 0.000000000000000000e+00 0.000000000000000000e+00 0.000000000000000000e+00 0.000000000000000000e+00 0.000000000000000000e+00 0.000000000000000000e+00 0.000000000000000000e+00 0.000000000000000000e+00
-1.478700347928309711e+01 1.512941902815229150e+04 1.103618337113439047e+05 -4.651508449094347952e+01 1.749098290587290830e+04 6.421348820838133179e+03 4.984574169895034174e+03 -3.610273888022278243e+03 1.272614356258260159e+03 1.566973904765349289e+04 1.495650305404538813e+03 -1.495338859162787003e+03 -2.306711676265780113e+02 7.141324529588152473e+03 -5.149922318916847871e+03 1.274638855736654659e+04 2.173797897374959939e+04 7.161845956982965617e+03 0.000000000000000000e+00 0.000000000000000000e+00 0.000000000000000000e+00 0.000000000000000000e+00 0.000000000000000000e+00 0.000000000000000000e+00 0.000000000000000000e+00 0.000000000000000000e+00 0.000000000000000000e+00 0.000000000000000000e+00 0.000000000000000000e+00 0.000000000000000000e+00 0.000000000000000000e+00 0.000000000000000000e+00 0.000000000000000000e+00 0.000000000000000000e+00 0.000000000000000000e+00 0.000000000000000000e+00 0.000000000000000000e+00 0.000000000000000000e+00 0.000000000000000000e+00 1.919151589761895413e-02 2.689352157428987478e-01 7.762648195282849661e-01 1.609506447330793844e+00 2.937600345240435118e+00 5.025623814976932557e+00 8.190755363238205078e+00 1.296566330459828542e+01 2.020644695270726032e+01 3.094244294111868854e+01 4.674804003359743376e+01 6.977699827981479075e+01 1.033692737480200492e+02 1.505909876022926994e+02 2.178100448979010366e+02 3.154535700410664845e+02 4.524853936726420898e+02 6.320913933192221066e+02 8.699498950169802356e+02 1.199081090776211795e+03 1.569284344961470197e+03 1.585426373461574940e+03 0.000000000000000000e+00 0.000000000000000000e+00 0.000000000000000000e+00 0.000000000000000000e+00 0.000000000000000000e+00 0.000000000000000000e+00 0.000000000000000000e+00 0.000000000000000000e+00 0.000000000000000000e+00 0.000000000000000000e+00 0.000000000000000000e+00 0.000000000000000000e+00 0.000000000000000000e+00 0.000000000000000000e+00 0.000000000000000000e+00 0.000000000000000000e+00 0.000000000000000000e+00 0.000000000000000000e+00 0.000000000000000000e+00 0.000000000000000000e+00 0.000000000000000000e+00 0.000000000000000000e+00 0.000000000000000000e+00 0.000000000000000000e+00 0.000000000000000000e+00 0.000000000000000000e+00 0.000000000000000000e+00 0.000000000000000000e+00 0.000000000000000000e+00 0.000000000000000000e+00 0.000000000000000000e+00 0.000000000000000000e+00 0.000000000000000000e+00 0.000000000000000000e+00 0.000000000000000000e+00 0.000000000000000000e+00 0.000000000000000000e+00 0.000000000000000000e+00 0.000000000000000000e+00 0.000000000000000000e+00 0.000000000000000000e+00 0.000000000000000000e+00 0.000000000000000000e+00 0.000000000000000000e+00 0.000000000000000000e+00 0.000000000000000000e+00 0.000000000000000000e+00
-7.427142127819252870e+00 5.590667980783052371e+03 4.051640977419989213e+04 -1.955484458870958164e+01 6.421348820838133179e+03 2.672735867078655247e+03 1.792100397921298736e+03 -1.205840688064589813e+03 9.794364350404904940e+01 5.528035080798669696e+03 7.310052663958418862e+02 -6.311692275113190362e+02 -9.497874454590485982e+01 1.992065602682926510e+03 -1.903014633827922580e+03 4.710083463594273780e+03 8.032682734831967537e+03 2.574893371409195424e+03 0.000000000000000000e+00 0.000000000000000000e+00 0.000000000000000000e+00 0.000000000000000000e+00 0.000000000000000000e+00 0.000000000000000000e+00 0.000000000000000000e+00 0.000000000000000000e+00 0.000000000000000000e+00 0.000000000000000000e+00 0.000000000000000000e+00 0.000000000000000000e+00 0.000000000000000000e+00 0.000000000000000000e+00 0.000000000000000000e+00 0.000000000000000000e+00 0.000000000000000000e+00 0.000000000000000000e+00 0.000000000000000000e+00 0.000000000000000000e+00 0.000000000000000000e+00 -1.022789614112562875e-02 -1.333412318305900179e-01 -3.482272011882210916e-01 -6.434927737881512844e-01 -1.029167163414226760e+00 -1.507532418292853116e+00 -2.049203330672769940e+00 -2.601004998857900041e+00 -3.034375787266595736e+00 -3.093267545222355253e+00 -2.345070710220845456e+00 -2.874296663521560061e-02 5.198372661737696632e+00 1.509124420041833936e+01 3.266779721574940965e+01 6.317820526473382614e+01 1.133916496454917819e+02 1.898444942396992303e+02 3.045456015792875064e+02 4.805420914823648673e+02 7.068830098005179252e+02 7.836498799904757107e+02 0.000000000000000000e+00 0.000000000000000000e+00 0.000000000000000000e+00 0.000000000000000000e+00 0.000000000000000000e+00 0.000000000000000000e+00 0.000000000000000000e+00 0.000000000000000000e+00 0.000000000000000000e+00 0.000000000000000000e+00 0.000000000000000000e+00 0.000000000000000000e+00 0.000000000000000000e+00 0.000000000000000000e+00 0.000000000000000000e+00 0.000000000000000000e+00 0.000000000000000000e+00 0.000000000000000000e+00 0.000000000000000000e+00 0.000000000000000000e+00 0.000000000000000000e+00 0.000000000000000000e+00 0.000000000000000000e+00 0.000000000000000000e+00 0.000000000000000000e+00 0.000000000000000000e+00 0.000000000000000000e+00 0.000000000000000000e+00 0.000000000000000000e+00 0.000000000000000000e+00 0.000000000000000000e+00 0.000000000000000000e+00 0.000000000000000000e+00 0.000000000000000000e+00 0.000000000000000000e+00 0.000000000000000000e+00 0.000000000000000000e+00 0.000000000000000000e+00 0.000000000000000000e+00 0.000000000000000000e+00 0.000000000000000000e+00 0.000000000000000000e+00 0.000000000000000000e+00 0.000000000000000000e+00 0.000000000000000000e+00 0.000000000000000000e+00 0.000000000000000000e+00
-4.027638471497708927e+00 3.800871877844222126e+03 3.145087663856258587e+04 -1.922689600658439701e+01 4.984574169895034174e+03 1.792100397921298736e+03 1.952994992652843621e+03 -1.575531010236312341e+03 -1.043983116336236890e+03 3.649773589436837028e+03 7.418669383785038463e+02 -5.192154989141963597e+02 -8.081321617890927200e+01 1.194233582372237152e+03 -1.293783646194898893e+03 3.202197633737336218e+03 5.461100178979205339e+03 2.806067041115627944e+03 0.000000000000000000e+00 0.000000000000000000e+00 0.000000000000000000e+00 0.000000000000000000e+00 0.000000000000000000e+00 0.000000000000000000e+00 0.000000000000000000e+00 0.000000000000000000e+00 0.000000000000000000e+00 0.000000000000000000e+00 0.000000000000000000e+00 0.000000000000000000e+00 0.000000000000000000e+00 0.000000000000000000e+00 0.000000000000000000e+00 0.000000000000000000e+00 0.000000000000000000e+00 0.000000000000000000e+00 0.000000000000000000e+00 0.000000000000000000e+00 0.000000000000000000e+00 1.087447664779163208e-02 1.453369292066443164e-01 3.956319497250460615e-01 7.728485848150963289e-01 1.330793015854544237e+00 2.150921447849755808e+00 3.325134440316868556e+00 5.011074188708428245e+00 7.459242614786179004e+00 1.095824544228032593e+01 1.594137404391470092e+01 2.301540159784125450e+01 3.309442644729715965e+01 4.701692012107147889e+01 6.650433214312062091e+01 9.438992586714441302e+01 1.331176054189272406e+02 1.834528095723603940e+02 2.493050054021074970e+02 3.383082140737629402e+02 4.347157961311335725e+02 4.285074290552742013e+02 0.000000000000000000e+00 0.000000000000000000e+00 0.000000000000000000e+00 0.000000000000000000e+00 0.000000000000000000e+00 0.000000000000000000e+00 0.000000000000000000e+00 0.000000000000000000e+00 0.000000000000000000e+00 0.000000000000000000e+00 0.000000000000000000e+00 0.000000000000000000e+00 0.000000000000000000e+00 0.000000000000000000e+00 0.000000000000000000e+00 0.000000000000000000e+00 0.000000000000000000e+00 0.000000000000000000e+00 0.000000000000000000e+00 0.000000000000000000e+00 0.000000000000000000e+00 0.000000000000000000e+00 0.000000000000000000e+00 0.000000000000000000e+00 0.000000000000000000e+00 0.000000000000000000e+00 0.000000000000000000e+00 0.000000000000000000e+00 0.000000000000000000e+00 0.000000000000000000e+00 0.000000000000000000e+00 0.000000000000000000e+00 0.000000000000000000e+00 0.000000000000000000e+00 0.000000000000000000e+00 0.000000000000000000e+00 0.000000000000000000e+00 0.000000000000000000e+00 0.000000000000000000e+00 0.000000000000000000e+00 0.000000000000000000e+00 0.000000000000000000e+00 0.000000000000000000e+00 0.000000000000000000e+00 0.000000000000000000e+00 0.000000000000000000e+00 0.000000000000000000e+00
-1.148003211202299097e-02 -2.598520953029578777e+03 -2.277953438217240910e+04 1.572754749576384725e+01 -3.610273888022278243e+03 -1.205840688064589813e+03 -1.575531010236312341e+03 1.546541666584691484e+03 1.424830329567734680e+03 -2.417162622737466791e+03 -6.676403343031640816e+02 4.145026234219569687e+02 6.581122189009353463e+01 -6.914347180851544863e+02 8.845138750720709595e+02 -2.189228659748377140e+03 -3.733560008794554051e+03 -2.263726049842254724e+03 -0.000000000000000000e+00 -0.000000000000000000e+00 -0.000000000000000000e+00 -0.000000000000000000e+00 -0.000000000000000000e+00 -0.000000000000000000e+00 -0.000000000000000000e+00 -0.000000000000000000e+00 -0.000000000000000000e+00 -0.000000000000000000e+00 -0.000000000000000000e+00 -0.000000000000000000e+00 -0.000000000000000000e+00 -0.000000000000000000e+00 -0.000000000000000000e+00 -0.000000000000000000e+00 -0.000000000000000000e+00 -0.000000000000000000e+00 -0.000000000000000000e+00 -0.000000000000000000e+00 -0.000000000000000000e+00 -1.458862247042710947e-02 -1.861191525148838677e-01 -4.800429317458228540e-01 -8.899752560695212145e-01 -1.458802605386002815e+00 -2.317605258274653135e+00 -3.809138420481996246e+00 -5.718156575410900722e+00 -8.432749541078109701e+00 -1.221539254947450104e+01 -1.730434117149835416e+01 -2.400196841332678943e+01 -3.300800279390080760e+01 -4.431586989915286523e+01 -6.004834082833478703e+01 -8.428733320916710170e+01 -1.185711866827008549e+02 -1.433995272043786144e+02 -1.708401663949192084e+02 -2.589179612020583363e+02 -2.746638476470446903e+02 -2.408652254800421701e+02 -0.000000000000000000e+00 -0.000000000000000000e+00 -0.000000000000000000e+00 -0.000000000000000000e+00 -0.000000000000000000e+00 -0.000000000000000000e+00 -0.000000000000000000e+00 -0.000000000000000000e+00 -0.000000000000000000e+00 -0.000000000000000000e+00 -0.000000000000000000e+00 -0.000000000000000000e+00 -0.000000000000000000e+00 -0.000000000000000000e+00 -0.000000000000000000e+00 -0.000000000000000000e+00 -0.000000000000000000e+00 -0.000000000000000000e+00 -0.000000000000000000e+00 -0.000000000000000000e+00 -0.000000000000000000e+00 -0.000000000000000000e+00 -0.000000000000000000e+00 -0.000000000000000000e+00 -0.000000000000000000e+00 -0.000000000000000000e+00 -0.000000000000000000e+00 -0.000000000000000000e+00 -0.000000000000000000e+00 -0.000000000000000000e+00 -0.000000000000000000e+00 -0.000000000000000000e+00 -0.000000000000000000e+00 -0.000000000000000000e+00 -0.000000000000000000e+00 -0.000000000000000000e+00 -0.000000000000000000e+00 -0.000000000000000000e+00 -0.000000000000000000e+00 -0.000000000000000000e+00 -0.000000000000000000e+00 -0.000000000000000000e+00 -0.000000000000000000e+00 -0.000000000000000000e+00 -0.000000000000000000e+00 -0.000000000000000000e+00 -0.000000000000000000e+00
3.601663395880636109e+00 2.449886905094946542e+03 8.029740508001133094e+03 1.982899910315520131e+01 1.272614356258260159e+03 9.794364350404904940e+01 -1.043983116336236890e+03 1.424830329567734680e+03 5.367195901610703004e+03 3.931283741317646673e+03 -1.274796026809748355e+03 3.672034563221477583e+02 5.503935220318798827e+01 4.236058975218000342e+03 -8.339201411431482711e+02 2.064005918260171256e+03 3.520002316805576811e+03 -1.499996991929323485e+03 0.000000000000000000e+00 0.000000000000000000e+00 0.000000000000000000e+00 0.000000000000000000e+00 0.000000000000000000e+00 0.000000000000000000e+00 0.000000000000000000e+00 0.000000000000000000e+00 0.000000000000000000e+00 0.000000000000000000e+00 0.000000000000000000e+00 0.000000000000000000e+00 0.000000000000000000e+00 0.000000000000000000e+00 0.000000000000000000e+00 0.000000000000000000e+00 0.000000000000000000e+00 0.000000000000000000e+00 0.000000000000000000e+00 0.000000000000000000e+00 0.000000000000000000e+00 8.211209440236382634e-03 1.220533255249761084e-01 3.605205694079720580e-01 7.451135549118266255e-01 1.338634652410263914e+00 2.364828084474902337e+00 4.370753449283935943e+00 6.793412207084259968e+00 1.024754581887265026e+01 1.506024200479522968e+01 2.153470272900592875e+01 3.001747065408385495e+01 4.117100642088544049e+01 5.458109192317847658e+01 7.154078561078154053e+01 9.398545877315279995e+01 1.187673556994745070e+02 1.214553288041403079e+02 1.010429105829779672e+02 8.341853340401432604e+01 -5.556594314639544763e+01 -1.925874292805169148e+02 0.000000000000000000e+00 0.000000000000000000e+00 0.000000000000000000e+00 0.000000000000000000e+00 0.000000000000000000e+00 0.000000000000000000e+00 0.000000000000000000e+00 0.000000000000000000e+00 0.000000000000000000e+00 0.000000000000000000e+00 0.000000000000000000e+00 0.000000000000000000e+00 0.000000000000000000e+00 0.000000000000000000e+00 0.000000000000000000e+00 0.000000000000000000e+00 0.000000000000000000e+00 0.000000000000000000e+00 0.000000000000000000e+00 0.000000000000000000e+00 0.000000000000000000e+00 0.000000000000000000e+00 0.000000000000000000e+00 0.000000000000000000e+00 0.000000000000000000e+00 0.000000000000000000e+00 0.000000000000000000e+00 0.000000000000000000e+00 0.000000000000000000e+00 0.000000000000000000e+00 0.000000000000000000e+00 0.000000000000000000e+00 0.000000000000000000e+00 0.000000000000000000e+00 0.000000000000000000e+00 0.000000000000000000e+00 0.000000000000000000e+00 0.000000000000000000e+00 0.000000000000000000e+00 0.000000000000000000e+00 0.000000000000000000e+00 0.000000000000000000e+00 0.000000000000000000e+00 0.000000000000000000e+00 0.000000000000000000e+00 0.000000000000000000e+00 0.000000000000000000e+00
-9.244433246362113721e+00 1.433647590002297693e+04 9.887043766400516324e+04 -2.879757770031602249e+01 1.566973904765349289e+04 5.528035080798669696e+03 3.649773589436837028e+03 -2.417162622737466791e+03 3.931283741317646673e+03 1.561840390191249026e+04 6.017820739975473998e+02 -1.087944679115824329e+03 -1.691495227859986699e+02 8.482202910317413625e+03 -4.880011392027568945e+03 1.207834167491700646e+04 2.059867672991722065e+04 5.244001861439219283e+03 0.000000000000000000e+00 0.000000000000000000e+00 0.000000000000000000e+00 0.000000000000000000e+00 0.000000000000000000e+00 0.000000000000000000e+00 0.000000000000000000e+00 0.000000000000000000e+00 0.000000000000000000e+00 0.000000000000000000e+00 0.000000000000000000e+00 0.000000000000000000e+00 0.000000000000000000e+00 0.000000000000000000e+00 0.000000000000000000e+00 0.000000000000000000e+00 0.000000000000000000e+00 0.000000000000000000e+00 0.000000000000000000e+00 0.000000000000000000e+00 0.000000000000000000e+00 2.247762421894322279e-02 3.134022076867217788e-01 8.943964046092908182e-01 1.829669201050547978e+00 3.295971870925183289e+00 5.673503263785109496e+00 9.671634885132746717e+00 1.526904845297710445e+01 2.362905351273963106e+01 3.583352886622865441e+01 5.334860106263634805e+01 7.812035145875779563e+01 1.133878863081430524e+02 1.612293452751149516e+02 2.283197585534919654e+02 3.258449994701126684e+02 4.598391584218719004e+02 6.089931241083953637e+02 7.919630418799373501e+02 1.081856410656005664e+03 1.301973340310187041e+03 1.234110209120653735e+03 0.000000000000000000e+00 0.000000000000000000e+00 0.000000000000000000e+00 0.000000000000000000e+00 0.000000000000000000e+00 0.000000000000000000e+00 0.000000000000000000e+00 0.000000000000000000e+00 0.000000000000000000e+00 0.000000000000000000e+00 0.000000000000000000e+00 0.000000000000000000e+00 0.000000000000000000e+00 0.000000000000000000e+00 0.000000000000000000e+00 0.000000000000000000e+00 0.000000000000000000e+00 0.000000000000000000e+00 0.000000000000000000e+00 0.000000000000000000e+00 0.000000000000000000e+00 0.000000000000000000e+00 0.000000000000000000e+00 0.000000000000000000e+00 0.000000000000000000e+00 0.000000000000000000e+00 0.000000000000000000e+00 0.000000000000000000e+00 0.000000000000000000e+00 0.000000000000000000e+00 0.000000000000000000e+00 0.000000000000000000e+00 0.000000000000000000e+00 0.000000000000000000e+00 0.000000000000000000e+00 0.000000000000000000e+00 0.000000000000000000e+00 0.000000000000000000e+00 0.000000000000000000e+00 0.000000000000000000e+00 0.000000000000000000e+00 0.000000000000000000e+00 0.000000000000000000e+00 0.000000000000000000e+00 0.000000000000000000e+00 0.000000000000000000e+00 0.000000000000000000e+00
-3.905449052632973039e+00 9.909914347752335289e+02 9.437017415410871763e+03 -1.043507203741046041e+01 1.495650305404538813e+03 7.310052663958418862e+02 7.418669383785038463e+02 -6.676403343031640816e+02 -1.274796026809748355e+03 6.017820739975472861e+02 5.217803151022577595e+02 -2.706763216659656450e+02 -4.052105256937742439e+01 -4.943960712215695708e+02 -3.373248436247247923e+02 8.349006568700971229e+02 1.423858439787086809e+03 1.065915874085048017e+03 0.000000000000000000e+00 0.000000000000000000e+00 0.000000000000000000e+00 0.000000000000000000e+00 0.000000000000000000e+00 0.000000000000000000e+00 0.000000000000000000e+00 0.000000000000000000e+00 0.000000000000000000e+00 0.000000000000000000e+00 0.000000000000000000e+00 0.000000000000000000e+00 0.000000000000000000e+00 0.000000000000000000e+00 0.000000000000000000e+00 0.000000000000000000e+00 0.000000000000000000e+00 0.000000000000000000e+00 0.000000000000000000e+00 0.000000000000000000e+00 0.000000000000000000e+00 -4.706554761983350495e-03 -6.277715245263300325e-02 -1.656100468862493069e-01 -3.071336636175002188e-01 -4.957717313184119012e-01 -8.093746354419890654e-01 -1.496483590811589215e+00 -2.194665363902633448e+00 -3.101846938267081466e+00 -4.240638218724157582e+00 -5.525687268405028441e+00 -6.810119181579046277e+00 -7.968465542937778423e+00 -8.320891637472042746e+00 -7.834910289035797781e+00 -6.541466183887264307e+00 -2.085052917055638222e+00 2.058701028718671111e+01 6.153299183431656871e+01 1.017804939086053935e+02 2.154687810249520794e+02 2.823910956392146545e+02 0.000000000000000000e+00 0.000000000000000000e+00 0.000000000000000000e+00 0.000000000000000000e+00 0.000000000000000000e+00 0.000000000000000000e+00 0.000000000000000000e+00 0.000000000000000000e+00 0.000000000000000000e+00 0.000000000000000000e+00 0.000000000000000000e+00 0.000000000000000000e+00 0.000000000000000000e+00 0.000000000000000000e+00 0.000000000000000000e+00 0.000000000000000000e+00 0.000000000000000000e+00 0.000000000000000000e+00 0.000000000000000000e+00 0.000000000000000000e+00 0.000000000000000000e+00 0.000000000000000000e+00 0.000000000000000000e+00 0.000000000000000000e+00 0.000000000000000000e+00 0.000000000000000000e+00 0.000000000000000000e+00 0.000000000000000000e+00 0.000000000000000000e+00 0.000000000000000000e+00 0.000000000000000000e+00 0.000000000000000000e+00 0.000000000000000000e+00 0.000000000000000000e+00 0.000000000000000000e+00 0.000000000000000000e+00 0.000000000000000000e+00 0.000000000000000000e+00 0.000000000000000000e+00 0.000000000000000000e+00 0.000000000000000000e+00 0.000000000000000000e+00 0.000000000000000000e+00 0.000000000000000000e+00 0.000000000000000000e+00 0.000000000000000000e+00 0.000000000000000000e+00
2.461557738547375251e+00 -1.204178066394195412e+03 -9.435052301241632449e+03 6.266597157468784651e+00 -1.495338859162787003e+03 -6.311692275113190362e+02 -5.192154989141963597e+02 4.145026234219569687e+02 3.672034563221477583e+02 -1.087944679115824556e+03 -2.706763216659657587e+02 1.813361952274883606e+02 2.736820385898226249e+01 -2.029593317146343452e+02 4.098917141850728854e+02 -1.014508323020071998e+03 -1.730165410794648096e+03 -7.460098485764601719e+02 0.000000000000000000e+00 0.000000000000000000e+00 0.000000000000000000e+00 0.000000000000000000e+00 0.000000000000000000e+00 0.000000000000000000e+00 0.000000000000000000e+00 0.000000000000000000e+00 0.000000000000000000e+00 0.000000000000000000e+00 0.000000000000000000e+00 0.000000000000000000e+00 0.000000000000000000e+00 0.000000000000000000e+00 0.000000000000000000e+00 0.000000000000000000e+00 0.000000000000000000e+00 0.000000000000000000e+00 0.000000000000000000e+00 0.000000000000000000e+00 0.000000000000000000e+00 1.590574616966471599e-03 2.016815669317046505e-02 4.906010426211235981e-02 8.144317746648975509e-02 1.131262379865632522e-01 1.661805578717249765e-01 3.366043210606859959e-01 4.376556374036523200e-01 5.163573726794984387e-01 5.326311851457337099e-01 3.703588479907908848e-01 -1.417962328955160167e-01 -1.223007943328991098e+00 -3.328069431133680922e+00 -6.772729828773727867e+00 -1.202563205499297183e+01 -2.054413642810328255e+01 -3.930652722934659948e+01 -6.896927529592794315e+01 -1.021716841895734120e+02 -1.705466841737480763e+02 -2.012605094471375935e+02 0.000000000000000000e+00 0.000000000000000000e+00 0.000000000000000000e+00 0.000000000000000000e+00 0.000000000000000000e+00 0.000000000000000000e+00 0.000000000000000000e+00 0.000000000000000000e+00 0.000000000000000000e+00 0.000000000000000000e+00 0.000000000000000000e+00 0.000000000000000000e+00 0.000000000000000000e+00 0.000000000000000000e+00 0.000000000000000000e+00 0.000000000000000000e+00 0.000000000000000000e+00 0.000000000000000000e+00 0.000000000000000000e+00 0.000000000000000000e+00 0.000000000000000000e+00 0.000000000000000000e+00 0.000000000000000000e+00 0.000000000000000000e+00 0.000000000000000000e+00 0.000000000000000000e+00 0.000000000000000000e+00 0.000000000000000000e+00 0.000000000000000000e+00 0.000000000000000000e+00 0.000000000000000000e+00 0.000000000000000000e+00 0.000000000000000000e+00 0.000000000000000000e+00 0.000000000000000000e+00 0.000000000000000000e+00 0.000000000000000000e+00 0.000000000000000000e+00 0.000000000000000000e+00 0.000000000000000000e+00 0.000000000000000000e+00 0.000000000000000000e+00 0.000000000000000000e+00 0.000000000000000000e+00 0.000000000000000000e+00 0.000000000000000000e+00 0.000000000000000000e+00
3.372752684504666809e-01 -1.850671182919156479e+02 -1.455452399708092116e+03 9.483381659545624398e-01 -2.306711676265780113e+02 -9.497874454590485982e+01 -8.081321617890927200e+01 6.581122189009353463e+01 5.503935220318798827e+01 -1.691495227859986699e+02 -4.052105256937743860e+01 2.736820385898226604e+01 4.151336152725794371e+00 -3.614487548441594811e+01 6.299523340689427187e+01 -1.559172493372975907e+02 -2.659047990326835134e+02 -1.161125877225936591e+02 0.000000000000000000e+00 0.000000000000000000e+00 0.000000000000000000e+00 0.000000000000000000e+00 0.000000000000000000e+00 0.000000000000000000e+00 0.000000000000000000e+00 0.000000000000000000e+00 0.000000000000000000e+00 0.000000000000000000e+00 0.000000000000000000e+00 0.000000000000000000e+00 0.000000000000000000e+00 0.000000000000000000e+00 0.000000000000000000e+00 0.000000000000000000e+00 0.000000000000000000e+00 0.000000000000000000e+00 0.000000000000000000e+00 0.000000000000000000e+00 0.000000000000000000e+00 1.210847373231673326e-04 1.512412596160006431e-03 3.451487508977488673e-03 5.015693588785056188e-03 5.300431809014711539e-03 6.338100068156063416e-03 1.877254761065812877e-02 1.861945017379361064e-02 9.403301422865243883e-03 -1.635772942583261710e-02 -7.649093792936355329e-02 -1.969033022630401475e-01 -4.128952087757894462e-01 -7.869737623900626700e-01 -1.377300402491553832e+00 -2.276069397758361479e+00 -3.691787093586819779e+00 -6.445696219383084014e+00 -1.070360160537204841e+01 -1.583486985523020429e+01 -2.527020559972862657e+01 -2.918600859718749163e+01 0.000000000000000000e+00 0.000000000000000000e+00 0.000000000000000000e+00 0.000000000000000000e+00 0.000000000000000000e+00 0.000000000000000000e+00 0.000000000000000000e+00 0.000000000000000000e+00 0.000000000000000000e+00 0.000000000000000000e+00 0.000000000000000000e+00 0.000000000000000000e+00 0.000000000000000000e+00 0.000000000000000000e+00 0.000000000000000000e+00 0.000000000000000000e+00 0.000000000000000000e+00 0.000000000000000000e+00 0.000000000000000000e+00 0.000000000000000000e+00 0.000000000000000000e+00 0.000000000000000000e+00 0.000000000000000000e+00 0.000000000000000000e+00 0.000000000000000000e+00 0.000000000000000000e+00 0.000000000000000000e+00 0.000000000000000000e+00 0.000000000000000000e+00 0.000000000000000000e+00 0.000000000000000000e+00 0.000000000000000000e+00 0.000000000000000000e+00 0.000000000000000000e+00 0.000000000000000000e+00 0.000000000000000000e+00 0.000000000000000000e+00 0.000000000000000000e+00 0.000000000000000000e+00 0.000000000000000000e+00 0.000000000000000000e+00 0.000000000000000000e+00 0.000000000000000000e+00 0.000000000000000000e+00 0.000000000000000000e+00 0.000000000000000000e+00 0.000000000000000000e+00
4.346663161462780423e+00 6.983622221002350670e+03 4.505919847126032982e+04 -6.143944571547841349e-01 7.141324529588153382e+03 1.992065602682926510e+03 1.194233582372237152e+03 -6.914347180851543726e+02 4.236058975218000342e+03 8.482202910317413625e+03 -4.943960712215696276e+02 -2.029593317146344020e+02 -3.614487548441596942e+01 6.166054913887677685e+03 -2.377164111582939768e+03 5.883633879206950951e+03 1.003408212293394899e+04 1.715877156620983442e+03 0.000000000000000000e+00 0.000000000000000000e+00 0.000000000000000000e+00 0.000000000000000000e+00 0.000000000000000000e+00 0.000000000000000000e+00 0.000000000000000000e+00 0.000000000000000000e+00 0.000000000000000000e+00 0.000000000000000000e+00 0.000000000000000000e+00 0.000000000000000000e+00 0.000000000000000000e+00 0.000000000000000000e+00 0.000000000000000000e+00 0.000000000000000000e+00 0.000000000000000000e+00 0.000000000000000000e+00 0.000000000000000000e+00 0.000000000000000000e+00 0.000000000000000000e+00 3.254542666375413729e-02 4.359970982956731245e-01 1.179481943588033710e+00 2.278917102302745690e+00 3.876446736056494480e+00 6.444737732249983253e+00 1.117407344883439535e+01 1.705321349510644779e+01 2.542425537927118739e+01 3.708831305874693385e+01 5.278014551811615007e+01 7.338626623314030439e+01 1.007905344581453733e+02 1.344848846035465613e+02 1.793230521589123896e+02 2.439760441332077789e+02 3.270517718967961969e+02 3.688753760308107417e+02 3.869952845794292671e+02 5.027199618030160195e+02 3.601505730330030133e+02 1.429289618886974438e+02 0.000000000000000000e+00 0.000000000000000000e+00 0.000000000000000000e+00 0.000000000000000000e+00 0.000000000000000000e+00 0.000000000000000000e+00 0.000000000000000000e+00 0.000000000000000000e+00 0.000000000000000000e+00 0.000000000000000000e+00 0.000000000000000000e+00 0.000000000000000000e+00 0.000000000000000000e+00 0.000000000000000000e+00 0.000000000000000000e+00 0.000000000000000000e+00 0.000000000000000000e+00 0.000000000000000000e+00 0.000000000000000000e+00 0.000000000000000000e+00 0.000000000000000000e+00 0.000000000000000000e+00 0.000000000000000000e+00 0.000000000000000000e+00 0.000000000000000000e+00 0.000000000000000000e+00 0.000000000000000000e+00 0.000000000000000000e+00 0.000000000000000000e+00 0.000000000000000000e+00 0.000000000000000000e+00 0.000000000000000000e+00 0.000000000000000000e+00 0.000000000000000000e+00 0.000000000000000000e+00 0.000000000000000000e+00 0.000000000000000000e+00 0.000000000000000000e+00 0.000000000000000000e+00 0.000000000000000000e+00 0.000000000000000000e+00 0.000000000000000000e+00 0.000000000000000000e+00 0.000000000000000000e+00 0.000000000000000000e+00 0.000000000000000000e+00 0.000000000000000000e+00
