0.1707898408220840102966775475579197518527507781982421875000000000 -0.5258858276926811070595135788607876747846603393554687500000000000 -4.1221750201293883009157070773653686046600341796875000000000000000 0.0028690350040936059110296962870734205353073775768280029296875000 -0.5821223651281002275936771184206008911132812500000000000000000000 -0.3579231038374299234128272928501246497035026550292968750000000000 -0.1593367677799265857974120308426790870726108551025390625000000000 0.0987388310284021131213449962160666473209857940673828125000000000 0.2286905469138755253588612958992598578333854675292968750000000000 -0.7296827137107514404945618480269331485033035278320312500000000000 -0.2210846518105832603229288224611082114279270172119140625000000000
-0.5258858276926811070595135788607876747846603393554687500000000000 975.0654792756843107781605795025825500488281250000000000000000000000 7496.4213684340920735849067568778991699218750000000000000000000000000 -1.8827827905498089045011056441580876708030700683593750000000000000 1058.6242737584450424037640914320945739746093750000000000000000000000 317.0158235703873401689634192734956741333007812500000000000000000000 269.8168789241219087671197485178709030151367187500000000000000000000 230.1796799242657414197310572490096092224121093750000000000000000000 191.5186888188222837925422936677932739257812500000000000000000000000 1352.9332556559020304121077060699462890625000000000000000000000000000 374.3791942105215184710687026381492614746093750000000000000000000000
-4.1221750201293883009157070773653686046600341796875000000000000000 7496.4213684340920735849067568778991699218750000000000000000000000000 59898.2145099684566957876086235046386718750000000000000000000000000000 -17.6861157010067095995964336907491087913513183593750000000000000000 8458.6632365742261754348874092102050781250000000000000000000000000000 2521.5288829724131574039347469806671142578125000000000000000000000000 2469.9463063127996065304614603519439697265625000000000000000000000000 2130.7970995627092634094879031181335449218750000000000000000000000000 986.4571446924994688743026927113533020019531250000000000000000000000 10401.5145478209215070819482207298278808593750000000000000000000000000 3427.1262479493861974333412945270538330078125000000000000000000000000
0.0028690350040936059110296962870734205353073775768280029296875000 -1.8827827905498089045011056441580876708030700683593750000000000000 -17.6861157010067095995964336907491087913513183593750000000000000000 0.0108513681517691841504902328097159625031054019927978515625000000 -2.4975852435969789766545545717235654592514038085937500000000000000 -0.9451238314368789472652565564203541725873947143554687500000000000 -1.0818230704313265277960454113781452178955078125000000000000000000 -0.9433088611918939436762343575537670403718948364257812500000000000 0.6889261970971253257189914620539639145135879516601562500000000000 -2.6124188627861930633855536143528297543525695800781250000000000000 -1.5010626874100418959301350696478039026260375976562500000000000000
-0.5821223651281002275936771184206008911132812500000000000000000000 1058.6242737584450424037640914320945739746093750000000000000000000000 8458.6632365742261754348874092102050781250000000000000000000000000000 -2.4975852435969789766545545717235654592514038085937500000000000000 1194.5094580050454169395379722118377685546875000000000000000000000000 356.0834632025504333796561695635318756103515625000000000000000000000 348.7991117672362406665342859923839569091796875000000000000000000000 300.9053815397204516557394526898860931396484375000000000000000000000 139.3047998597315597635315498337149620056152343750000000000000000000 1468.8736455692251183791086077690124511718750000000000000000000000000 483.9694644955336571001680567860603332519531250000000000000000000000
-0.3579231038374299234128272928501246497035026550292968750000000000 317.0158235703873401689634192734956741333007812500000000000000000000 2521.5288829724131574039347469806671142578125000000000000000000000000 -0.9451238314368789472652565564203541725873947143554687500000000000 356.0834632025504333796561695635318756103515625000000000000000000000 138.9142070869785925424366723746061325073242187500000000000000000000 102.4422202922862936702586011961102485656738281250000000000000000000 77.5037861908764540430638589896261692047119140625000000000000000000 14.9997663490040853417895050370134413242340087890625000000000000000 439.8691773973224599103559739887714385986328125000000000000000000000 142.1417223380910570540436310693621635437011718750000000000000000000
-0.1593367677799265857974120308426790870726108551025390625000000000 269.8168789241219087671197485178709030151367187500000000000000000000 2469.9463063127996065304614603519439697265625000000000000000000000000 -1.0818230704313265277960454113781452178955078125000000000000000000 348.7991117672362406665342859923839569091796875000000000000000000000 102.4422202922862936702586011961102485656738281250000000000000000000 143.7495087090575509591872105374932289123535156250000000000000000000 126.7707329593008722667946130968630313873291015625000000000000000000 -31.8790853785771659545389411505311727523803710937500000000000000000 374.3791942105215184710687026381492614746093750000000000000000000000 199.4568518220452517653029644861817359924316406250000000000000000000
0.0987388310284021131213449962160666473209857940673828125000000000 230.1796799242657414197310572490096092224121093750000000000000000000 2130.7970995627092634094879031181335449218750000000000000000000000000 -0.9433088611918939436762343575537670403718948364257812500000000000 300.9053815397204516557394526898860931396484375000000000000000000000 77.5037861908764540430638589896261692047119140625000000000000000000 126.7707329593008722667946130968630313873291015625000000000000000000 132.8338178396810178583109518513083457946777343750000000000000000000 -45.0595372855472859896508452948182821273803710937500000000000000000 319.3813650105871033701987471431493759155273437500000000000000000000 175.8982797667268584973498946055769920349121093750000000000000000000
0.2286905469138755253588612958992598578333854675292968750000000000 191.5186888188222837925422936677932739257812500000000000000000000000 986.4571446924994688743026927113533020019531250000000000000000000000 0.6889261970971253257189914620539639145135879516601562500000000000 139.3047998597315597635315498337149620056152343750000000000000000000 14.9997663490040853417895050370134413242340087890625000000000000000 -31.8790853785771659545389411505311727523803710937500000000000000000 -45.0595372855472859896508452948182821273803710937500000000000000000 208.0578661646205773649853654205799102783203125000000000000000000000 265.7380542023465181955543812364339828491210937500000000000000000000 -44.2332086257526881922785833012312650680541992187500000000000000000
-0.7296827137107514404945618480269331485033035278320312500000000000 1352.9332556559020304121077060699462890625000000000000000000000000000 10401.5145478209215070819482207298278808593750000000000000000000000000 -2.6124188627861930633855536143528297543525695800781250000000000000 1468.8736455692251183791086077690124511718750000000000000000000000000 439.8691773973224599103559739887714385986328125000000000000000000000 374.3791942105215184710687026381492614746093750000000000000000000000 319.3813650105871033701987471431493759155273437500000000000000000000 265.7380542023465181955543812364339828491210937500000000000000000000 1877.2363837753646294004283845424652099609375000000000000000000000000 519.4626133716978984011802822351455688476562500000000000000000000000
-0.2210846518105832603229288224611082114279270172119140625000000000 374.3791942105215184710687026381492614746093750000000000000000000000 3427.1262479493861974333412945270538330078125000000000000000000000000 -1.5010626874100418959301350696478039026260375976562500000000000000 483.9694644955336571001680567860603332519531250000000000000000000000 142.1417223380910570540436310693621635437011718750000000000000000000 199.4568518220452517653029644861817359924316406250000000000000000000 175.8982797667268584973498946055769920349121093750000000000000000000 -44.2332086257526881922785833012312650680541992187500000000000000000 519.4626133716978984011802822351455688476562500000000000000000000000 276.7524988157027792112785391509532928466796875000000000000000000000
