0.0464129039399074072580475558424950577318668365478515625000000000 0.0391323903368880898767656617565080523490905761718750000000000000 0.3513155935642018334874592255800962448120117187500000000000000000 0.0001912842819338920379371171698323905729921534657478332519531250 0.0455181800035895575695654713399562751874327659606933593750000000 -0.0186135359313020845584141227391228312626481056213378906250000000 0.0155663477038669589846975327418476808816194534301757812500000000 0.0574262508086010106667096408727957168594002723693847656250000000 0.0622229040502794011890941305864544119685888290405273437500000000 0.0530408251099927716132320654196519171819090843200683593750000000 0.0210989392432755981654501908906240714713931083679199218750000000
0.0391323903368880898767656617565080523490905761718750000000000000 215.6976592933530412210529902949929237365722656250000000000000000000 1827.6097195437084792501991614699363708496093750000000000000000000000 -0.3576111993279227352360294389654882252216339111328125000000000000 236.7941239001612530046259053051471710205078125000000000000000000000 54.0797583309772136317405966110527515411376953125000000000000000000 67.8201063965464499005975085310637950897216796875000000000000000000 62.9181209262409666393978113774210214614868164062500000000000000000 47.3478102460179073318613518495112657546997070312500000000000000000 292.3609246642138828065071720629930496215820312500000000000000000000 91.9247296511145037811729707755148410797119140625000000000000000000
0.3513155935642018334874592255800962448120117187500000000000000000 1827.6097195437084792501991614699363708496093750000000000000000000000 16096.1575456054961250629276037216186523437500000000000000000000000000 -3.6431979782496313191586523316800594329833984375000000000000000000 2085.4975126320832714554853737354278564453125000000000000000000000000 471.9240915738832882198039442300796508789062500000000000000000000000 675.5492348959883202041964977979660034179687500000000000000000000000 626.9969331052242296209442429244518280029296875000000000000000000000 298.3066825419115275508374907076358795166015625000000000000000000000 2477.1787940657031867885962128639221191406250000000000000000000000000 915.6529543131658783750026486814022064208984375000000000000000000000
0.0001912842819338920379371171698323905729921534657478332519531250 -0.3576111993279227352360294389654882252216339111328125000000000000 -3.6431979782496313191586523316800594329833984375000000000000000000 0.0017549859221652891472231772240775171667337417602539062500000000 -0.4720306880781108826994341143290512263774871826171875000000000000 -0.1568569097550862878609478912039776332676410675048828125000000000 -0.2137393735495177193861593423207523301243782043457031250000000000 -0.1924744523479532953835757780325366184115409851074218750000000000 0.1033343016291028010344987819735251832753419876098632812500000000 -0.4847133772722023725698647922399686649441719055175781250000000000 -0.2897066249713006746979715444467728957533836364746093750000000000
0.0455181800035895575695654713399562751874327659606933593750000000 236.7941239001612530046259053051471710205078125000000000000000000000 2085.4975126320832714554853737354278564453125000000000000000000000000 -0.4720306880781108826994341143290512263774871826171875000000000000 270.2073375506959109770832583308219909667968750000000000000000000000 61.1448115079607887878410110715776681900024414062500000000000000000 87.5274887838514388249677722342312335968017578125000000000000000000 81.2368132403056222301529487594962120056152343750000000000000000000 38.6500842005322411409906635526567697525024414062500000000000000000 320.9554950448039107868680730462074279785156250000000000000000000000 118.6365101884626085393392713740468025207519531250000000000000000000
-0.0186135359313020845584141227391228312626481056213378906250000000 54.0797583309772136317405966110527515411376953125000000000000000000 471.9240915738832882198039442300796508789062500000000000000000000000 -0.1568569097550862878609478912039776332676410675048828125000000000 61.1448115079607887878410110715776681900024414062500000000000000000 23.4445550400998428131060791201889514923095703125000000000000000000 19.2681353804880473035154864192008972167968750000000000000000000000 14.9068513719392150562725873896852135658264160156250000000000000000 1.5894145139451008041930890613002702593803405761718750000000000000 73.3007868655575407501601148396730422973632812500000000000000000000 26.1164163526383461544355668593198060989379882812500000000000000000
0.0155663477038669589846975327418476808816194534301757812500000000 67.8201063965464499005975085310637950897216796875000000000000000000 675.5492348959883202041964977979660034179687500000000000000000000000 -0.2137393735495177193861593423207523301243782043457031250000000000 87.5274887838514388249677722342312335968017578125000000000000000000 19.2681353804880473035154864192008972167968750000000000000000000000 37.9951448083189760041022964287549257278442382812500000000000000000 35.2944628408340079772642638999968767166137695312500000000000000000 -2.1082278912311855911809743702178820967674255371093750000000000000 91.9247296511145037811729707755148410797119140625000000000000000000 51.4993797582353138864164066035300493240356445312500000000000000000
0.0574262508086010106667096408727957168594002723693847656250000000 62.9181209262409666393978113774210214614868164062500000000000000000 626.9969331052242296209442429244518280029296875000000000000000000000 -0.1924744523479532953835757780325366184115409851074218750000000000 81.2368132403056222301529487594962120056152343750000000000000000000 14.9068513719392150562725873896852135658264160156250000000000000000 35.2944628408340079772642638999968767166137695312500000000000000000 37.5019832769462340138488798402249813079833984375000000000000000000 -4.2365690457666573820461053401231765747070312500000000000000000000 85.2804804298471736956344102509319782257080078125000000000000000000 47.8388213644882540620528743602335453033447265625000000000000000000
0.0622229040502794011890941305864544119685888290405273437500000000 47.3478102460179073318613518495112657546997070312500000000000000000 298.3066825419115275508374907076358795166015625000000000000000000000 0.1033343016291028010344987819735251832753419876098632812500000000 38.6500842005322411409906635526567697525024414062500000000000000000 1.5894145139451008041930890613002702593803405761718750000000000000 -2.1082278912311855911809743702178820967674255371093750000000000000 -4.2365690457666573820461053401231765747070312500000000000000000000 42.4305726663367792639292019885033369064331054687500000000000000000 64.1761696890982875629561021924018859863281250000000000000000000000 -2.8575342806338421830503193632466718554496765136718750000000000000
0.0530408251099927716132320654196519171819090843200683593750000000 292.3609246642138828065071720629930496215820312500000000000000000000 2477.1787940657031867885962128639221191406250000000000000000000000000 -0.4847133772722023725698647922399686649441719055175781250000000000 320.9554950448039107868680730462074279785156250000000000000000000000 73.3007868655575407501601148396730422973632812500000000000000000000 91.9247296511145037811729707755148410797119140625000000000000000000 85.2804804298471736956344102509319782257080078125000000000000000000 64.1761696890982875629561021924018859863281250000000000000000000000 396.2718489877842102941940538585186004638671875000000000000000000000 124.5966184721407756796907051466405391693115234375000000000000000000
0.0210989392432755981654501908906240714713931083679199218750000000 91.9247296511145037811729707755148410797119140625000000000000000000 915.6529543131658783750026486814022064208984375000000000000000000000 -0.2897066249713006746979715444467728957533836364746093750000000000 118.6365101884626085393392713740468025207519531250000000000000000000 26.1164163526383461544355668593198060989379882812500000000000000000 51.4993797582353138864164066035300493240356445312500000000000000000 47.8388213644882540620528743602335453033447265625000000000000000000 -2.8575342806338421830503193632466718554496765136718750000000000000 124.5966184721407756796907051466405391693115234375000000000000000000 69.8032901009563886418618494644761085510253906250000000000000000000
