# A b_HI Tb sigma_NL sigma8tot n_s f DA H omegak omegaDE w0 wa h gamma sigma_8 fs8 bs8 pk0 pk1 pk2 pk3 pk4 pk5 pk6 pk7 pk8 pk9 pk10 pk11 pk12 pk13 pk14 pk15 pk16 pk17 pk18 pk19 pk20 pk21 pk22 pk23 pk24 pk25 pk26 pk27 pk28 pk29 pk30 pk31 pk32 pk33 pk34 pk35 pk36 pk37 pk38 pk39 pk40 pk41 pk42 pk43 pk44 pk45 pk46 pk47 pk48 pk49 pk50 pk51 pk52 pk53 pk54 pk55 pk56 pk57 pk58 pk59 pk60 pk61 pk62 pk63 pk64 pk65 pk66 pk67 pk68 pk69 pk70 pk71 pk72 pk73 pk74 pk75 pk76 pk77 pk78 pk79 pk80 pk81 pk82 pk83 pk84 pk85 pk86 pk87 pk88 pk89
3.131363875741461467e+00 -3.216630373531143761e+01 -2.544091485880836387e+02 1.433923575872000089e-01 -3.573506148284260320e+01 -1.784523824080089582e+01 -9.952579282673305272e+00 1.998449075511828710e+00 7.742975031801983654e+00 -2.595582549052621957e+01 -7.093467760839845759e+00 4.947746199347916374e+00 5.687477117589997411e-01 6.280883506607350064e+00 1.271707751938570041e+01 -2.595762843423004185e+01 -4.456390204989624237e+01 -1.378852142747092557e+01 0.000000000000000000e+00 0.000000000000000000e+00 0.000000000000000000e+00 0.000000000000000000e+00 0.000000000000000000e+00 0.000000000000000000e+00 0.000000000000000000e+00 0.000000000000000000e+00 0.000000000000000000e+00 0.000000000000000000e+00 0.000000000000000000e+00 0.000000000000000000e+00 0.000000000000000000e+00 0.000000000000000000e+00 0.000000000000000000e+00 0.000000000000000000e+00 0.000000000000000000e+00 0.000000000000000000e+00 0.000000000000000000e+00 0.000000000000000000e+00 0.000000000000000000e+00 -3.680935137522921930e-20 -1.981788696594551731e-17 -3.226840732344370520e-16 -9.141503595808580934e-16 -8.557792758196206692e-16 -5.065111372238418654e-03 -1.204931928098967459e-01 -3.368111705776151155e-01 -4.573327681990153604e-01 -1.050089275385442666e-01 1.008601789992029429e+00 2.415231974845009066e+00 2.074946834782967819e+00 -2.353626192948063078e+00 -6.919752152531552625e+00 3.499818960663860778e-01 1.194171716284531826e+01 -2.726813080810628342e+00 -1.674021957731726928e+01 1.766466019371531004e+01 -8.973037499432324537e+00 -1.162109542650722460e+01 0.000000000000000000e+00 0.000000000000000000e+00 0.000000000000000000e+00 0.000000000000000000e+00 0.000000000000000000e+00 0.000000000000000000e+00 0.000000000000000000e+00 0.000000000000000000e+00 0.000000000000000000e+00 0.000000000000000000e+00 0.000000000000000000e+00 0.000000000000000000e+00 0.000000000000000000e+00 0.000000000000000000e+00 0.000000000000000000e+00 0.000000000000000000e+00 0.000000000000000000e+00 0.000000000000000000e+00 0.000000000000000000e+00 0.000000000000000000e+00 0.000000000000000000e+00 0.000000000000000000e+00 0.000000000000000000e+00 0.000000000000000000e+00 0.000000000000000000e+00 0.000000000000000000e+00 0.000000000000000000e+00 0.000000000000000000e+00 0.000000000000000000e+00 0.000000000000000000e+00 0.000000000000000000e+00 0.000000000000000000e+00 0.000000000000000000e+00 0.000000000000000000e+00 0.000000000000000000e+00 0.000000000000000000e+00 0.000000000000000000e+00 0.000000000000000000e+00 0.000000000000000000e+00 0.000000000000000000e+00 0.000000000000000000e+00 0.000000000000000000e+00 0.000000000000000000e+00 0.000000000000000000e+00 0.000000000000000000e+00 0.000000000000000000e+00 0.000000000000000000e+00
-3.216630373531143761e+01 2.235135434361727675e+04 1.733966479876675876e+05 -5.398053290175084129e+01 2.435580603585396966e+04 8.873082743726605258e+03 6.326687170921738470e+03 -5.009638956618005068e+03 4.232470137618491208e+03 2.434307720238949332e+04 1.357606405266586307e+03 -1.728208550019742916e+03 -2.179985118047226536e+02 1.155157249208876419e+04 -8.836697812406799130e+03 1.803714084862394884e+04 3.096605608924930129e+04 8.765131042264647476e+03 0.000000000000000000e+00 0.000000000000000000e+00 0.000000000000000000e+00 0.000000000000000000e+00 0.000000000000000000e+00 0.000000000000000000e+00 0.000000000000000000e+00 0.000000000000000000e+00 0.000000000000000000e+00 0.000000000000000000e+00 0.000000000000000000e+00 0.000000000000000000e+00 0.000000000000000000e+00 0.000000000000000000e+00 0.000000000000000000e+00 0.000000000000000000e+00 0.000000000000000000e+00 0.000000000000000000e+00 0.000000000000000000e+00 0.000000000000000000e+00 0.000000000000000000e+00 8.033530052446605316e-05 1.125783328648699566e-01 5.746227652211997050e-01 1.422648328176838728e+00 2.865250924122014542e+00 5.260308974872698329e+00 9.035044730313860128e+00 1.493217894877311380e+01 2.410811477244164536e+01 3.800748105737999794e+01 5.882659554126524881e+01 8.980460535396194643e+01 1.358402076566281664e+02 2.018599007908879059e+02 2.973564805255448391e+02 4.376286629475721952e+02 6.385247993797316894e+02 9.126178144823857110e+02 1.288667068002569977e+03 1.823155421753311202e+03 2.485220797370521268e+03 1.692318851789622158e+03 0.000000000000000000e+00 0.000000000000000000e+00 0.000000000000000000e+00 0.000000000000000000e+00 0.000000000000000000e+00 0.000000000000000000e+00 0.000000000000000000e+00 0.000000000000000000e+00 0.000000000000000000e+00 0.000000000000000000e+00 0.000000000000000000e+00 0.000000000000000000e+00 0.000000000000000000e+00 0.000000000000000000e+00 0.000000000000000000e+00 0.000000000000000000e+00 0.000000000000000000e+00 0.000000000000000000e+00 0.000000000000000000e+00 0.000000000000000000e+00 0.000000000000000000e+00 0.000000000000000000e+00 0.000000000000000000e+00 0.000000000000000000e+00 0.000000000000000000e+00 0.000000000000000000e+00 0.000000000000000000e+00 0.000000000000000000e+00 0.000000000000000000e+00 0.000000000000000000e+00 0.000000000000000000e+00 0.000000000000000000e+00 0.000000000000000000e+00 0.000000000000000000e+00 0.000000000000000000e+00 0.000000000000000000e+00 0.000000000000000000e+00 0.000000000000000000e+00 0.000000000000000000e+00 0.000000000000000000e+00 0.000000000000000000e+00 0.000000000000000000e+00 0.000000000000000000e+00 0.000000000000000000e+00 0.000000000000000000e+00 0.000000000000000000e+00 0.000000000000000000e+00
-2.544091485880836387e+02 1.733966479876675876e+05 1.393341297846182948e+06 -5.036261179282798821e+02 1.957128398151057190e+05 7.084502869972896588e+04 5.746518370430204232e+04 -4.800877163510154060e+04 1.656675910918169029e+04 1.857694008100413776e+05 1.390717484608690756e+04 -1.487930656910757534e+04 -1.885742799955780129e+03 8.299939099069774966e+04 -6.855306199325901980e+04 1.399279754752735898e+05 2.402275157347339846e+05 7.961352472918864805e+04 0.000000000000000000e+00 0.000000000000000000e+00 0.000000000000000000e+00 0.000000000000000000e+00 0.000000000000000000e+00 0.000000000000000000e+00 0.000000000000000000e+00 0.000000000000000000e+00 0.000000000000000000e+00 0.000000000000000000e+00 0.000000000000000000e+00 0.000000000000000000e+00 0.000000000000000000e+00 0.000000000000000000e+00 0.000000000000000000e+00 0.000000000000000000e+00 0.000000000000000000e+00 0.000000000000000000e+00 0.000000000000000000e+00 0.000000000000000000e+00 0.000000000000000000e+00 9.432148163471195139e-04 1.283095302067582377e+00 6.267346154076654408e+00 1.484437732197049620e+01 2.873155799203775373e+01 5.089804278805785032e+01 8.479649308400612995e+01 1.364756625027951316e+02 2.153273252397751207e+02 3.328999904298543697e+02 5.067122665661109977e+02 7.624957347085004358e+02 1.139219215239422510e+03 1.675797115441914229e+03 2.447299819818361811e+03 3.574535858449571606e+03 5.182014415639763683e+03 7.367390850624169616e+03 1.035512593523555552e+04 1.457813676378086893e+04 1.977004490420713046e+04 1.339616657759758709e+04 0.000000000000000000e+00 0.000000000000000000e+00 0.000000000000000000e+00 0.000000000000000000e+00 0.000000000000000000e+00 0.000000000000000000e+00 0.000000000000000000e+00 0.000000000000000000e+00 0.000000000000000000e+00 0.000000000000000000e+00 0.000000000000000000e+00 0.000000000000000000e+00 0.000000000000000000e+00 0.000000000000000000e+00 0.000000000000000000e+00 0.000000000000000000e+00 0.000000000000000000e+00 0.000000000000000000e+00 0.000000000000000000e+00 0.000000000000000000e+00 0.000000000000000000e+00 0.000000000000000000e+00 0.000000000000000000e+00 0.000000000000000000e+00 0.000000000000000000e+00 0.000000000000000000e+00 0.000000000000000000e+00 0.000000000000000000e+00 0.000000000000000000e+00 0.000000000000000000e+00 0.000000000000000000e+00 0.000000000000000000e+00 0.000000000000000000e+00 0.000000000000000000e+00 0.000000000000000000e+00 0.000000000000000000e+00 0.000000000000000000e+00 0.000000000000000000e+00 0.000000000000000000e+00 0.000000000000000000e+00 0.000000000000000000e+00 0.000000000000000000e+00 0.000000000000000000e+00 0.000000000000000000e+00 0.000000000000000000e+00 0.000000000000000000e+00 0.000000000000000000e+00
1.433923575872000089e-01 -5.398053290175084129e+01 -5.036261179282798821e+02 3.409658726173391274e-01 -7.074081411149138887e+01 -2.912171545978564069e+01 -3.004932777633939267e+01 2.821814565224701354e+01 2.927599677662760058e+01 -4.829009581361067660e+01 -1.253683898043767542e+01 8.314645440857216130e+00 1.040837420521673273e+00 -3.741506597658890598e+00 2.134142073326627198e+01 -4.356131892789302640e+01 -7.478581314874645614e+01 -4.163099716738560119e+01 0.000000000000000000e+00 0.000000000000000000e+00 0.000000000000000000e+00 0.000000000000000000e+00 0.000000000000000000e+00 0.000000000000000000e+00 0.000000000000000000e+00 0.000000000000000000e+00 0.000000000000000000e+00 0.000000000000000000e+00 0.000000000000000000e+00 0.000000000000000000e+00 0.000000000000000000e+00 0.000000000000000000e+00 0.000000000000000000e+00 0.000000000000000000e+00 0.000000000000000000e+00 0.000000000000000000e+00 0.000000000000000000e+00 0.000000000000000000e+00 0.000000000000000000e+00 -1.139152429104992159e-08 -1.646512478969030236e-05 -8.974524734578591802e-05 -2.428105125516472713e-04 -5.440920268815376123e-04 -1.129000733938948908e-03 -2.219346630529963390e-03 -4.241327554274551201e-03 -8.034497363917769003e-03 -1.500978255150110449e-02 -2.772131457870472687e-02 -5.085633236299445803e-02 -9.353626073430645893e-02 -1.697210935488603911e-01 -3.065735012798979642e-01 -5.567756324237272958e-01 -1.007430009280281702e+00 -1.788829791164225691e+00 -3.142892811683350551e+00 -5.549319851291267369e+00 -9.380399306672359216e+00 -7.398472766436284154e+00 0.000000000000000000e+00 0.000000000000000000e+00 0.000000000000000000e+00 0.000000000000000000e+00 0.000000000000000000e+00 0.000000000000000000e+00 0.000000000000000000e+00 0.000000000000000000e+00 0.000000000000000000e+00 0.000000000000000000e+00 0.000000000000000000e+00 0.000000000000000000e+00 0.000000000000000000e+00 0.000000000000000000e+00 0.000000000000000000e+00 0.000000000000000000e+00 0.000000000000000000e+00 0.000000000000000000e+00 0.000000000000000000e+00 0.000000000000000000e+00 0.000000000000000000e+00 0.000000000000000000e+00 0.000000000000000000e+00 0.000000000000000000e+00 0.000000000000000000e+00 0.000000000000000000e+00 0.000000000000000000e+00 0.000000000000000000e+00 0.000000000000000000e+00 0.000000000000000000e+00 0.000000000000000000e+00 0.000000000000000000e+00 0.000000000000000000e+00 0.000000000000000000e+00 0.000000000000000000e+00 0.000000000000000000e+00 0.000000000000000000e+00 0.000000000000000000e+00 0.000000000000000000e+00 0.000000000000000000e+00 0.000000000000000000e+00 0.000000000000000000e+00 0.000000000000000000e+00 0.000000000000000000e+00 0.000000000000000000e+00 0.000000000000000000e+00 0.000000000000000000e+00
-3.573506148284260320e+01 2.435580603585396966e+04 1.957128398151057190e+05 -7.074081411149138887e+01 2.749040434508223552e+04 9.951102271237834429e+03 8.071729669285420641e+03 -6.743454060584284889e+03 2.327015984384218427e+03 2.609371949247818338e+04 1.953442912472509306e+03 -2.089991409585762995e+03 -2.648770111893841772e+02 1.165833994788189375e+04 -9.629165848641086995e+03 1.965469730365193391e+04 3.374306738689879421e+04 1.118275115833088057e+04 0.000000000000000000e+00 0.000000000000000000e+00 0.000000000000000000e+00 0.000000000000000000e+00 0.000000000000000000e+00 0.000000000000000000e+00 0.000000000000000000e+00 0.000000000000000000e+00 0.000000000000000000e+00 0.000000000000000000e+00 0.000000000000000000e+00 0.000000000000000000e+00 0.000000000000000000e+00 0.000000000000000000e+00 0.000000000000000000e+00 0.000000000000000000e+00 0.000000000000000000e+00 0.000000000000000000e+00 0.000000000000000000e+00 0.000000000000000000e+00 0.000000000000000000e+00 1.324867428736450773e-04 1.802273611707656820e-01 8.803299778845945500e-01 2.085085144221801023e+00 4.035719615593326814e+00 7.149289632396475191e+00 1.191076622324080070e+01 1.916977521254711192e+01 3.024551298207452632e+01 4.676011728222012209e+01 7.117430367713843964e+01 1.071024061494372575e+02 1.600181004690619204e+02 2.353874193810813438e+02 3.437549711302130504e+02 5.020898791699507342e+02 7.278810717915248460e+02 1.034845509590760003e+03 1.454511616472400647e+03 2.047688207952276571e+03 2.776958981590224084e+03 1.881665179658846682e+03 0.000000000000000000e+00 0.000000000000000000e+00 0.000000000000000000e+00 0.000000000000000000e+00 0.000000000000000000e+00 0.000000000000000000e+00 0.000000000000000000e+00 0.000000000000000000e+00 0.000000000000000000e+00 0.000000000000000000e+00 0.000000000000000000e+00 0.000000000000000000e+00 0.000000000000000000e+00 0.000000000000000000e+00 0.000000000000000000e+00 0.000000000000000000e+00 0.000000000000000000e+00 0.000000000000000000e+00 0.000000000000000000e+00 0.000000000000000000e+00 0.000000000000000000e+00 0.000000000000000000e+00 0.000000000000000000e+00 0.000000000000000000e+00 0.000000000000000000e+00 0.000000000000000000e+00 0.000000000000000000e+00 0.000000000000000000e+00 0.000000000000000000e+00 0.000000000000000000e+00 0.000000000000000000e+00 0.000000000000000000e+00 0.000000000000000000e+00 0.000000000000000000e+00 0.000000000000000000e+00 0.000000000000000000e+00 0.000000000000000000e+00 0.000000000000000000e+00 0.000000000000000000e+00 0.000000000000000000e+00 0.000000000000000000e+00 0.000000000000000000e+00 0.000000000000000000e+00 0.000000000000000000e+00 0.000000000000000000e+00 0.000000000000000000e+00 0.000000000000000000e+00
-1.784523824080089582e+01 8.873082743726605258e+03 7.084502869972896588e+04 -2.912171545978564069e+01 9.951102271237834429e+03 4.062542032695966554e+03 2.861376734686150030e+03 -2.234386581071956243e+03 2.936971374991611015e+02 9.135918091677194752e+03 9.198887152630994706e+02 -8.612242340766880488e+02 -1.068052426895095408e+02 3.311778240277388250e+03 -3.508008940549236286e+03 7.160418145122127498e+03 1.229296326758162468e+04 3.964214029118411872e+03 0.000000000000000000e+00 0.000000000000000000e+00 0.000000000000000000e+00 0.000000000000000000e+00 0.000000000000000000e+00 0.000000000000000000e+00 0.000000000000000000e+00 0.000000000000000000e+00 0.000000000000000000e+00 0.000000000000000000e+00 0.000000000000000000e+00 0.000000000000000000e+00 0.000000000000000000e+00 0.000000000000000000e+00 0.000000000000000000e+00 0.000000000000000000e+00 0.000000000000000000e+00 0.000000000000000000e+00 0.000000000000000000e+00 0.000000000000000000e+00 0.000000000000000000e+00 -6.826711372151007557e-05 -8.826277235780967401e-02 -3.938143322760714327e-01 -8.327198458319092778e-01 -1.412941460474172795e+00 -2.143568537836809007e+00 -2.978619695014453672e+00 -3.844134118811229683e+00 -4.540232072509991390e+00 -4.672074003846470092e+00 -3.567635635036957353e+00 -3.993042160106119454e-02 8.055322754927003004e+00 2.360265551646145354e+01 5.157554110082963916e+01 1.005796872714588517e+02 1.824554644150570653e+02 3.109366519895101533e+02 5.093331204370371665e+02 8.208901457679834266e+02 1.251565845015561990e+03 9.158517319681018307e+02 0.000000000000000000e+00 0.000000000000000000e+00 0.000000000000000000e+00 0.000000000000000000e+00 0.000000000000000000e+00 0.000000000000000000e+00 0.000000000000000000e+00 0.000000000000000000e+00 0.000000000000000000e+00 0.000000000000000000e+00 0.000000000000000000e+00 0.000000000000000000e+00 0.000000000000000000e+00 0.000000000000000000e+00 0.000000000000000000e+00 0.000000000000000000e+00 0.000000000000000000e+00 0.000000000000000000e+00 0.000000000000000000e+00 0.000000000000000000e+00 0.000000000000000000e+00 0.000000000000000000e+00 0.000000000000000000e+00 0.000000000000000000e+00 0.000000000000000000e+00 0.000000000000000000e+00 0.000000000000000000e+00 0.000000000000000000e+00 0.000000000000000000e+00 0.000000000000000000e+00 0.000000000000000000e+00 0.000000000000000000e+00 0.000000000000000000e+00 0.000000000000000000e+00 0.000000000000000000e+00 0.000000000000000000e+00 0.000000000000000000e+00 0.000000000000000000e+00 0.000000000000000000e+00 0.000000000000000000e+00 0.000000000000000000e+00 0.000000000000000000e+00 0.000000000000000000e+00 0.000000000000000000e+00 0.000000000000000000e+00 0.000000000000000000e+00 0.000000000000000000e+00
-9.952579282673305272e+00 6.326687170921738470e+03 5.746518370430204232e+04 -3.004932777633939267e+01 8.071729669285420641e+03 2.861376734686150030e+03 3.250112134866651559e+03 -3.009758980023530057e+03 -1.633444143957848610e+03 6.354618334675777078e+03 9.717420912063984133e+02 -7.454333874322893507e+02 -9.556987782365074224e+01 2.118368236019315646e+03 -2.501281212027819493e+03 5.105522728186926543e+03 8.765131042264647476e+03 4.502776570824242299e+03 0.000000000000000000e+00 0.000000000000000000e+00 0.000000000000000000e+00 0.000000000000000000e+00 0.000000000000000000e+00 0.000000000000000000e+00 0.000000000000000000e+00 0.000000000000000000e+00 0.000000000000000000e+00 0.000000000000000000e+00 0.000000000000000000e+00 0.000000000000000000e+00 0.000000000000000000e+00 0.000000000000000000e+00 0.000000000000000000e+00 0.000000000000000000e+00 0.000000000000000000e+00 0.000000000000000000e+00 0.000000000000000000e+00 0.000000000000000000e+00 0.000000000000000000e+00 7.843531430281941094e-05 1.031826392525121566e-01 4.776109026850045569e-01 1.065452254946188670e+00 1.943005071629565039e+00 3.245129501646267567e+00 5.116837225788022359e+00 7.818295538156460722e+00 1.175004993688250998e+01 1.738043555318574818e+01 2.541469380433870029e+01 3.687464402586601153e+01 5.331500390076374174e+01 7.625135045614221951e+01 1.086191336573590007e+02 1.551185474176251660e+02 2.205073205169008190e+02 3.083647493556675272e+02 4.270667188717509930e+02 5.916848426901915445e+02 7.887913505329502186e+02 5.255889024883243792e+02 0.000000000000000000e+00 0.000000000000000000e+00 0.000000000000000000e+00 0.000000000000000000e+00 0.000000000000000000e+00 0.000000000000000000e+00 0.000000000000000000e+00 0.000000000000000000e+00 0.000000000000000000e+00 0.000000000000000000e+00 0.000000000000000000e+00 0.000000000000000000e+00 0.000000000000000000e+00 0.000000000000000000e+00 0.000000000000000000e+00 0.000000000000000000e+00 0.000000000000000000e+00 0.000000000000000000e+00 0.000000000000000000e+00 0.000000000000000000e+00 0.000000000000000000e+00 0.000000000000000000e+00 0.000000000000000000e+00 0.000000000000000000e+00 0.000000000000000000e+00 0.000000000000000000e+00 0.000000000000000000e+00 0.000000000000000000e+00 0.000000000000000000e+00 0.000000000000000000e+00 0.000000000000000000e+00 0.000000000000000000e+00 0.000000000000000000e+00 0.000000000000000000e+00 0.000000000000000000e+00 0.000000000000000000e+00 0.000000000000000000e+00 0.000000000000000000e+00 0.000000000000000000e+00 0.000000000000000000e+00 0.000000000000000000e+00 0.000000000000000000e+00 0.000000000000000000e+00 0.000000000000000000e+00 0.000000000000000000e+00 0.000000000000000000e+00 0.000000000000000000e+00
1.998449075511828710e+00 -5.009638956618005068e+03 -4.800877163510154060e+04 2.821814565224701354e+01 -6.743454060584284889e+03 -2.234386581071956243e+03 -3.009758980023530057e+03 3.348530687789592321e+03 2.583716528876576376e+03 -4.906900304567020612e+03 -9.952312993889861445e+02 6.846996608647014000e+02 8.945195719193048944e+01 -1.471939590736736363e+03 1.980580904777956448e+03 -4.042688513283574594e+03 -6.940463585904385582e+03 -4.169786043284888365e+03 -0.000000000000000000e+00 -0.000000000000000000e+00 -0.000000000000000000e+00 -0.000000000000000000e+00 -0.000000000000000000e+00 -0.000000000000000000e+00 -0.000000000000000000e+00 -0.000000000000000000e+00 -0.000000000000000000e+00 -0.000000000000000000e+00 -0.000000000000000000e+00 -0.000000000000000000e+00 -0.000000000000000000e+00 -0.000000000000000000e+00 -0.000000000000000000e+00 -0.000000000000000000e+00 -0.000000000000000000e+00 -0.000000000000000000e+00 -0.000000000000000000e+00 -0.000000000000000000e+00 -0.000000000000000000e+00 -1.207216264087165625e-04 -1.532067983630093222e-01 -6.717900954782106693e-01 -1.415715647586687442e+00 -2.447476798615576765e+00 -3.994741008266771143e+00 -6.629252134361872884e+00 -1.007405913716581303e+01 -1.499650808249237244e+01 -2.188757097072407731e+01 -3.120453364546393260e+01 -4.359446051730832750e+01 -6.040809221987971256e+01 -8.180787729793030394e+01 -1.117862443086353181e+02 -1.580313937037178107e+02 -2.242940699764724002e+02 -2.755158970998280665e+02 -3.347662961148712384e+02 -5.185456590442616971e+02 -5.708554075604549780e+02 -3.394295911872280840e+02 -0.000000000000000000e+00 -0.000000000000000000e+00 -0.000000000000000000e+00 -0.000000000000000000e+00 -0.000000000000000000e+00 -0.000000000000000000e+00 -0.000000000000000000e+00 -0.000000000000000000e+00 -0.000000000000000000e+00 -0.000000000000000000e+00 -0.000000000000000000e+00 -0.000000000000000000e+00 -0.000000000000000000e+00 -0.000000000000000000e+00 -0.000000000000000000e+00 -0.000000000000000000e+00 -0.000000000000000000e+00 -0.000000000000000000e+00 -0.000000000000000000e+00 -0.000000000000000000e+00 -0.000000000000000000e+00 -0.000000000000000000e+00 -0.000000000000000000e+00 -0.000000000000000000e+00 -0.000000000000000000e+00 -0.000000000000000000e+00 -0.000000000000000000e+00 -0.000000000000000000e+00 -0.000000000000000000e+00 -0.000000000000000000e+00 -0.000000000000000000e+00 -0.000000000000000000e+00 -0.000000000000000000e+00 -0.000000000000000000e+00 -0.000000000000000000e+00 -0.000000000000000000e+00 -0.000000000000000000e+00 -0.000000000000000000e+00 -0.000000000000000000e+00 -0.000000000000000000e+00 -0.000000000000000000e+00 -0.000000000000000000e+00 -0.000000000000000000e+00 -0.000000000000000000e+00 -0.000000000000000000e+00 -0.000000000000000000e+00 -0.000000000000000000e+00
7.742975031801983654e+00 4.232470137618491208e+03 1.656675910918169029e+04 2.927599677662760058e+01 2.327015984384218427e+03 2.936971374991611015e+02 -1.633444143957848610e+03 2.583716528876576376e+03 8.721435713742539519e+03 6.565924203130376554e+03 -1.546882891626005630e+03 4.751286671647220601e+02 5.978595775702972759e+01 6.631912319159551771e+03 -1.673324087265021035e+03 3.415527257820057457e+03 5.863756874088200675e+03 -2.263009310435755651e+03 0.000000000000000000e+00 0.000000000000000000e+00 0.000000000000000000e+00 0.000000000000000000e+00 0.000000000000000000e+00 0.000000000000000000e+00 0.000000000000000000e+00 0.000000000000000000e+00 0.000000000000000000e+00 0.000000000000000000e+00 0.000000000000000000e+00 0.000000000000000000e+00 0.000000000000000000e+00 0.000000000000000000e+00 0.000000000000000000e+00 0.000000000000000000e+00 0.000000000000000000e+00 0.000000000000000000e+00 0.000000000000000000e+00 0.000000000000000000e+00 0.000000000000000000e+00 5.198715375611753390e-05 7.435977106618041343e-02 3.817206587799270578e-01 9.225285765468927979e-01 1.787769338909326544e+00 3.334256605426651809e+00 6.423665867471266999e+00 1.021152581959740147e+01 1.565158276412996052e+01 2.327697981096462243e+01 3.357045733654202024e+01 4.721951940588692764e+01 6.537344551701713158e+01 8.759225864342506895e+01 1.160694657014461626e+02 1.540048888346518368e+02 1.971101268262084147e+02 2.059418055022602232e+02 1.765654535305694139e+02 1.496262277454535194e+02 -1.047315358176129081e+02 -2.198719316890381492e+02 0.000000000000000000e+00 0.000000000000000000e+00 0.000000000000000000e+00 0.000000000000000000e+00 0.000000000000000000e+00 0.000000000000000000e+00 0.000000000000000000e+00 0.000000000000000000e+00 0.000000000000000000e+00 0.000000000000000000e+00 0.000000000000000000e+00 0.000000000000000000e+00 0.000000000000000000e+00 0.000000000000000000e+00 0.000000000000000000e+00 0.000000000000000000e+00 0.000000000000000000e+00 0.000000000000000000e+00 0.000000000000000000e+00 0.000000000000000000e+00 0.000000000000000000e+00 0.000000000000000000e+00 0.000000000000000000e+00 0.000000000000000000e+00 0.000000000000000000e+00 0.000000000000000000e+00 0.000000000000000000e+00 0.000000000000000000e+00 0.000000000000000000e+00 0.000000000000000000e+00 0.000000000000000000e+00 0.000000000000000000e+00 0.000000000000000000e+00 0.000000000000000000e+00 0.000000000000000000e+00 0.000000000000000000e+00 0.000000000000000000e+00 0.000000000000000000e+00 0.000000000000000000e+00 0.000000000000000000e+00 0.000000000000000000e+00 0.000000000000000000e+00 0.000000000000000000e+00 0.000000000000000000e+00 0.000000000000000000e+00 0.000000000000000000e+00 0.000000000000000000e+00
-2.595582549052621957e+01 2.434307720238949332e+04 1.857694008100413776e+05 -4.829009581361067660e+01 2.609371949247818338e+04 9.135918091677194752e+03 6.354618334675777078e+03 -4.906900304567020612e+03 6.565924203130376554e+03 2.715631470840780821e+04 9.764838905065837480e+02 -1.653920686367571307e+03 -2.102300078863507906e+02 1.410898256880907684e+04 -9.624133453149484922e+03 1.964442536404112252e+04 3.372543258209224587e+04 8.803827488580554927e+03 0.000000000000000000e+00 0.000000000000000000e+00 0.000000000000000000e+00 0.000000000000000000e+00 0.000000000000000000e+00 0.000000000000000000e+00 0.000000000000000000e+00 0.000000000000000000e+00 0.000000000000000000e+00 0.000000000000000000e+00 0.000000000000000000e+00 0.000000000000000000e+00 0.000000000000000000e+00 0.000000000000000000e+00 0.000000000000000000e+00 0.000000000000000000e+00 0.000000000000000000e+00 0.000000000000000000e+00 0.000000000000000000e+00 0.000000000000000000e+00 0.000000000000000000e+00 1.558137029994246311e-04 2.111167351298194605e-01 1.023796003404735533e+00 2.401066631793467909e+00 4.602076742114474150e+00 8.225428651057205442e+00 1.433914908645776087e+01 2.306981160336305337e+01 3.622430129346321337e+01 5.558081212493279111e+01 8.354531755339492349e+01 1.236411085019973086e+02 1.814330270924546369e+02 2.611746543470142115e+02 3.743176500758703469e+02 5.397840664726336399e+02 7.715159607761740972e+02 1.044763809888656169e+03 1.394718901373288645e+03 1.948576682889011408e+03 2.443842089886002213e+03 1.569984627016752938e+03 0.000000000000000000e+00 0.000000000000000000e+00 0.000000000000000000e+00 0.000000000000000000e+00 0.000000000000000000e+00 0.000000000000000000e+00 0.000000000000000000e+00 0.000000000000000000e+00 0.000000000000000000e+00 0.000000000000000000e+00 0.000000000000000000e+00 0.000000000000000000e+00 0.000000000000000000e+00 0.000000000000000000e+00 0.000000000000000000e+00 0.000000000000000000e+00 0.000000000000000000e+00 0.000000000000000000e+00 0.000000000000000000e+00 0.000000000000000000e+00 0.000000000000000000e+00 0.000000000000000000e+00 0.000000000000000000e+00 0.000000000000000000e+00 0.000000000000000000e+00 0.000000000000000000e+00 0.000000000000000000e+00 0.000000000000000000e+00 0.000000000000000000e+00 0.000000000000000000e+00 0.000000000000000000e+00 0.000000000000000000e+00 0.000000000000000000e+00 0.000000000000000000e+00 0.000000000000000000e+00 0.000000000000000000e+00 0.000000000000000000e+00 0.000000000000000000e+00 0.000000000000000000e+00 0.000000000000000000e+00 0.000000000000000000e+00 0.000000000000000000e+00 0.000000000000000000e+00 0.000000000000000000e+00 0.000000000000000000e+00 0.000000000000000000e+00 0.000000000000000000e+00
-7.093467760839845759e+00 1.357606405266586307e+03 1.390717484608690756e+04 -1.253683898043767542e+01 1.953442912472509306e+03 9.198887152630994706e+02 9.717420912063984133e+02 -9.952312993889861445e+02 -1.546882891626005630e+03 9.764838905065837480e+02 5.132091731128969059e+02 -2.983058435154742369e+02 -3.704491364797150510e+01 -4.618752128192330133e+02 -5.367351511276332303e+02 1.095563945357975399e+03 1.880857662865258135e+03 1.346272786784154960e+03 0.000000000000000000e+00 0.000000000000000000e+00 0.000000000000000000e+00 0.000000000000000000e+00 0.000000000000000000e+00 0.000000000000000000e+00 0.000000000000000000e+00 0.000000000000000000e+00 0.000000000000000000e+00 0.000000000000000000e+00 0.000000000000000000e+00 0.000000000000000000e+00 0.000000000000000000e+00 0.000000000000000000e+00 0.000000000000000000e+00 0.000000000000000000e+00 0.000000000000000000e+00 0.000000000000000000e+00 0.000000000000000000e+00 0.000000000000000000e+00 0.000000000000000000e+00 -2.431100725668035201e-05 -3.173911328784487923e-02 -1.434098201309683129e-01 -3.049175830831850065e-01 -5.220824575388320898e-01 -8.872962048414558822e-01 -1.696471041871002283e+00 -2.525857428282754835e+00 -3.601160442889218327e+00 -4.943205189786916698e+00 -6.432911539103094434e+00 -7.882407978657822945e+00 -9.106084806148855293e+00 -9.220461113905706441e+00 -8.095841022566286682e+00 -5.639823332823340252e+00 1.303938981834973587e+00 3.290343586415406207e+01 9.086839589842244891e+01 1.513290141298035678e+02 3.244162015690781118e+02 2.749402347366370805e+02 0.000000000000000000e+00 0.000000000000000000e+00 0.000000000000000000e+00 0.000000000000000000e+00 0.000000000000000000e+00 0.000000000000000000e+00 0.000000000000000000e+00 0.000000000000000000e+00 0.000000000000000000e+00 0.000000000000000000e+00 0.000000000000000000e+00 0.000000000000000000e+00 0.000000000000000000e+00 0.000000000000000000e+00 0.000000000000000000e+00 0.000000000000000000e+00 0.000000000000000000e+00 0.000000000000000000e+00 0.000000000000000000e+00 0.000000000000000000e+00 0.000000000000000000e+00 0.000000000000000000e+00 0.000000000000000000e+00 0.000000000000000000e+00 0.000000000000000000e+00 0.000000000000000000e+00 0.000000000000000000e+00 0.000000000000000000e+00 0.000000000000000000e+00 0.000000000000000000e+00 0.000000000000000000e+00 0.000000000000000000e+00 0.000000000000000000e+00 0.000000000000000000e+00 0.000000000000000000e+00 0.000000000000000000e+00 0.000000000000000000e+00 0.000000000000000000e+00 0.000000000000000000e+00 0.000000000000000000e+00 0.000000000000000000e+00 0.000000000000000000e+00 0.000000000000000000e+00 0.000000000000000000e+00 0.000000000000000000e+00 0.000000000000000000e+00 0.000000000000000000e+00
4.947746199347916374e+00 -1.728208550019742916e+03 -1.487930656910757534e+04 8.314645440857216130e+00 -2.089991409585762995e+03 -8.612242340766880488e+02 -7.454333874322893507e+02 6.846996608647014000e+02 4.751286671647220601e+02 -1.653920686367571307e+03 -2.983058435154741801e+02 2.205470828698236687e+02 2.751214763247261175e+01 -3.623820197686264919e+02 6.832541992115664016e+02 -1.394633208944845364e+03 -2.394297995150961015e+03 -1.032739749509589956e+03 0.000000000000000000e+00 0.000000000000000000e+00 0.000000000000000000e+00 0.000000000000000000e+00 0.000000000000000000e+00 0.000000000000000000e+00 0.000000000000000000e+00 0.000000000000000000e+00 0.000000000000000000e+00 0.000000000000000000e+00 0.000000000000000000e+00 0.000000000000000000e+00 0.000000000000000000e+00 0.000000000000000000e+00 0.000000000000000000e+00 0.000000000000000000e+00 0.000000000000000000e+00 0.000000000000000000e+00 0.000000000000000000e+00 0.000000000000000000e+00 0.000000000000000000e+00 8.599056935044513831e-06 1.077972651061289734e-02 4.507647282583097242e-02 8.535013354629275573e-02 1.242898423117788226e-01 1.892266527638805651e-01 4.029297143578903229e-01 5.260182927794072594e-01 6.119984704309988643e-01 6.018025438809059269e-01 3.319024441033260331e-01 -4.449101521074912968e-01 -2.052222487881210977e+00 -5.154654452631548089e+00 -1.025610821812305495e+01 -1.809986977213112525e+01 -3.093390056419907097e+01 -5.922820433672216467e+01 -1.049991642889664973e+02 -1.586735330542621796e+02 -2.730365303143564120e+02 -2.117284506946224951e+02 0.000000000000000000e+00 0.000000000000000000e+00 0.000000000000000000e+00 0.000000000000000000e+00 0.000000000000000000e+00 0.000000000000000000e+00 0.000000000000000000e+00 0.000000000000000000e+00 0.000000000000000000e+00 0.000000000000000000e+00 0.000000000000000000e+00 0.000000000000000000e+00 0.000000000000000000e+00 0.000000000000000000e+00 0.000000000000000000e+00 0.000000000000000000e+00 0.000000000000000000e+00 0.000000000000000000e+00 0.000000000000000000e+00 0.000000000000000000e+00 0.000000000000000000e+00 0.000000000000000000e+00 0.000000000000000000e+00 0.000000000000000000e+00 0.000000000000000000e+00 0.000000000000000000e+00 0.000000000000000000e+00 0.000000000000000000e+00 0.000000000000000000e+00 0.000000000000000000e+00 0.000000000000000000e+00 0.000000000000000000e+00 0.000000000000000000e+00 0.000000000000000000e+00 0.000000000000000000e+00 0.000000000000000000e+00 0.000000000000000000e+00 0.000000000000000000e+00 0.000000000000000000e+00 0.000000000000000000e+00 0.000000000000000000e+00 0.000000000000000000e+00 0.000000000000000000e+00 0.000000000000000000e+00 0.000000000000000000e+00 0.000000000000000000e+00 0.000000000000000000e+00
5.687477117589997411e-01 -2.179985118047226536e+02 -1.885742799955780129e+03 1.040837420521673273e+00 -2.648770111893841772e+02 -1.068052426895095408e+02 -9.556987782365074224e+01 8.945195719193048944e+01 5.978595775702972759e+01 -2.102300078863507906e+02 -3.704491364797150510e+01 2.751214763247261530e+01 3.446823023553348797e+00 -4.998328556643892284e+01 8.618658819315956521e+01 -1.759208771765120218e+02 -3.020199152202885102e+02 -1.324046029441153109e+02 0.000000000000000000e+00 0.000000000000000000e+00 0.000000000000000000e+00 0.000000000000000000e+00 0.000000000000000000e+00 0.000000000000000000e+00 0.000000000000000000e+00 0.000000000000000000e+00 0.000000000000000000e+00 0.000000000000000000e+00 0.000000000000000000e+00 0.000000000000000000e+00 0.000000000000000000e+00 0.000000000000000000e+00 0.000000000000000000e+00 0.000000000000000000e+00 0.000000000000000000e+00 0.000000000000000000e+00 0.000000000000000000e+00 0.000000000000000000e+00 0.000000000000000000e+00 5.072131028049036226e-07 6.245432016993486025e-04 2.462188708956310462e-03 4.032206916032534533e-03 4.224025147232187555e-03 5.141577066474978773e-03 1.826550692867668149e-02 1.769301327778039293e-02 6.596473626623201511e-03 -2.384999934427410942e-02 -9.425028588552419873e-02 -2.355668618271568870e-01 -4.903243548241411065e-01 -9.348081924827489342e-01 -1.642473562726081582e+00 -2.728363759797018506e+00 -4.461122944472651675e+00 -7.886939133457198992e+00 -1.332022401689890145e+01 -2.012145822367599735e+01 -3.325496165027241346e+01 -2.533764260190902462e+01 0.000000000000000000e+00 0.000000000000000000e+00 0.000000000000000000e+00 0.000000000000000000e+00 0.000000000000000000e+00 0.000000000000000000e+00 0.000000000000000000e+00 0.000000000000000000e+00 0.000000000000000000e+00 0.000000000000000000e+00 0.000000000000000000e+00 0.000000000000000000e+00 0.000000000000000000e+00 0.000000000000000000e+00 0.000000000000000000e+00 0.000000000000000000e+00 0.000000000000000000e+00 0.000000000000000000e+00 0.000000000000000000e+00 0.000000000000000000e+00 0.000000000000000000e+00 0.000000000000000000e+00 0.000000000000000000e+00 0.000000000000000000e+00 0.000000000000000000e+00 0.000000000000000000e+00 0.000000000000000000e+00 0.000000000000000000e+00 0.000000000000000000e+00 0.000000000000000000e+00 0.000000000000000000e+00 0.000000000000000000e+00 0.000000000000000000e+00 0.000000000000000000e+00 0.000000000000000000e+00 0.000000000000000000e+00 0.000000000000000000e+00 0.000000000000000000e+00 0.000000000000000000e+00 0.000000000000000000e+00 0.000000000000000000e+00 0.000000000000000000e+00 0.000000000000000000e+00 0.000000000000000000e+00 0.000000000000000000e+00 0.000000000000000000e+00 0.000000000000000000e+00
6.280883506607349176e+00 1.155157249208876237e+04 8.299939099069774966e+04 -3.741506597658890598e+00 1.165833994788189375e+04 3.311778240277388250e+03 2.118368236019315646e+03 -1.471939590736736591e+03 6.631912319159551771e+03 1.410898256880907502e+04 -4.618752128192325017e+02 -3.623820197686263782e+02 -4.998328556643893705e+01 9.615203190563510361e+03 -4.566960632515272664e+03 9.321911185323506288e+03 1.600380165827391829e+04 2.934833773640675645e+03 0.000000000000000000e+00 0.000000000000000000e+00 0.000000000000000000e+00 0.000000000000000000e+00 0.000000000000000000e+00 0.000000000000000000e+00 0.000000000000000000e+00 0.000000000000000000e+00 0.000000000000000000e+00 0.000000000000000000e+00 0.000000000000000000e+00 0.000000000000000000e+00 0.000000000000000000e+00 0.000000000000000000e+00 0.000000000000000000e+00 0.000000000000000000e+00 0.000000000000000000e+00 0.000000000000000000e+00 0.000000000000000000e+00 0.000000000000000000e+00 0.000000000000000000e+00 2.206332948360571799e-04 2.896828331224276520e-01 1.334484743281656893e+00 2.948615153899414310e+00 5.320264873189548993e+00 9.164289230694340205e+00 1.623620199925871788e+01 2.519255301922050450e+01 3.802234850037256564e+01 5.599433306781882891e+01 8.027424173032412114e+01 1.125167066509122549e+02 1.558456943966216954e+02 2.099693541787523259e+02 2.827318426979175570e+02 3.880561174444571861e+02 5.259810854830498101e+02 6.043246534590909960e+02 6.492364575714677812e+02 8.626388097635895065e+02 6.385636168239523158e+02 1.977326590923370588e+02 0.000000000000000000e+00 0.000000000000000000e+00 0.000000000000000000e+00 0.000000000000000000e+00 0.000000000000000000e+00 0.000000000000000000e+00 0.000000000000000000e+00 0.000000000000000000e+00 0.000000000000000000e+00 0.000000000000000000e+00 0.000000000000000000e+00 0.000000000000000000e+00 0.000000000000000000e+00 0.000000000000000000e+00 0.000000000000000000e+00 0.000000000000000000e+00 0.000000000000000000e+00 0.000000000000000000e+00 0.000000000000000000e+00 0.000000000000000000e+00 0.000000000000000000e+00 0.000000000000000000e+00 0.000000000000000000e+00 0.000000000000000000e+00 0.000000000000000000e+00 0.000000000000000000e+00 0.000000000000000000e+00 0.000000000000000000e+00 0.000000000000000000e+00 0.000000000000000000e+00 0.000000000000000000e+00 0.000000000000000000e+00 0.000000000000000000e+00 0.000000000000000000e+00 0.000000000000000000e+00 0.000000000000000000e+00 0.000000000000000000e+00 0.000000000000000000e+00 0.000000000000000000e+00 0.000000000000000000e+00 0.000000000000000000e+00 0.000000000000000000e+00 0.000000000000000000e+00 0.000000000000000000e+00 0.000000000000000000e+00 0.000000000000000000e+00 0.000000000000000000e+00
