1.129693753831561898e+00 1.025130309315500554e+01 1.155248253512711329e+02 -3.137285603996525785e-02 1.043743330776227651e+01 4.600139883829330145e+00 2.961338287376191758e+00 3.385857111365298877e+00 8.559415062371168448e-01 1.285661443747238231e+01 3.713945849981003633e+00
1.025130309315500554e+01 8.189503693938833749e+03 8.977989986735141429e+04 -1.274560908378379942e+01 8.111431585321540297e+03 2.526109824339447187e+03 2.039293413111767677e+03 1.722669469946263689e+03 1.669832002178823132e+03 1.027082025284484189e+04 2.557568428033468990e+03
1.155248253512711329e+02 8.977989986735141429e+04 1.015852754240200156e+06 -1.696257305126740107e+02 9.178023286898691731e+04 2.851657591856426370e+04 2.646806569453203701e+04 2.215092519021329645e+04 1.378117886109271785e+04 1.125969592685383104e+05 3.319477655162748124e+04
-3.137285603996525785e-02 -1.274560908378379942e+01 -1.696257305126740107e+02 5.790250489187093869e-02 -1.532534019526228342e+01 -5.569174301094100166e+00 -7.062411584785718510e+00 -5.811933643446349329e+00 3.097287981852495431e+00 -1.598483434465712172e+01 -8.857283988116236628e+00
1.043743330776227651e+01 8.111431585321540297e+03 9.178023286898691731e+04 -1.532534019526228342e+01 8.292157608792274914e+03 2.576414709225779006e+03 2.391335971572701965e+03 2.001291096308406395e+03 1.245101516731406036e+03 1.017290655448943835e+04 2.999080633709614176e+03
4.600139883829330145e+00 2.526109824339447187e+03 2.851657591856426370e+04 -5.569174301094100166e+00 2.576414709225779006e+03 9.500611458299397327e+02 7.361184366754445136e+02 5.704353626903272243e+02 2.809494805686427981e+02 3.168106507350175434e+03 9.231988201549139603e+02
2.961338287376191758e+00 2.039293413111767677e+03 2.646806569453203701e+04 -7.062411584785718510e+00 2.391335971572701965e+03 7.361184366754445136e+02 1.042582854240750066e+03 8.537004386963330944e+02 -1.726981718327724309e+02 2.557568428033468990e+03 1.307549455350994322e+03
3.385857111365298877e+00 1.722669469946263689e+03 2.215092519021329645e+04 -5.811933643446349329e+00 2.001291096308406395e+03 5.704353626903272243e+02 8.537004386963330944e+02 8.127276530545677815e+02 -2.049829345463585071e+02 2.160476280629383837e+03 1.070663630338709709e+03
8.559415062371168448e-01 1.669832002178823132e+03 1.378117886109271785e+04 3.097287981852495431e+00 1.245101516731406036e+03 2.809494805686427981e+02 -1.726981718327724309e+02 -2.049829345463585071e+02 1.275938518684536120e+03 2.094210465955350173e+03 -2.165884462818053180e+02
1.285661443747238231e+01 1.027082025284484189e+04 1.125969592685383104e+05 -1.598483434465712172e+01 1.017290655448943835e+04 3.168106507350175434e+03 2.557568428033468990e+03 2.160476280629383837e+03 2.094210465955350173e+03 1.288109177413549514e+04 3.207560139221166537e+03
3.713945849981003633e+00 2.557568428033468990e+03 3.319477655162748124e+04 -8.857283988116236628e+00 2.999080633709614176e+03 9.231988201549139603e+02 1.307549455350994322e+03 1.070663630338709709e+03 -2.165884462818053180e+02 3.207560139221166537e+03 1.639855836142386806e+03
