0.0190032862295154147957987333938945084810256958007812500000000000 0.0526620388765681249343408865115634398534893989562988281250000000 0.4139103660247842042529953232588013634085655212402343750000000000 -0.0000250068821786003834769553100247918564491556026041507720947266 0.0662704522604617707326468689643661491572856903076171875000000000 0.0099342011770000484410791941058960219379514455795288085937500000 0.0235608803482456607980566332116723060607910156250000000000000000 0.0323110773482824797930845761584350839257240295410156250000000000 0.0228044618679200568334142218418492120690643787384033203125000000 0.0759126560761617247274912756438425276428461074829101562500000000 0.0339631553369991248669812478055973770096898078918457031250000000
0.0526620388765681249343408865115634398534893989562988281250000000 69.0065675660040938055317383259534835815429687500000000000000000000 512.4975904542975513322744518518447875976562500000000000000000000000 -0.1049729185046333057584888592828065156936645507812500000000000000 82.0550773540412450302028446458280086517333984375000000000000000000 11.5946298905480293939262992353178560733795166015625000000000000000 25.2164223578732240582667145645245909690856933593750000000000000000 26.2761731603503214671491150511428713798522949218750000000000000000 18.1343835916337177138757397187873721122741699218750000000000000000 99.4733956828499543689758866094052791595458984375000000000000000000 36.3496294249291835853910015430301427841186523437500000000000000000
0.4139103660247842042529953232588013634085655212402343750000000000 512.4975904542975513322744518518447875976562500000000000000000000000 3969.9528125814272243587765842676162719726562500000000000000000000000 -0.9226604918150091982909088983433321118354797363281250000000000000 635.6220813438383174798218533396720886230468750000000000000000000000 86.7798808598787871915192226879298686981201171875000000000000000000 218.2800933817969735173392109572887420654296875000000000000000000000 227.1774847947300770556466886773705482482910156250000000000000000000 107.8950707720053827642914257012307643890380859375000000000000000000 738.7684592920199975196737796068191528320312500000000000000000000000 314.6521101471769270574441179633140563964843750000000000000000000000
-0.0000250068821786003834769553100247918564491556026041507720947266 -0.1049729185046333057584888592828065156936645507812500000000000000 -0.9226604918150091982909088983433321118354797363281250000000000000 0.0005042427050926755584606131499469938717084005475044250488281250 -0.1477255297147582191463754952565068379044532775878906250000000000 -0.0432437008013408577533631671485636616125702857971191406250000000 -0.0654445817800211326886739016117644496262073516845703125000000000 -0.0639233523547849125101549816463375464081764221191406250000000000 0.0281727255022458135391705269512385712005198001861572265625000000 -0.1513191139148787611734547908781678415834903717041015625000000000 -0.0943387710521310651756721199490129947662353515625000000000000000
0.0662704522604617707326468689643661491572856903076171875000000000 82.0550773540412450302028446458280086517333984375000000000000000000 635.6220813438383174798218533396720886230468750000000000000000000000 -0.1477255297147582191463754952565068379044532775878906250000000000 101.7683205229750598164173425175249576568603515625000000000000000000 13.8941723226830156079358857823535799980163574218750000000000000000 34.9484373798005734101934649515897035598754882812500000000000000000 36.3729828883760220037402177695184946060180664062500000000000000000 17.2748878106309078361846331972628831863403320312500000000000000000 118.2829035746235177839480456896126270294189453125000000000000000000 50.3783895156504755163950903806835412979125976562500000000000000000
0.0099342011770000484410791941058960219379514455795288085937500000 11.5946298905480293939262992353178560733795166015625000000000000000 86.7798808598787871915192226879298686981201171875000000000000000000 -0.0432437008013408577533631671485636616125702857971191406250000000 13.8941723226830156079358857823535799980163574218750000000000000000 7.1195889682711701595962949795648455619812011718750000000000000000 4.3635781151650503417727122723590582609176635742187500000000000000 3.0650119947181218016396542225265875458717346191406250000000000000 -1.1950161935113883249215405157883651554584503173828125000000000000 16.7137309908293687499281077180057764053344726562500000000000000000 6.2901249511890826582316549320239573717117309570312500000000000000
0.0235608803482456607980566332116723060607910156250000000000000000 25.2164223578732240582667145645245909690856933593750000000000000000 218.2800933817969735173392109572887420654296875000000000000000000000 -0.0654445817800211326886739016117644496262073516845703125000000000 34.9484373798005734101934649515897035598754882812500000000000000000 4.3635781151650503417727122723590582609176635742187500000000000000 15.0848139252426580725341409561224281787872314453125000000000000000 15.6664946762990098250156734138727188110351562500000000000000000000 1.5550490231885800707090083960792981088161468505859375000000000000 36.3496294249291835853910015430301427841186523437500000000000000000 21.7448529511713282147411518963053822517395019531250000000000000000
0.0323110773482824797930845761584350839257240295410156250000000000 26.2761731603503214671491150511428713798522949218750000000000000000 227.1774847947300770556466886773705482482910156250000000000000000000 -0.0639233523547849125101549816463375464081764221191406250000000000 36.3729828883760220037402177695184946060180664062500000000000000000 3.0650119947181218016396542225265875458717346191406250000000000000 15.6664946762990098250156734138727188110351562500000000000000000000 18.1560473856814645898793969536200165748596191406250000000000000000 1.1156438515373152675635992636671289801597595214843750000000000000 37.8772667878395026264115585945546627044677734375000000000000000000 22.5833493661043220868123171385377645492553710937500000000000000000
0.0228044618679200568334142218418492120690643787384033203125000000 18.1343835916337177138757397187873721122741699218750000000000000000 107.8950707720053827642914257012307643890380859375000000000000000000 0.0281727255022458135391705269512385712005198001861572265625000000 17.2748878106309078361846331972628831863403320312500000000000000000 -1.1950161935113883249215405157883651554584503173828125000000000000 1.5550490231885800707090083960792981088161468505859375000000000000 1.1156438515373152675635992636671289801597595214843750000000000000 15.4039007497584226058506828849203884601593017578125000000000000000 26.1408265633522596260718273697420954704284667968750000000000000000 2.2416128239085550966080973012140020728111267089843750000000000000
0.0759126560761617247274912756438425276428461074829101562500000000 99.4733956828499543689758866094052791595458984375000000000000000000 738.7684592920199975196737796068191528320312500000000000000000000000 -0.1513191139148787611734547908781678415834903717041015625000000000 118.2829035746235177839480456896126270294189453125000000000000000000 16.7137309908293687499281077180057764053344726562500000000000000000 36.3496294249291835853910015430301427841186523437500000000000000000 37.8772667878395026264115585945546627044677734375000000000000000000 26.1408265633522596260718273697420954704284667968750000000000000000 143.3915176147893930647114757448434829711914062500000000000000000000 52.3982165502211003627053287345916032791137695312500000000000000000
0.0339631553369991248669812478055973770096898078918457031250000000 36.3496294249291835853910015430301427841186523437500000000000000000 314.6521101471769270574441179633140563964843750000000000000000000000 -0.0943387710521310651756721199490129947662353515625000000000000000 50.3783895156504755163950903806835412979125976562500000000000000000 6.2901249511890826582316549320239573717117309570312500000000000000 21.7448529511713282147411518963053822517395019531250000000000000000 22.5833493661043220868123171385377645492553710937500000000000000000 2.2416128239085550966080973012140020728111267089843750000000000000 52.3982165502211003627053287345916032791137695312500000000000000000 31.3453405664371267391743458574637770652770996093750000000000000000
