13.7545777244186915311274788109585642814636230468750000000000000000 -136.6988515062970748203952098265290260314941406250000000000000000000 -1068.7561827188360439322423189878463745117187500000000000000000000000 0.5638721977902784177061334958125371485948562622070312500000000000 -149.3495949670531786068750079721212387084960937500000000000000000000 -74.2450904072076127704349346458911895751953125000000000000000000000 -39.3648038954495831376334535889327526092529296875000000000000000000 -5.2691691380389551468965692038182169198989868164062500000000000000 19.7148869317502004605557885952293872833251953125000000000000000000 -189.1108700510221183321846183389425277709960937500000000000000000000 -54.4577531707602489063901884946972131729125976562500000000000000000
-136.6988515062970748203952098265290260314941406250000000000000000000 101711.9731483748182654380798339843750000000000000000000000000000000000 771164.3111582614947110414505004882812500000000000000000000000000000000 -212.5884167705928007308102678507566452026367187500000000000000000000 107763.6596511107054539024829864501953125000000000000000000000000000000 38322.9207783546007703989744186401367187500000000000000000000000000000 25117.0698375191386730875819921493530273437500000000000000000000000000 19349.1155586589447921141982078552246093750000000000000000000000000000 18015.9533417865168303251266479492187500000000000000000000000000000000 140709.5928366984880995005369186401367187500000000000000000000000000000 34747.2628904034791048616170883178710937500000000000000000000000000000
-1068.7561827188360439322423189878463745117187500000000000000000000000 771164.3111582614947110414505004882812500000000000000000000000000000000 6066330.4097821088507771492004394531250000000000000000000000000000000000 -1989.8156870806583356170449405908584594726562500000000000000000000000 847718.1271901221480220556259155273437500000000000000000000000000000000 300739.3845445827464573085308074951171875000000000000000000000000000000 228508.9867740522895473986864089965820312500000000000000000000000000000 180309.2623171725135762244462966918945312500000000000000000000000000000 82937.9762801500619389116764068603515625000000000000000000000000000000 1066838.1791687409859150648117065429687500000000000000000000000000000000 316122.1387535060057416558265686035156250000000000000000000000000000000
0.5638721977902784177061334958125371485948562622070312500000000000 -212.5884167705928007308102678507566452026367187500000000000000000000 -1989.8156870806583356170449405908584594726562500000000000000000000000 1.3384437161969615637246988626429811120033264160156250000000000000 -278.0598341602908476488664746284484863281250000000000000000000000000 -114.4337285677786155702051473781466484069824218750000000000000000000 -118.0722268046127254592647659592330455780029296875000000000000000000 -98.7941041332916114470208412967622280120849609375000000000000000000 88.7464315740377287511364556849002838134765625000000000000000000000 -294.0974266810439985420089215040206909179687500000000000000000000000 -163.3425686744219831325608538463711738586425781250000000000000000000
-149.3495949670531786068750079721212387084960937500000000000000000000 107763.6596511107054539024829864501953125000000000000000000000000000000 847718.1271901221480220556259155273437500000000000000000000000000000000 -278.0598341602908476488664746284484863281250000000000000000000000000 118461.4049389604333555325865745544433593750000000000000000000000000000 42025.7735100190038792788982391357421875000000000000000000000000000000 31932.1891867030280991457402706146240234375000000000000000000000000000 25196.6872625449541374109685420989990234375000000000000000000000000000 11589.8774342680280824424698948860168457031250000000000000000000000000 149081.5702688255987595766782760620117187500000000000000000000000000000 44175.3826984645711490884423255920410156250000000000000000000000000000
-74.2450904072076127704349346458911895751953125000000000000000000000 38322.9207783546007703989744186401367187500000000000000000000000000000 300739.3845445827464573085308074951171875000000000000000000000000000000 -114.4337285677786155702051473781466484069824218750000000000000000000 42025.7735100190038792788982391357421875000000000000000000000000000000 17220.0708846373090636916458606719970703125000000000000000000000000000 11229.7484176310626935446634888648986816406250000000000000000000000000 8057.2046594621233452926389873027801513671875000000000000000000000000 2108.5315579438179156568367034196853637695312500000000000000000000000 53016.3992706053395522758364677429199218750000000000000000000000000000 15535.3718799493562983116135001182556152343750000000000000000000000000
-39.3648038954495831376334535889327526092529296875000000000000000000 25117.0698375191386730875819921493530273437500000000000000000000000000 228508.9867740522895473986864089965820312500000000000000000000000000000 -118.0722268046127254592647659592330455780029296875000000000000000000 31932.1891867030280991457402706146240234375000000000000000000000000000 11229.7484176310626935446634888648986816406250000000000000000000000000 12807.6802991041313362075015902519226074218750000000000000000000000000 10608.2285362174116016831248998641967773437500000000000000000000000000 -4859.2068589535865612560883164405822753906250000000000000000000000000 34747.2628904034791048616170883178710937500000000000000000000000000000 17718.3022242681072384584695100784301757812500000000000000000000000000
-5.2691691380389551468965692038182169198989868164062500000000000000 19349.1155586589447921141982078552246093750000000000000000000000000000 180309.2623171725135762244462966918945312500000000000000000000000000000 -98.7941041332916114470208412967622280120849609375000000000000000000 25196.6872625449541374109685420989990234375000000000000000000000000000 8057.2046594621233452926389873027801513671875000000000000000000000000 10608.2285362174116016831248998641967773437500000000000000000000000000 10795.3449341102950711501762270927429199218750000000000000000000000000 -6280.7559691687129088677465915679931640625000000000000000000000000000 26767.8041014646332769189029932022094726562500000000000000000000000000 14675.5536427586084755603224039077758789062500000000000000000000000000
19.7148869317502004605557885952293872833251953125000000000000000000 18015.9533417865168303251266479492187500000000000000000000000000000000 82937.9762801500619389116764068603515625000000000000000000000000000000 88.7464315740377287511364556849002838134765625000000000000000000000 11589.8774342680280824424698948860168457031250000000000000000000000000 2108.5315579438179156568367034196853637695312500000000000000000000000 -4859.2068589535865612560883164405822753906250000000000000000000000000 -6280.7559691687129088677465915679931640625000000000000000000000000000 22433.7399872347377822734415531158447265625000000000000000000000000000 24923.4911173114342091139405965805053710937500000000000000000000000000 -6722.2864473903546240762807428836822509765625000000000000000000000000
-189.1108700510221183321846183389425277709960937500000000000000000000 140709.5928366984880995005369186401367187500000000000000000000000000000 1066838.1791687409859150648117065429687500000000000000000000000000000000 -294.0974266810439985420089215040206909179687500000000000000000000000 149081.5702688255987595766782760620117187500000000000000000000000000000 53016.3992706053395522758364677429199218750000000000000000000000000000 34747.2628904034791048616170883178710937500000000000000000000000000000 26767.8041014646332769189029932022094726562500000000000000000000000000 24923.4911173114342091139405965805053710937500000000000000000000000000 194659.3788657204422634094953536987304687500000000000000000000000000000 48069.7902337028790498152375221252441406250000000000000000000000000000
-54.4577531707602489063901884946972131729125976562500000000000000000 34747.2628904034791048616170883178710937500000000000000000000000000000 316122.1387535060057416558265686035156250000000000000000000000000000000 -163.3425686744219831325608538463711738586425781250000000000000000000 44175.3826984645711490884423255920410156250000000000000000000000000000 15535.3718799493562983116135001182556152343750000000000000000000000000 17718.3022242681072384584695100784301757812500000000000000000000000000 14675.5536427586084755603224039077758789062500000000000000000000000000 -6722.2864473903546240762807428836822509765625000000000000000000000000 48069.7902337028790498152375221252441406250000000000000000000000000000 24511.7169057119062927085906267166137695312500000000000000000000000000
