3.131363875741461467e+00 -3.216630373531143761e+01 -2.544091485880836387e+02 1.433923575872000089e-01 -3.573506148284260320e+01 -1.784523824080089582e+01 -9.952579282673305272e+00 -1.781390361687494428e+00 5.989582311114419078e+00 -4.456390204989624237e+01 -1.378852142747092557e+01
-3.216630373531143761e+01 2.235135434361727675e+04 1.733966479876675876e+05 -5.398053290175084129e+01 2.435580603585396966e+04 8.873082743726605258e+03 6.326687170921738470e+03 4.465524121783251758e+03 3.274029447916220306e+03 3.096605608924930129e+04 8.765131042264647476e+03
-2.544091485880836387e+02 1.733966479876675876e+05 1.393341297846182948e+06 -5.036261179282798821e+02 1.957128398151057190e+05 7.084502869972896588e+04 5.746518370430204232e+04 4.279436694944176998e+04 1.281522501432572790e+04 2.402275157347339846e+05 7.961352472918864805e+04
1.433923575872000089e-01 -5.398053290175084129e+01 -5.036261179282798821e+02 3.409658726173391274e-01 -7.074081411149138887e+01 -2.912171545978564069e+01 -3.004932777633939267e+01 -2.515327175736641863e+01 2.264646233693496313e+01 -7.478581314874645614e+01 -4.163099716738560119e+01
-3.573506148284260320e+01 2.435580603585396966e+04 1.957128398151057190e+05 -7.074081411149138887e+01 2.749040434508223552e+04 9.951102271237834429e+03 8.071729669285420641e+03 6.011023355664256087e+03 1.800064409416613444e+03 3.374306738689879421e+04 1.118275115833088057e+04
-1.784523824080089582e+01 8.873082743726605258e+03 7.084502869972896588e+04 -2.912171545978564069e+01 9.951102271237834429e+03 4.062542032695966554e+03 2.861376734686150030e+03 1.991701849488482139e+03 2.271895714973683482e+02 1.229296326758162468e+04 3.964214029118411872e+03
-9.952579282673305272e+00 6.326687170921738470e+03 5.746518370430204232e+04 -3.004932777633939267e+01 8.071729669285420641e+03 2.861376734686150030e+03 3.250112134866651559e+03 2.682858274306107432e+03 -1.263551556173165864e+03 8.765131042264647476e+03 4.502776570824242299e+03
-1.781390361687494428e+00 4.465524121783251758e+03 4.279436694944176998e+04 -2.515327175736641863e+01 6.011023355664256087e+03 1.991701849488482139e+03 2.682858274306107432e+03 2.660641174874048829e+03 -1.781556312779386872e+03 6.186634970624208108e+03 3.716890642261836547e+03
5.989582311114419078e+00 3.274029447916220306e+03 1.281522501432572790e+04 2.264646233693496313e+01 1.800064409416613444e+03 2.271895714973683482e+02 -1.263551556173165864e+03 -1.781556312779386872e+03 5.218736162928685189e+03 4.535912140419317439e+03 -1.750552013922583455e+03
-4.456390204989624237e+01 3.096605608924930129e+04 2.402275157347339846e+05 -7.478581314874645614e+01 3.374306738689879421e+04 1.229296326758162468e+04 8.765131042264647476e+03 6.186634970624208108e+03 4.535912140419317439e+03 4.290105266020980343e+04 1.214340461484810839e+04
-1.378852142747092557e+01 8.765131042264647476e+03 7.961352472918864805e+04 -4.163099716738560119e+01 1.118275115833088057e+04 3.964214029118411872e+03 4.502776570824242299e+03 3.716890642261836547e+03 -1.750552013922583455e+03 1.214340461484810839e+04 6.238245329832468997e+03
