1.908393901722480746e-01 -1.296924392250482283e+00 -9.330063716423572018e+00 5.894091139310754512e-03 -1.478699469614697781e+00 -7.427138012129816946e-01 -4.027636137659076354e-01 1.195643131218158441e-03 2.900307730911965698e-01 -1.863423513938263332e+00 -5.786915512845015597e-01
-1.296924392250482283e+00 1.357650731423635762e+03 9.546117811574215011e+03 -3.450806198617197840e+00 1.512941366092314411e+03 5.590665714422532346e+02 3.800870652706828992e+02 2.706207702035282523e+02 1.972817814619150454e+02 1.950675237328465300e+03 5.461098418699392596e+02
-9.330063716423572018e+00 9.546117811574215011e+03 6.963433784414445108e+04 -2.934933990370332424e+01 1.103617955532861197e+04 4.051639365123584412e+03 3.145086666013387457e+03 2.372355368812651705e+03 6.466101288908648712e+02 1.371588082019563262e+04 4.518866698661911869e+03
5.894091139310754512e-03 -3.450806198617197840e+00 -2.934933990370332424e+01 2.350697144823507903e-02 -4.651506642205802677e+00 -1.955483643120696335e+00 -1.922688866977960265e+00 -1.637932011661794141e+00 1.596767473987372954e+00 -4.958125123538642320e+00 -2.762523140224881768e+00
-1.478699469614697781e+00 1.512941366092314411e+03 1.103617955532861197e+04 -4.651506642205802677e+00 1.749097685829365446e+03 6.421346265548147585e+02 4.984572588437748664e+02 3.759889248586555368e+02 1.024796918541221800e+02 2.173797126210422903e+03 7.161843684742030973e+02
-7.427138012129816946e-01 5.590665714422532346e+02 4.051639365123584412e+03 -1.955483643120696335e+00 6.421346265548147585e+02 2.672734738352728527e+02 1.792099728183771674e+02 1.255812518787956265e+02 7.887097835337481655e+00 8.032679478520720977e+02 2.574892409129001862e+02
-4.027636137659076354e-01 3.800870652706828992e+02 3.145086666013387457e+03 -1.922688866977960265e+00 4.984572588437748664e+02 1.792099728183771674e+02 1.952994393079798101e+02 1.640823461284872451e+02 -8.406870357556890383e+01 5.461098418699392596e+02 2.806066179647898480e+02
1.195643131218158441e-03 2.706207702035282523e+02 2.372355368812651705e+03 -1.637932011661794141e+00 3.759889248586555368e+02 1.255812518787956265e+02 1.640823461284872451e+02 1.677380364356616269e+02 -1.194920654602436230e+02 3.888284541262165135e+02 2.357538371742861045e+02
2.900307730911965698e-01 1.972817814619150454e+02 6.466101288908648712e+02 1.596767473987372954e+00 1.024796918541221800e+02 7.887097835337481655e+00 -8.406870357556890383e+01 -1.194920654602436230e+02 3.480402202073572653e+02 2.834548510648737647e+02 -1.207900784078745886e+02
-1.863423513938263332e+00 1.950675237328465300e+03 1.371588082019563262e+04 -4.958125123538642320e+00 2.173797126210422903e+03 8.032679478520720977e+02 5.461098418699392596e+02 3.888284541262165135e+02 2.834548510648737647e+02 2.802734012109573541e+03 7.846516933556217737e+02
-5.786915512845015597e-01 5.461098418699392596e+02 4.518866698661911869e+03 -2.762523140224881768e+00 7.161843684742030973e+02 2.574892409129001862e+02 2.806066179647898480e+02 2.357538371742861045e+02 -1.207900784078745886e+02 7.846516933556217737e+02 4.031761398017503666e+02
