0.0405408562724652865583152561157476156949996948242187500000000000 0.0712226753011262481152243708493188023567199707031250000000000000 0.6455287226768080532934845905401743948459625244140625000000000000 -0.0000037983798972826160895424271735087984325218712911009788513184 0.0782859300440162803047527972921670880168676376342773437500000000 0.0049694817575657414601697503542254708008840680122375488281250000 0.0237359057690649764837953483720411895774304866790771484375000000 0.0566273113742877809428932778246235102415084838867187500000000000 0.0495875319440851683450155462651309790089726448059082031250000000 0.0949502292324212876506450697888794820755720138549804687500000000 0.0316434293472297109572899387330835452303290367126464843750000000
0.0712226753011262481152243708493188023567199707031250000000000000 196.0137453257355275582085596397519111633300781250000000000000000000 1747.6356569248496271029580384492874145507812500000000000000000000000 -0.3180928886219290263603909352241316810250282287597656250000000000 211.9429825107029330411023693159222602844238281250000000000000000000 49.5623927980827616579517780337482690811157226562500000000000000000 60.7441888174403743505536112934350967407226562500000000000000000000 55.7546278157619710214021324645727872848510742187500000000000000000 42.6018144668341491865248826798051595687866210937500000000000000000 261.3149530356064360603340901434421539306640625000000000000000000000 80.9808762219052340469716000370681285858154296875000000000000000000
0.6455287226768080532934845905401743948459625244140625000000000000 1747.6356569248496271029580384492874145507812500000000000000000000000 16179.2906071459910890553146600723266601562500000000000000000000000000 -3.4097822419159844464786601747618988156318664550781250000000000000 1962.1292874166724686801899224519729614257812500000000000000000000000 455.4131069544176853014505468308925628662109375000000000000000000000 636.1580733769095559182460419833660125732421875000000000000000000000 583.1905058440733000679756514728069305419921875000000000000000000000 283.7474491242584804240323137491941452026367187500000000000000000000 2329.8535970207203718018718063831329345703125000000000000000000000000 848.0916314896968515313346870243549346923828125000000000000000000000
-0.0000037983798972826160895424271735087984325218712911009788513184 -0.3180928886219290263603909352241316810250282287597656250000000000 -3.4097822419159844464786601747618988156318664550781250000000000000 0.0015042803839554138873452204805403198406565934419631958007812500 -0.4135183527528479285884088767488719895482063293457031250000000000 -0.1366913719953982420118876461856416426599025726318359375000000000 -0.1893683071814717400194183483108645305037498474121093750000000000 -0.1688903129006661119060339615316479466855525970458984375000000000 0.0864223820961286803843393045099219307303428649902343750000000000 -0.4240642823954359208471487363567575812339782714843750000000000000 -0.2524556133312223504816529384697787463665008544921875000000000000
0.0782859300440162803047527972921670880168676376342773437500000000 211.9429825107029330411023693159222602844238281250000000000000000000 1962.1292874166724686801899224519729614257812500000000000000000000000 -0.4135183527528479285884088767488719895482063293457031250000000000 237.9555095473611743273067986592650413513183593750000000000000000000 55.2298253814671369354982743971049785614013671875000000000000000000 77.1495127634390058801727718673646450042724609375000000000000000000 70.7259174363672968866012524813413619995117187500000000000000000000 34.4112231911192480993122444488108158111572265625000000000000000000 282.5509528883998200399219058454036712646484375000000000000000000000 102.8515692662041232097180909477174282073974609375000000000000000000
0.0049694817575657414601697503542254708008840680122375488281250000 49.5623927980827616579517780337482690811157226562500000000000000000 455.4131069544176853014505468308925628662109375000000000000000000000 -0.1366913719953982420118876461856416426599025726318359375000000000 55.2298253814671369354982743971049785614013671875000000000000000000 20.6676927335887938852465595118701457977294921875000000000000000000 17.4989855005517114250324084423482418060302734375000000000000000000 13.6379839928209865007602274999953806400299072265625000000000000000 2.1544070333993028398822389135602861642837524414062500000000000000 66.0739088722612706305881147272884845733642578125000000000000000000 23.3287036409025390071292349603027105331420898437500000000000000000
0.0237359057690649764837953483720411895774304866790771484375000000 60.7441888174403743505536112934350967407226562500000000000000000000 636.1580733769095559182460419833660125732421875000000000000000000000 -0.1893683071814717400194183483108645305037498474121093750000000000 77.1495127634390058801727718673646450042724609375000000000000000000 17.4989855005517114250324084423482418060302734375000000000000000000 33.7907634646568340031080879271030426025390625000000000000000000000 30.9023041956110482431085983989760279655456542968750000000000000000 -2.0039021347667107519896489975508302450180053710937500000000000000 80.9808762219052198361168848350644111633300781250000000000000000000 45.0480233063775443724807701073586940765380859375000000000000000000
0.0566273113742877809428932778246235102415084838867187500000000000 55.7546278157619710214021324645727872848510742187500000000000000000 583.1905058440733000679756514728069305419921875000000000000000000000 -0.1688903129006661119060339615316479466855525970458984375000000000 70.7259174363672968866012524813413619995117187500000000000000000000 13.6379839928209865007602274999953806400299072265625000000000000000 30.9023041956110482431085983989760279655456542968750000000000000000 32.2584195434909233313192089553922414779663085937500000000000000000 -3.7898903029592867497399311105255037546157836914062500000000000000 74.3290626123282436310546472668647766113281250000000000000000000000 41.1972852013449610808493162039667367935180664062500000000000000000
0.0495875319440851683450155462651309790089726448059082031250000000 42.6018144668341491865248826798051595687866210937500000000000000000 283.7474491242584804240323137491941452026367187500000000000000000000 0.0864223820961286803843393045099219307303428649902343750000000000 34.4112231911192480993122444488108158111572265625000000000000000000 2.1544070333993028398822389135602861642837524414062500000000000000 -2.0039021347667107519896489975508302450180053710937500000000000000 -3.7898903029592867497399311105255037546157836914062500000000000000 36.7828383743827203034015838056802749633789062500000000000000000000 56.7944412680468815324275055900216102600097656250000000000000000000 -2.6714942432445951681074802763760089874267578125000000000000000000
0.0949502292324212876506450697888794820755720138549804687500000000 261.3149530356064360603340901434421539306640625000000000000000000000 2329.8535970207203718018718063831329345703125000000000000000000000000 -0.4240642823954359208471487363567575812339782714843750000000000000 282.5509528883998200399219058454036712646484375000000000000000000000 66.0739088722612706305881147272884845733642578125000000000000000000 80.9808762219052198361168848350644111633300781250000000000000000000 74.3290626123282436310546472668647766113281250000000000000000000000 56.7944412680468815324275055900216102600097656250000000000000000000 348.3710010567085646471241489052772521972656250000000000000000000000 107.9593363799218792564715840853750705718994140625000000000000000000
0.0316434293472297109572899387330835452303290367126464843750000000 80.9808762219052340469716000370681285858154296875000000000000000000 848.0916314896968515313346870243549346923828125000000000000000000000 -0.2524556133312223504816529384697787463665008544921875000000000000 102.8515692662041232097180909477174282073974609375000000000000000000 23.3287036409025390071292349603027105331420898437500000000000000000 45.0480233063775443724807701073586940765380859375000000000000000000 41.1972852013449610808493162039667367935180664062500000000000000000 -2.6714942432445951681074802763760089874267578125000000000000000000 107.9593363799218792564715840853750705718994140625000000000000000000 60.0555949537656843517652305308729410171508789062500000000000000000
