0.7236441425079661593500190974737051874399185180664062500000000000 0.5381257530242089526240079067065380513668060302734375000000000000 3.8412626954841386783812140492955222725868225097656250000000000000 0.0031233574549855438150236519589952877140603959560394287109375000 0.6539962045906964061003918686765246093273162841796875000000000000 -0.2929614410445378624991974447766551747918128967285156250000000000 0.2024141126800524936868441727710887789726257324218750000000000000 0.8579356498941181907724740085541270673274993896484375000000000000 0.9816158578503146880933627471677027642726898193359375000000000000 0.7918352129573202891066330266767181456089019775390625000000000000 0.2978460352786104770039798950165277346968650817871093750000000000
0.5381257530242089526240079067065380513668060302734375000000000000 3162.5835096094492655538488179445266723632812500000000000000000000000 21475.6364268256365903653204441070556640625000000000000000000000000000 -5.8716093129766813163428196276072412729263305664062500000000000000 3656.3457976527379287290386855602264404296875000000000000000000000000 882.2069095058163838984910398721694946289062500000000000000000000000 972.9858580709901616501156240701675415039062500000000000000000000000 926.7579964885877643610001541674137115478515625000000000000000000000 716.4815322115205162845086306333541870117187500000000000000000000000 4653.6427085180976064293645322322845458984375000000000000000000000000 1431.7182550738230020215269178152084350585937500000000000000000000000
3.8412626954841386783812140492955222725868225097656250000000000000 21475.6364268256365903653204441070556640625000000000000000000000000000 152095.1303525921248365193605422973632812500000000000000000000000000000 -48.4217901099185965563265199307352304458618164062500000000000000000 25895.0365733280268614180386066436767578125000000000000000000000000000 6189.7266070553296231082640588283538818359375000000000000000000000000 7841.0475089939236568170599639415740966796875000000000000000000000000 7509.8610573925989228882826864719390869140625000000000000000000000000 3490.7401908188385277753695845603942871093750000000000000000000000000 31600.7272424007751396857202053070068359375000000000000000000000000000 11537.8561408737896272214129567146301269531250000000000000000000000000
0.0031233574549855438150236519589952877140603959560394287109375000 -5.8716093129766813163428196276072412729263305664062500000000000000 -48.4217901099185965563265199307352304458618164062500000000000000000 0.0334114738103852976225383031305682379752397537231445312500000000 -8.2440773937703255569431348703801631927490234375000000000000000000 -2.8832509158562285023208460188470780849456787109375000000000000000 -3.4907740066359105313154032046440988779067993164062500000000000000 -3.2699046370112663240092842897865921258926391601562500000000000000 2.0571111625346940599001754890196025371551513671875000000000000000 -8.6398894396231149528375681256875395774841308593750000000000000000 -5.1365647590668048749762419902253895998001098632812500000000000000
0.6539962045906964061003918686765246093273162841796875000000000000 3656.3457976527379287290386855602264404296875000000000000000000000000 25895.0365733280268614180386066436767578125000000000000000000000000000 -8.2440773937703255569431348703801631927490234375000000000000000000 4408.7730986488368216669186949729919433593750000000000000000000000000 1053.8351655113833658106159418821334838867187500000000000000000000000 1334.9816759280606675019953399896621704101562500000000000000000000000 1278.5953520732100514578633010387420654296875000000000000000000000000 594.3178108312090444087516516447067260742187500000000000000000000000 5380.1984704488295392366126179695129394531250000000000000000000000000 1964.3837777915568949538283050060272216796875000000000000000000000000
-0.2929614410445378624991974447766551747918128967285156250000000000 882.2069095058163838984910398721694946289062500000000000000000000000 6189.7266070553296231082640588283538818359375000000000000000000000000 -2.8832509158562285023208460188470780849456787109375000000000000000 1053.8351655113833658106159418821334838867187500000000000000000000000 416.8901561537554130154603626579046249389648437500000000000000000000 310.6302050388702582495170645415782928466796875000000000000000000000 245.0172752791809784866927657276391983032226562500000000000000000000 15.6041823915566784108932552044279873371124267578125000000000000000 1298.1398718331449799734400585293769836425781250000000000000000000000 457.0826301763441961156786419451236724853515625000000000000000000000
0.2024141126800524936868441727710887789726257324218750000000000000 972.9858580709901616501156240701675415039062500000000000000000000000 7841.0475089939236568170599639415740966796875000000000000000000000000 -3.4907740066359105313154032046440988779067993164062500000000000000 1334.9816759280606675019953399896621704101562500000000000000000000000 310.6302050388702582495170645415782928466796875000000000000000000000 542.4198874736034667876083403825759887695312500000000000000000000000 524.7947420640473410458071157336235046386718750000000000000000000000 -50.3430586378435975802858592942357063293457031250000000000000000000 1431.7182550738230020215269178152084350585937500000000000000000000000 798.1538974787299594026990234851837158203125000000000000000000000000
0.8579356498941181907724740085541270673274993896484375000000000000 926.7579964885877643610001541674137115478515625000000000000000000000 7509.8610573925989228882826864719390869140625000000000000000000000000 -3.2699046370112663240092842897865921258926391601562500000000000000 1278.5953520732100514578633010387420654296875000000000000000000000000 245.0172752791809784866927657276391983032226562500000000000000000000 524.7947420640473410458071157336235046386718750000000000000000000000 592.0510026679262409743387252092361450195312500000000000000000000000 -97.6480685319511394482105970382690429687500000000000000000000000000 1363.6954027666292859066743403673171997070312500000000000000000000000 772.2190473245656221479293890297412872314453125000000000000000000000
0.9816158578503146880933627471677027642726898193359375000000000000 716.4815322115205162845086306333541870117187500000000000000000000000 3490.7401908188385277753695845603942871093750000000000000000000000000 2.0571111625346940599001754890196025371551513671875000000000000000 594.3178108312090444087516516447067260742187500000000000000000000000 15.6041823915566784108932552044279873371124267578125000000000000000 -50.3430586378435975802858592942357063293457031250000000000000000000 -97.6480685319511394482105970382690429687500000000000000000000000000 735.8914294986677759879967197775840759277343750000000000000000000000 1054.2801630480159928993089124560356140136718750000000000000000000000 -74.0782360505734516209486173465847969055175781250000000000000000000
0.7918352129573202891066330266767181456089019775390625000000000000 4653.6427085180976064293645322322845458984375000000000000000000000000 31600.7272424007751396857202053070068359375000000000000000000000000000 -8.6398894396231149528375681256875395774841308593750000000000000000 5380.1984704488295392366126179695129394531250000000000000000000000000 1298.1398718331449799734400585293769836425781250000000000000000000000 1431.7182550738230020215269178152084350585937500000000000000000000000 1363.6954027666292859066743403673171997070312500000000000000000000000 1054.2801630480159928993089124560356140136718750000000000000000000000 6847.6896792578390886774286627769470214843750000000000000000000000000 2106.7286280763969443796668201684951782226562500000000000000000000000
0.2978460352786104770039798950165277346968650817871093750000000000 1431.7182550738230020215269178152084350585937500000000000000000000000 11537.8561408737896272214129567146301269531250000000000000000000000000 -5.1365647590668048749762419902253895998001098632812500000000000000 1964.3837777915568949538283050060272216796875000000000000000000000000 457.0826301763441961156786419451236724853515625000000000000000000000 798.1538974787299594026990234851837158203125000000000000000000000000 772.2190473245656221479293890297412872314453125000000000000000000000 -74.0782360505734516209486173465847969055175781250000000000000000000 2106.7286280763969443796668201684951782226562500000000000000000000000 1174.4584938204138779838103801012039184570312500000000000000000000000
