8.507695342453006404e+00 2.490778656519198364e+01 1.374467910122820911e+02 -1.767227150987464024e-01 2.916102646455154002e+01 1.783372244524943184e+01 6.292299254171436651e+00 1.554805719857434454e+01 -1.133166360914359183e+00 3.990822215587746058e+01 1.008176603125634152e+01
2.490778656519198364e+01 6.692438770256013959e+04 3.646244232729813084e+05 -1.868995523124785905e+02 7.735955403815215686e+04 3.113926191977161943e+04 1.584233434708663117e+04 1.213919710683149970e+04 1.001426137532481880e+04 1.072288509093083121e+05 2.538320283644794836e+04
1.374467910122820911e+02 3.646244232729813084e+05 2.068393025263084797e+06 -1.275726697489465778e+03 4.388350088391716708e+05 1.762325429291853507e+05 1.049213901069615385e+05 8.411237683161877794e+04 2.063571504827588433e+04 5.842153998449710198e+05 1.681091225963711622e+05
-1.767227150987464024e-01 -1.868995523124785905e+02 -1.275726697489465778e+03 1.645581848988401097e+00 -2.706611024749274179e+02 -1.247745684087315539e+02 -1.027985969665379002e+02 -9.169477192819471156e+01 1.190571077926571917e+02 -2.994577151606061989e+02 -1.647079010539724209e+02
2.916102646455154002e+01 7.735955403815215686e+04 4.388350088391716708e+05 -2.706611024749274179e+02 9.310424210040138860e+04 3.738990056023903890e+04 2.226036279983601344e+04 1.784547481042307481e+04 4.378120640036946497e+03 1.239484793381273048e+05 3.566641706845855515e+04
1.783372244524943184e+01 3.113926191977161943e+04 1.762325429291853507e+05 -1.247745684087315539e+02 3.738990056023903890e+04 1.694592960451557155e+04 8.867098497101329485e+03 6.482287653680403309e+03 -1.282221547147097738e+02 4.989253377499875205e+04 1.420720929072404397e+04
6.292299254171436651e+00 1.584233434708663117e+04 1.049213901069615385e+05 -1.027985969665379002e+02 2.226036279983601344e+04 8.867098497101329485e+03 7.982535605465329354e+03 6.961907194385727053e+03 -5.345775323204755296e+03 2.538320283644794836e+04 1.278992830118851998e+04
1.554805719857434454e+01 1.213919710683149970e+04 8.411237683161877794e+04 -9.169477192819471156e+01 1.784547481042307481e+04 6.482287653680403309e+03 6.961907194385727053e+03 7.816359891171357049e+03 -7.058279932930838186e+03 1.944989265366632753e+04 1.115463785651744729e+04
-1.133166360914359183e+00 1.001426137532481880e+04 2.063571504827588433e+04 1.190571077926571917e+02 4.378120640036946497e+03 -1.282221547147097738e+02 -5.345775323204755296e+03 -7.058279932930838186e+03 2.197757434385127272e+04 1.604523816869334587e+04 -8.565208660170586882e+03
3.990822215587746058e+01 1.072288509093083121e+05 5.842153998449710198e+05 -2.994577151606061989e+02 1.239484793381273048e+05 4.989253377499875205e+04 2.538320283644794836e+04 1.944989265366632753e+04 1.604523816869334587e+04 1.718062258325424045e+05 4.066995255372486281e+04
1.008176603125634152e+01 2.538320283644794836e+04 1.681091225963711622e+05 -1.647079010539724209e+02 3.566641706845855515e+04 1.420720929072404397e+04 1.278992830118851998e+04 1.115463785651744729e+04 -8.565208660170586882e+03 4.066995255372486281e+04 2.049251942422213324e+04
