4.676662243384265949e+00 -3.379507170087951096e+01 -2.460829211842738289e+02 1.518405474466615612e-01 -3.839328151444525616e+01 -1.916519877932098126e+01 -1.048662111864475932e+01 -2.637370881075137286e-01 7.190653007568031718e+00 -4.831391939739994257e+01 -1.499182401391647268e+01
-3.379507170087951096e+01 3.413770941792453959e+04 2.427897871006426285e+05 -8.711109495630743993e+01 3.787949444084745483e+04 1.412069876779466904e+04 9.515085808958196139e+03 6.711847186157835495e+03 4.862537983308034200e+03 4.880375919387510658e+04 1.360290319553860536e+04
-2.460829211842738289e+02 2.427897871006426285e+05 1.790937278078933945e+06 -7.493526224427334910e+02 2.794178432257371023e+05 1.035101220530106075e+05 7.962711538100964390e+04 5.955721699778860784e+04 1.573081878720187706e+04 3.470957632022738107e+05 1.138360666435705498e+05
1.518405474466615612e-01 -8.711109495630743993e+01 -7.493526224427334910e+02 5.947915698228382064e-01 -1.169122426236472165e+02 -4.938906575738181459e+01 -4.845377982605180023e+01 -4.106351966959024935e+01 4.055810418571672926e+01 -1.245352712250277705e+02 -6.927021885721597982e+01
-3.839328151444525616e+01 3.787949444084745483e+04 2.794178432257371023e+05 -1.169122426236472165e+02 4.359411804564691556e+04 1.614940702284622057e+04 1.242323620954190665e+04 9.291977628552020178e+03 2.454285536124245482e+03 5.415306875001348817e+04 1.776043673453864903e+04
-1.916519877932098126e+01 1.412069876779466904e+04 1.035101220530106075e+05 -4.938906575738181459e+01 1.614940702284622057e+04 6.749415168816113692e+03 4.509876412094366970e+03 3.139255356655568448e+03 1.809881607737789579e+02 2.018715356311676078e+04 6.447384026721621922e+03
-1.048662111864475932e+01 9.515085808958196139e+03 7.962711538100964390e+04 -4.845377982605180023e+01 1.242323620954190665e+04 4.509876412094366970e+03 4.878390838668051401e+03 4.072273883673032287e+03 -2.155272475392942852e+03 1.360290319553860536e+04 6.974217538419621633e+03
-2.637370881075137286e-01 6.711847186157835495e+03 5.955721699778860784e+04 -4.106351966959024935e+01 9.291977628552020178e+03 3.139255356655568448e+03 4.072273883673032287e+03 4.141874360227995567e+03 -3.027068389124525766e+03 9.595353039338457165e+03 5.821781173341773865e+03
7.190653007568031718e+00 4.862537983308034200e+03 1.573081878720187706e+04 4.055810418571672926e+01 2.454285536124245482e+03 1.809881607737789579e+02 -2.155272475392942852e+03 -3.027068389124525766e+03 8.732763250858293759e+03 6.951554068939170975e+03 -3.081208454807312592e+03
-4.831391939739994257e+01 4.880375919387510658e+04 3.470957632022738107e+05 -1.245352712250277705e+02 5.415306875001348817e+04 2.018715356311676078e+04 1.360290319553860536e+04 9.595353039338457165e+03 6.951554068939170975e+03 6.977055438298224180e+04 1.944690558365593097e+04
-1.499182401391647268e+01 1.360290319553860536e+04 1.138360666435705498e+05 -6.927021885721597982e+01 1.776043673453864903e+04 6.447384026721621922e+03 6.974217538419621633e+03 5.821781173341773865e+03 -3.081208454807312592e+03 1.944690558365593097e+04 9.970441459438285165e+03
