0.7962510498661281577170711898361332714557647705078125000000000000 1.3461135345090722292837881468585692346096038818359375000000000000 8.8951803716708433000803779577836394309997558593750000000000000000 0.0001769531669584628542826049146796663080749567598104476928710938 1.6092857262138668961171106275287456810474395751953125000000000000 0.0955019262194041762548124552267836406826972961425781250000000000 0.4486981415511914206284416195558151230216026306152343750000000000 1.0834128333927268705849655816564336419105529785156250000000000000 1.0362615041263791848535902317962609231472015380859375000000000000 2.0241024040333148725778755760984495282173156738281250000000000000 0.6746912230774595453652864307514391839504241943359375000000000000
1.3461135345090722292837881468585692346096038818359375000000000000 3354.6658553516917891101911664009094238281250000000000000000000000000 21786.3817578940688690636307001113891601562500000000000000000000000000 -6.3684939619266875965308827289845794439315795898437500000000000000 3941.5179596003467850096058100461959838867187500000000000000000000000 938.8033500808447797680855728685855865478515625000000000000000000000 1040.0624066888829020172124728560447692871093750000000000000000000000 1008.4748693985579848231282085180282592773437500000000000000000000000 771.0004924155687149323057383298873901367187500000000000000000000000 5044.2901348749983299057930707931518554687500000000000000000000000000 1563.9043540940290313301375135779380798339843750000000000000000000000
8.8951803716708433000803779577836394309997558593750000000000000000 21786.3817578940688690636307001113891601562500000000000000000000000000 147677.1158699401712510734796524047851562500000000000000000000000000000 -50.2112413340293883834419830236583948135375976562500000000000000000 26717.2406548160652164369821548461914062500000000000000000000000000000 6292.7717219610449319588951766490936279296875000000000000000000000000 8022.4908001269068336114287376403808593750000000000000000000000000000 7823.2457589042014660662971436977386474609375000000000000000000000000 3586.6475450095399537531193345785140991210937500000000000000000000000 32759.3970054118799453135579824447631835937500000000000000000000000000 12063.1302624812651629326865077018737792968750000000000000000000000000
0.0001769531669584628542826049146796663080749567598104476928710938 -6.3684939619266875965308827289845794439315795898437500000000000000 -50.2112413340293883834419830236583948135375976562500000000000000000 0.0376085627912333061995120431220129830762743949890136718750000000 -9.0840467082237736917704751249402761459350585937500000000000000000 -3.2006572029321471717366875964216887950897216796875000000000000000 -3.7880832398474075795036242197966203093528747558593750000000000000 -3.5988362510485818468453089735703542828559875488281250000000000000 2.3332067631574733290733547619311138987541198730468750000000000000 -9.5760748316884054531783476704731583595275878906250000000000000000 -5.6960042343306236389821606280747801065444946289062500000000000000
1.6092857262138668961171106275287456810474395751953125000000000000 3941.5179596003467850096058100461959838867187500000000000000000000000 26717.2406548160652164369821548461914062500000000000000000000000000000 -9.0840467082237736917704751249402761459350585937500000000000000000 4833.5921513798548403428867459297180175781250000000000000000000000000 1138.4668199338573231216287240386009216308593750000000000000000000000 1451.4017022570205881493166089057922363281250000000000000000000000000 1415.3549682436480452452087774872779846191406250000000000000000000000 648.8840538328148568325559608638286590576171875000000000000000000000 5926.7184921939951891545206308364868164062500000000000000000000000000 2182.4204269871552241966128349304199218750000000000000000000000000000
0.0955019262194041762548124552267836406826972961425781250000000000 938.8033500808447797680855728685855865478515625000000000000000000000 6292.7717219610449319588951766490936279296875000000000000000000000000 -3.2006572029321471717366875964216887950897216796875000000000000000 1138.4668199338573231216287240386009216308593750000000000000000000000 459.3979067939505966933211311697959899902343750000000000000000000000 331.1883902563937454033293761312961578369140625000000000000000000000 262.9118196967525022955669555813074111938476562500000000000000000000 7.3415084560778653965940065972972661256790161132812500000000000000 1411.6447603405022164224646985530853271484375000000000000000000000000 497.9960454452822773419029545038938522338867187500000000000000000000
0.4486981415511914206284416195558151230216026306152343750000000000 1040.0624066888829020172124728560447692871093750000000000000000000000 8022.4908001269068336114287376403808593750000000000000000000000000000 -3.7880832398474075795036242197966203093528747558593750000000000000 1451.4017022570205881493166089057922363281250000000000000000000000000 331.1883902563937454033293761312961578369140625000000000000000000000 582.2394391415971313108457252383232116699218750000000000000000000000 573.6541129133324830036144703626632690429687500000000000000000000000 -52.0007015052081982275922200642526149749755859375000000000000000000 1563.9043540940290313301375135779380798339843750000000000000000000000 875.4924590512480335746658965945243835449218750000000000000000000000
1.0834128333927268705849655816564336419105529785156250000000000000 1008.4748693985579848231282085180282592773437500000000000000000000000 7823.2457589042014660662971436977386474609375000000000000000000000000 -3.5988362510485818468453089735703542828559875488281250000000000000 1415.3549682436480452452087774872779846191406250000000000000000000000 262.9118196967525022955669555813074111938476562500000000000000000000 573.6541129133324830036144703626632690429687500000000000000000000000 659.1664761327314181471592746675014495849609375000000000000000000000 -104.0424692483207138593570562079548835754394531250000000000000000000 1516.4073127763692809821804985404014587402343750000000000000000000000 862.5830134416853525181068107485771179199218750000000000000000000000
1.0362615041263791848535902317962609231472015380859375000000000000 771.0004924155687149323057383298873901367187500000000000000000000000 3586.6475450095399537531193345785140991210937500000000000000000000000 2.3332067631574733290733547619311138987541198730468750000000000000 648.8840538328148568325559608638286590576171875000000000000000000000 7.3415084560778653965940065972972661256790161132812500000000000000 -52.0007015052081982275922200642526149749755859375000000000000000000 -104.0424692483207138593570562079548835754394531250000000000000000000 815.0045574149713729639188386499881744384765625000000000000000000000 1159.3256513674127745616715401411056518554687500000000000000000000000 -78.1915805983609288887237198650836944580078125000000000000000000000
2.0241024040333148725778755760984495282173156738281250000000000000 5044.2901348749983299057930707931518554687500000000000000000000000000 32759.3970054118799453135579824447631835937500000000000000000000000000 -9.5760748316884054531783476704731583595275878906250000000000000000 5926.7184921939951891545206308364868164062500000000000000000000000000 1411.6447603405022164224646985530853271484375000000000000000000000000 1563.9043540940290313301375135779380798339843750000000000000000000000 1516.4073127763692809821804985404014587402343750000000000000000000000 1159.3256513674127745616715401411056518554687500000000000000000000000 7584.9172650698119468870572745800018310546875000000000000000000000000 2351.5866096349354847916401922702789306640625000000000000000000000000
0.6746912230774595453652864307514391839504241943359375000000000000 1563.9043540940290313301375135779380798339843750000000000000000000000 12063.1302624812651629326865077018737792968750000000000000000000000000 -5.6960042343306236389821606280747801065444946289062500000000000000 2182.4204269871552241966128349304199218750000000000000000000000000000 497.9960454452822773419029545038938522338867187500000000000000000000 875.4924590512480335746658965945243835449218750000000000000000000000 862.5830134416853525181068107485771179199218750000000000000000000000 -78.1915805983609288887237198650836944580078125000000000000000000000 2351.5866096349354847916401922702789306640625000000000000000000000000 1316.4464554061171384091721847653388977050781250000000000000000000000
