18.8385787551968846287309133913367986679077148437500000000000000000 -175.6845659703748196989181451499462127685546875000000000000000000000 -1284.8732494268469963571988046169281005859375000000000000000000000000 0.7430500520705617395478270736930426210165023803710937500000000000 -195.3536220125862996610521804541349411010742187500000000000000000000 -97.4472659531240026353771099820733070373535156250000000000000000000 -50.7331901316779934063561086077243089675903320312500000000000000000 -5.7237711957610351021230599144473671913146972656250000000000000000 26.6916239800942456383836542954668402671813964843750000000000000000 -249.1505597761537558199052000418305397033691406250000000000000000000 -71.9482821426048815283138537779450416564941406250000000000000000000
-175.6845659703748196989181451499462127685546875000000000000000000000 133270.0193359202239662408828735351562500000000000000000000000000000000 944009.7413311084965243935585021972656250000000000000000000000000000000 -281.1112399441984166514885146170854568481445312500000000000000000000 143528.3381193128880113363265991210937500000000000000000000000000000000 50677.9395042574469698593020439147949218750000000000000000000000000000 32868.8321326191944535821676254272460937500000000000000000000000000000 25697.9103665648945025168359279632568359375000000000000000000000000000 24481.4731862472181092016398906707763671875000000000000000000000000000 188999.5272807429719250649213790893554687500000000000000000000000000000 46613.5877093007511575706303119659423828125000000000000000000000000000
-1284.8732494268469963571988046169281005859375000000000000000000000000 944009.7413311084965243935585021972656250000000000000000000000000000000 6944986.4996812352910637855529785156250000000000000000000000000000000000 -2466.1862072245694434968754649162292480468750000000000000000000000000 1055923.8182804791722446680068969726562500000000000000000000000000000000 371949.6832978669553995132446289062500000000000000000000000000000000000 280105.6316886416752822697162628173828125000000000000000000000000000000 224450.5436704008025117218494415283203125000000000000000000000000000000 106226.3635292245016898959875106811523437500000000000000000000000000000 1338766.1812389877159148454666137695312500000000000000000000000000000000 397237.3699773174012079834938049316406250000000000000000000000000000000
0.7430500520705617395478270736930426210165023803710937500000000000 -281.1112399441984166514885146170854568481445312500000000000000000000 -2466.1862072245694434968754649162292480468750000000000000000000000000 1.7986040880157874166656029046862386167049407958984375000000000000 -374.9618169369725251272029709070920944213867187500000000000000000000 -153.8069458082287326305959140881896018981933593750000000000000000000 -156.3200095377065110824332805350422859191894531250000000000000000000 -132.9515950071318002301268279552459716796875000000000000000000000000 118.4725110149272921944429981522262096405029296875000000000000000000 -398.6634933160614764346973970532417297363281250000000000000000000000 -221.6883291108270555014314595609903335571289062500000000000000000000
-195.3536220125862996610521804541349411010742187500000000000000000000 143528.3381193128880113363265991210937500000000000000000000000000000000 1055923.8182804791722446680068969726562500000000000000000000000000000000 -374.9618169369725251272029709070920944213867187500000000000000000000 160543.8844356576155405491590499877929687500000000000000000000000000000 56551.6620966974369366653263568878173828125000000000000000000000000000 42587.5857567342463880777359008789062500000000000000000000000000000000 34125.7214968606713227927684783935546875000000000000000000000000000000 16150.7797581719223671825602650642395019531250000000000000000000000000 203547.5659950572589877992868423461914062500000000000000000000000000000 60396.4313666263697086833417415618896484375000000000000000000000000000
-97.4472659531240026353771099820733070373535156250000000000000000000 50677.9395042574469698593020439147949218750000000000000000000000000000 371949.6832978669553995132446289062500000000000000000000000000000000000 -153.8069458082287326305959140881896018981933593750000000000000000000 56551.6620966974369366653263568878173828125000000000000000000000000000 23116.5034928438144561368972063064575195312500000000000000000000000000 14875.3997971264852822059765458106994628906250000000000000000000000000 10805.5686606772742379689589142799377441406250000000000000000000000000 2925.0991171182859034161083400249481201171875000000000000000000000000 71869.9273669660615269094705581665039062500000000000000000000000000000 21095.8439398319969768635928630828857421875000000000000000000000000000
-50.7331901316779934063561086077243089675903320312500000000000000000 32868.8321326191944535821676254272460937500000000000000000000000000000 280105.6316886416752822697162628173828125000000000000000000000000000000 -156.3200095377065110824332805350422859191894531250000000000000000000 42587.5857567342463880777359008789062500000000000000000000000000000000 14875.3997971264852822059765458106994628906250000000000000000000000000 16766.2317882046518207062035799026489257812500000000000000000000000000 14107.4654009575697273248806595802307128906250000000000000000000000000 -6267.4256279091760006849654018878936767578125000000000000000000000000 46613.5877093007511575706303119659423828125000000000000000000000000000 23777.3649170316966774407774209976196289062500000000000000000000000000
-5.7237711957610351021230599144473671913146972656250000000000000000 25697.9103665648945025168359279632568359375000000000000000000000000000 224450.5436704008025117218494415283203125000000000000000000000000000000 -132.9515950071318002301268279552459716796875000000000000000000000000 34125.7214968606713227927684783935546875000000000000000000000000000000 10805.5686606772742379689589142799377441406250000000000000000000000000 14107.4654009575697273248806595802307128906250000000000000000000000000 14665.0878675932908663526177406311035156250000000000000000000000000000 -8404.5057192722360923653468489646911621093750000000000000000000000000 36444.0024514545366400852799415588378906250000000000000000000000000000 20006.7825096485867106821388006210327148437500000000000000000000000000
26.6916239800942456383836542954668402671813964843750000000000000000 24481.4731862472181092016398906707763671875000000000000000000000000000 106226.3635292245016898959875106811523437500000000000000000000000000000 118.4725110149272921944429981522262096405029296875000000000000000000 16150.7797581719223671825602650642395019531250000000000000000000000000 2925.0991171182859034161083400249481201171875000000000000000000000000 -6267.4256279091760006849654018878936767578125000000000000000000000000 -8404.5057192722360923653468489646911621093750000000000000000000000000 30410.7028370049265504349023103713989257812500000000000000000000000000 34718.8878818583543761633336544036865234375000000000000000000000000000 -8888.2742483611164061585441231727600097656250000000000000000000000000
-249.1505597761537558199052000418305397033691406250000000000000000000 188999.5272807429719250649213790893554687500000000000000000000000000000 1338766.1812389877159148454666137695312500000000000000000000000000000000 -398.6634933160614764346973970532417297363281250000000000000000000000 203547.5659950572589877992868423461914062500000000000000000000000000000 71869.9273669660615269094705581665039062500000000000000000000000000000 46613.5877093007511575706303119659423828125000000000000000000000000000 36444.0024514545366400852799415588378906250000000000000000000000000000 34718.8878818583543761633336544036865234375000000000000000000000000000 268033.4368550397921353578567504882812500000000000000000000000000000000 66105.9860711129440460354089736938476562500000000000000000000000000000
-71.9482821426048815283138537779450416564941406250000000000000000000 46613.5877093007511575706303119659423828125000000000000000000000000000 397237.3699773174012079834938049316406250000000000000000000000000000000 -221.6883291108270555014314595609903335571289062500000000000000000000 60396.4313666263697086833417415618896484375000000000000000000000000000 21095.8439398319969768635928630828857421875000000000000000000000000000 23777.3649170316966774407774209976196289062500000000000000000000000000 20006.7825096485867106821388006210327148437500000000000000000000000000 -8888.2742483611164061585441231727600097656250000000000000000000000000 66105.9860711129440460354089736938476562500000000000000000000000000000 33720.3427424540859647095203399658203125000000000000000000000000000000
