0.0825155037536622476546099846927972976118326187133789062500000000 -0.0740536582309734014994972994827548973262310028076171875000000000 -0.6989590305653522461781790298118721693754196166992187500000000000 0.0005071273721920822874498213650440447963774204254150390625000000 -0.0792205333008280665474387660651700571179389953613281250000000000 -0.0631966717977647252091344398650107905268669128417968750000000000 -0.0230434570459911655659901441595138749107718467712402343750000000 0.0873326414217418800500780662332545034587383270263671875000000000 0.0854995504615765067324417714189621619880199432373046875000000000 -0.0971762498209573499785562944452976807951927185058593750000000000 -0.0302385701413350228838883282378446892835199832916259765625000000
-0.0740536582309734014994972994827548973262310028076171875000000000 520.2392371811679367965552955865859985351562500000000000000000000000 4766.2895217632039930322207510471343994140625000000000000000000000000 -0.9235408910741620402973239833954721689224243164062500000000000000 540.2147783609293583140242844820022583007812500000000000000000000000 164.7942119127929458954895380884408950805664062500000000000000000000 140.0799909193655992112326202914118766784667968750000000000000000000 116.6275071281884549989626975730061531066894531250000000000000000000 100.9654632129993245825971825979650020599365234375000000000000000000 682.6792799526607495863572694361209869384765625000000000000000000000 183.8187135879290394768759142607450485229492187500000000000000000000
-0.6989590305653522461781790298118721693754196166992187500000000000 4766.2895217632039930322207510471343994140625000000000000000000000000 45232.4356887909016222693026065826416015625000000000000000000000000000 -10.2853023325252372899285546736791729927062988281250000000000000000 5126.6777036460407543927431106567382812500000000000000000000000000000 1558.5642875646999527816660702228546142578125000000000000000000000000 1520.3197632363608136074617505073547363281250000000000000000000000000 1272.7194590986298408097354695200920104980468750000000000000000000000 646.3238349504144935053773224353790283203125000000000000000000000000 6254.5207400996132491854950785636901855468750000000000000000000000000 1995.0259939785432834469247609376907348632812500000000000000000000000
0.0005071273721920822874498213650440447963774204254150390625000000 -0.9235408910741620402973239833954721689224243164062500000000000000 -10.2853023325252372899285546736791729927062988281250000000000000000 0.0047577737800783862984199679146968264831230044364929199218750000 -1.1657437708242339713393675992847420275211334228515625000000000000 -0.4324219189501243842954636420472525060176849365234375000000000000 -0.5248437252945628017641865881159901618957519531250000000000000000 -0.4428458615180920210363524347485508769750595092773437500000000000 0.2870772873782020950805815573403378948569297790527343750000000000 -1.2119082634779982932116126903565600514411926269531250000000000000 -0.6887214782436527071851628534204792231321334838867187500000000000
-0.0792205333008280665474387660651700571179389953613281250000000000 540.2147783609293583140242844820022583007812500000000000000000000000 5126.6777036460407543927431106567382812500000000000000000000000000000 -1.1657437708242339713393675992847420275211334228515625000000000000 581.0614413491471168526913970708847045898437500000000000000000000000 176.6488286797475666389800608158111572265625000000000000000000000000 172.3141660162193034011579584330320358276367187500000000000000000000 144.2509644815417289009928936138749122619628906250000000000000000000 73.2548213139098010060479282401502132415771484375000000000000000000 708.8920049734675785657600499689579010009765625000000000000000000000 226.1177211833996807399671524763107299804687500000000000000000000000
-0.0631966717977647252091344398650107905268669128417968750000000000 164.7942119127929458954895380884408950805664062500000000000000000000 1558.5642875646999527816660702228546142578125000000000000000000000000 -0.4324219189501243842954636420472525060176849365234375000000000000 176.6488286797475666389800608158111572265625000000000000000000000000 66.9228769225439066303806612268090248107910156250000000000000000000 51.7557540949995953383222513366490602493286132812500000000000000000 39.0428874457449737178649229463189840316772460937500000000000000000 11.8739246781525906726528774015605449676513671875000000000000000000 216.2497287566453962881496408954262733459472656250000000000000000000 67.9160248089420974793029017746448516845703125000000000000000000000
-0.0230434570459911655659901441595138749107718467712402343750000000 140.0799909193655992112326202914118766784667968750000000000000000000 1520.3197632363608136074617505073547363281250000000000000000000000000 -0.5248437252945628017641865881159901618957519531250000000000000000 172.3141660162193034011579584330320358276367187500000000000000000000 51.7557540949995953383222513366490602493286132812500000000000000000 73.5922890868266961206245468929409980773925781250000000000000000000 62.3212647685453831059021467808634042739868164062500000000000000000 -15.0091294905448080498899798840284347534179687500000000000000000000 183.8187135879290394768759142607450485229492187500000000000000000000 96.5708222933738227311550872400403022766113281250000000000000000000
0.0873326414217418800500780662332545034587383270263671875000000000 116.6275071281884549989626975730061531066894531250000000000000000000 1272.7194590986298408097354695200920104980468750000000000000000000000 -0.4428458615180920210363524347485508769750595092773437500000000000 144.2509644815417289009928936138749122619628906250000000000000000000 39.0428874457449737178649229463189840316772460937500000000000000000 62.3212647685453831059021467808634042739868164062500000000000000000 61.9098153726747142400199663825333118438720703125000000000000000000 -19.8863356296831064184971182839944958686828613281250000000000000000 153.0434017632910013162472750991582870483398437500000000000000000000 81.7805215701438612541096517816185951232910156250000000000000000000
0.0854995504615765067324417714189621619880199432373046875000000000 100.9654632129993245825971825979650020599365234375000000000000000000 646.3238349504144935053773224353790283203125000000000000000000000000 0.2870772873782020950805815573403378948569297790527343750000000000 73.2548213139098010060479282401502132415771484375000000000000000000 11.8739246781525906726528774015605449676513671875000000000000000000 -15.0091294905448080498899798840284347534179687500000000000000000000 -19.8863356296831064184971182839944958686828613281250000000000000000 95.8783445693163827172611490823328495025634765625000000000000000000 132.4910248980972369281516876071691513061523437500000000000000000000 -19.6955957586743188869604637147858738899230957031250000000000000000
-0.0971762498209573499785562944452976807951927185058593750000000000 682.6792799526607495863572694361209869384765625000000000000000000000 6254.5207400996132491854950785636901855468750000000000000000000000000 -1.2119082634779982932116126903565600514411926269531250000000000000 708.8920049734675785657600499689579010009765625000000000000000000000 216.2497287566453962881496408954262733459472656250000000000000000000 183.8187135879290394768759142607450485229492187500000000000000000000 153.0434017632910013162472750991582870483398437500000000000000000000 132.4910248980972369281516876071691513061523437500000000000000000000 895.8397713365592380796442739665508270263671875000000000000000000000 241.2144607046074895606579957529902458190917968750000000000000000000
-0.0302385701413350228838883282378446892835199832916259765625000000 183.8187135879290394768759142607450485229492187500000000000000000000 1995.0259939785432834469247609376907348632812500000000000000000000000 -0.6887214782436527071851628534204792231321334838867187500000000000 226.1177211833996807399671524763107299804687500000000000000000000000 67.9160248089420974793029017746448516845703125000000000000000000000 96.5708222933738227311550872400403022766113281250000000000000000000 81.7805215701438612541096517816185951232910156250000000000000000000 -19.6955957586743188869604637147858738899230957031250000000000000000 241.2144607046074895606579957529902458190917968750000000000000000000 126.7241967078281561498442897573113441467285156250000000000000000000
