0.2213174909632597830988487430659006349742412567138671875000000000 -0.3101110181597037662726279449998401105403900146484375000000000000 -2.2586836656440669734990933648077771067619323730468750000000000000 0.0023372481652548086385190462266336908214725553989410400390625000 -0.3542379181235406626626627257792279124259948730468750000000000000 -0.2823973447603035924480252560897497460246086120605468750000000000 -0.0980567077260480063349845636366808321326971054077148437500000000 0.1828676395852040226230883490643464028835296630859375000000000000 0.2820578372870950478734641819755779579281806945800781250000000000 -0.4440726679011328115187495768623193725943565368652343750000000000 -0.1404152102170166394046191271627321839332580566406250000000000000
-0.3101110181597037662726279449998401105403900146484375000000000000 1198.7738027931407032156130298972129821777343750000000000000000000000 8500.7265003573993453755974769592285156250000000000000000000000000000 -2.3957101605044606174033106071874499320983886718750000000000000000 1333.2011488937519061437342315912246704101562500000000000000000000000 393.2278195942252523309434764087200164794921875000000000000000000000 335.9822818891119595718919299542903900146484375000000000000000000000 292.7418474695739405433414503931999206542968750000000000000000000000 239.9138717697343849977187346667051315307617187500000000000000000000 1716.6196930874230019981041550636291503906250000000000000000000000000 481.1197911361293222398671787232160568237304687500000000000000000000
-2.2586836656440669734990933648077771067619323730468750000000000000 8500.7265003573993453755974769592285156250000000000000000000000000000 62743.6817548330654972232878208160400390625000000000000000000000000000 -20.7910099216397625809804594609886407852172851562500000000000000000 9840.3293645373105391627177596092224121093750000000000000000000000000 2886.4463466172614971583243459463119506835937500000000000000000000000 2842.7967755950412538368254899978637695312500000000000000000000000000 2508.4582553596883371938019990921020507812500000000000000000000000000 1127.5711323762593565334100276231765747070312500000000000000000000000 12172.8673767003474495140835642814636230468750000000000000000000000000 4070.8271377481560193700715899467468261718750000000000000000000000000
0.0023372481652548086385190462266336908214725553989410400390625000 -2.3957101605044606174033106071874499320983886718750000000000000000 -20.7910099216397625809804594609886407852172851562500000000000000000 0.0145126798714552054242465928268757124897092580795288085937500000 -3.2607328694819370795698887377511709928512573242187500000000000000 -1.2417065700650018467143809175468049943447113037109375000000000000 -1.3819426632029763180042891690391115844249725341796875000000000000 -1.2293602340784908211190895599429495632648468017578125000000000000 0.9336034975964907500767253623052965849637985229492187500000000000 -3.4306082022058008718090604816097766160964965820312500000000000000 -1.9789137740952660315940647706156596541404724121093750000000000000
-0.3542379181235406626626627257792279124259948730468750000000000000 1333.2011488937519061437342315912246704101562500000000000000000000000 9840.3293645373105391627177596092224121093750000000000000000000000000 -3.2607328694819370795698887377511709928512573242187500000000000000 1543.2961422464884435612475499510765075683593750000000000000000000000 452.6923181646314446879841852933168411254882812500000000000000000000 445.8465905396930111237452365458011627197265625000000000000000000000 393.4110135006635573517996817827224731445312500000000000000000000000 176.8412534011364130037691211327910423278808593750000000000000000000 1909.1169173912207952525932341814041137695312500000000000000000000000 638.4432456173631180718075484037399291992187500000000000000000000000
-0.2823973447603035924480252560897497460246086120605468750000000000 393.2278195942252523309434764087200164794921875000000000000000000000 2886.4463466172614971583243459463119506835937500000000000000000000000 -1.2417065700650018467143809175468049943447113037109375000000000000 452.6923181646314446879841852933168411254882812500000000000000000000 179.0286076283632894501351984217762947082519531250000000000000000000 128.5204880460939023123501101508736610412597656250000000000000000000 98.0621441835066320891201030462980270385742187500000000000000000000 14.3844308732108281390082993311807513236999511718750000000000000000 563.0942363041917815280612558126449584960937500000000000000000000000 184.0387237618018048124213237315416336059570312500000000000000000000
-0.0980567077260480063349845636366808321326971054077148437500000000 335.9822818891119595718919299542903900146484375000000000000000000000 2842.7967755950412538368254899978637695312500000000000000000000000000 -1.3819426632029763180042891690391115844249725341796875000000000000 445.8465905396930111237452365458011627197265625000000000000000000000 128.5204880460939023123501101508736610412597656250000000000000000000 180.1679823939734035320725524798035621643066406250000000000000000000 162.8709614850313585066032828763127326965332031250000000000000000000 -39.9522023022579375606255780439823865890502929687500000000000000000 481.1197911361293222398671787232160568237304687500000000000000000000 257.9968847506520432943943887948989868164062500000000000000000000000
0.1828676395852040226230883490643464028835296630859375000000000000 292.7418474695739405433414503931999206542968750000000000000000000000 2508.4582553596883371938019990921020507812500000000000000000000000000 -1.2293602340784908211190895599429495632648468017578125000000000000 393.4110135006635573517996817827224731445312500000000000000000000000 98.0621441835066320891201030462980270385742187500000000000000000000 162.8709614850313585066032828763127326965332031250000000000000000000 175.6293686567750285121292108669877052307128906250000000000000000000 -58.5424275509138567485933890566229820251464843750000000000000000000 419.2003688987693408307677600532770156860351562500000000000000000000 233.2279027668519120197743177413940429687500000000000000000000000000
0.2820578372870950478734641819755779579281806945800781250000000000 239.9138717697343849977187346667051315307617187500000000000000000000 1127.5711323762593565334100276231765747070312500000000000000000000000 0.9336034975964907500767253623052965849637985229492187500000000000 176.8412534011364130037691211327910423278808593750000000000000000000 14.3844308732108281390082993311807513236999511718750000000000000000 -39.9522023022579375606255780439823865890502929687500000000000000000 -58.5424275509138567485933890566229820251464843750000000000000000000 273.9451764086422258515085559338331222534179687500000000000000000000 343.5517826342119178661960177123546600341796875000000000000000000000 -57.2107407539862791168161493260413408279418945312500000000000000000
-0.4440726679011328115187495768623193725943565368652343750000000000 1716.6196930874230019981041550636291503906250000000000000000000000000 12172.8673767003474495140835642814636230468750000000000000000000000000 -3.4306082022058008718090604816097766160964965820312500000000000000 1909.1169173912207952525932341814041137695312500000000000000000000000 563.0942363041917815280612558126449584960937500000000000000000000000 481.1197911361293222398671787232160568237304687500000000000000000000 419.2003688987693408307677600532770156860351562500000000000000000000 343.5517826342119178661960177123546600341796875000000000000000000000 2458.1644709198335476685315370559692382812500000000000000000000000000 688.9537511364048896211897954344749450683593750000000000000000000000
-0.1404152102170166394046191271627321839332580566406250000000000000 481.1197911361293222398671787232160568237304687500000000000000000000 4070.8271377481560193700715899467468261718750000000000000000000000000 -1.9789137740952660315940647706156596541404724121093750000000000000 638.4432456173631180718075484037399291992187500000000000000000000000 184.0387237618018048124213237315416336059570312500000000000000000000 257.9968847506520432943943887948989868164062500000000000000000000000 233.2279027668519120197743177413940429687500000000000000000000000000 -57.2107407539862791168161493260413408279418945312500000000000000000 688.9537511364048896211897954344749450683593750000000000000000000000 369.4462892718041757689206860959529876708984375000000000000000000000
