0.0062187342805387763045033011621853802353143692016601562500000000 0.0188698307043142603223184750049767899326980113983154296875000000 0.1729939023631388295143551658838987350463867187500000000000000000 -0.0000112440682969595771883335524887748135824949713423848152160645 0.0229064797150605042874715877587732393294572830200195312500000000 0.0039222144955889598830212072755330154905095696449279785156250000 0.0085980028776891561509421180176104826387017965316772460937500000 0.0109618742089634194081249063401628518477082252502441406250000000 0.0069580253646794347141546488444419082952663302421569824218750000 0.0257234225625360586608980639766741660423576831817626953125000000 0.0117208291204293820614301679938762390520423650741577148437500000
0.0188698307043142603223184750049767899326980113983154296875000000 23.5031693292027128450172313023358583450317382812500000000000000000 204.5536560776836552122404100373387336730957031250000000000000000000 -0.0321847730424238559487903899025695864111185073852539062500000000 27.0853718517151413891497213626280426979064941406250000000000000000 3.2756430468457726767894655495183542370796203613281250000000000000 8.8800250164902898575292056193575263023376464843750000000000000000 9.1064209058206486702147230971604585647583007812500000000000000000 6.1178216420318509705111864604987204074859619140625000000000000000 32.0396068034511500854932819493114948272705078125000000000000000000 12.1052827364712722868489436223171651363372802734375000000000000000
0.1729939023631388295143551658838987350463867187500000000000000000 204.5536560776836552122404100373387336730957031250000000000000000000 1852.0697792142116213653935119509696960449218750000000000000000000000 -0.3284966287855152211605513912218157202005386352539062500000000000 245.2363826060876306200952967628836631774902343750000000000000000000 28.4614017948545381386793451383709907531738281250000000000000000000 89.3129613798734567353676538914442062377929687500000000000000000000 91.2525115787593250615827855654060840606689453125000000000000000000 43.6760747452109399091568775475025177001953125000000000000000000000 278.8482956974756916679325513541698455810546875000000000000000000000 121.7517571771685283010810962878167629241943359375000000000000000000
-0.0000112440682969595771883335524887748135824949713423848152160645 -0.0321847730424238559487903899025695864111185073852539062500000000 -0.3284966287855152211605513912218157202005386352539062500000000000 0.0001356864653293390681962349297862147068371996283531188964843750 -0.0434969167175947094006183135661558480933308601379394531250000000 -0.0118486308301132669401622976579346868675202131271362304687500000 -0.0202666510941495181530314084739075042307376861572265625000000000 -0.0193647039928165412558946911758539499714970588684082031250000000 0.0071038697090940348607968068961326935095712542533874511718750000 -0.0438744008901098755948133600668370490893721580505371093750000000 -0.0276275732512586448541558326041922555305063724517822265625000000
0.0229064797150605042874715877587732393294572830200195312500000000 27.0853718517151413891497213626280426979064941406250000000000000000 245.2363826060876306200952967628836631774902343750000000000000000000 -0.0434969167175947094006183135661558480933308601379394531250000000 32.4722556507756010546472680289298295974731445312500000000000000000 3.7686329631866710698773204057943075895309448242187500000000000000 11.8261135808447779282914780196733772754669189453125000000000000000 12.0829334264012935307164298137649893760681152343750000000000000000 5.7832392154754748148093312920536845922470092773437500000000000000 36.9228784466939288222420145757496356964111328125000000000000000000 16.1214014942415317932500329334288835525512695312500000000000000000
0.0039222144955889598830212072755330154905095696449279785156250000 3.2756430468457726767894655495183542370796203613281250000000000000 28.4614017948545381386793451383709907531738281250000000000000000000 -0.0118486308301132669401622976579346868675202131271362304687500000 3.7686329631866710698773204057943075895309448242187500000000000000 2.0939782630143057851057619700441136956214904785156250000000000000 1.2296873308362845644836625069729052484035491943359375000000000000 0.8072877767060335774118584595271386206150054931640625000000000000 -0.4207581815488278809134214952791808173060417175292968750000000000 4.4653686394113822899498700280673801898956298828125000000000000000 1.6763142884830846135457704804139211773872375488281250000000000000
0.0085980028776891561509421180176104826387017965316772460937500000 8.8800250164902898575292056193575263023376464843750000000000000000 89.3129613798734567353676538914442062377929687500000000000000000000 -0.0202666510941495181530314084739075042307376861572265625000000000 11.8261135808447779282914780196733772754669189453125000000000000000 1.2296873308362845644836625069729052484035491943359375000000000000 5.3702714969463709593355815741233527660369873046875000000000000000 5.4506441340768025938245955330785363912582397460937500000000000000 0.7082751240873238485207252779218833893537521362304687500000000000 12.1052827364712722868489436223171651363372802734375000000000000000 7.3207738403244295710692313150502741336822509765625000000000000000
0.0109618742089634194081249063401628518477082252502441406250000000 9.1064209058206486702147230971604585647583007812500000000000000000 91.2525115787593250615827855654060840606689453125000000000000000000 -0.0193647039928165412558946911758539499714970588684082031250000000 12.0829334264012935307164298137649893760681152343750000000000000000 0.8072877767060335774118584595271386206150054931640625000000000000 5.4506441340768025938245955330785363912582397460937500000000000000 6.0905804608796278998283924011047929525375366210937500000000000000 0.6217039875724028608061644263216294348239898681640625000000000000 12.4139064448087541592258276068605482578277587890625000000000000000 7.4303381146291700432016114064026623964309692382812500000000000000
0.0069580253646794347141546488444419082952663302421569824218750000 6.1178216420318509705111864604987204074859619140625000000000000000 43.6760747452109399091568775475025177001953125000000000000000000000 0.0071038697090940348607968068961326935095712542533874511718750000 5.7832392154754748148093312920536845922470092773437500000000000000 -0.4207581815488278809134214952791808173060417175292968750000000000 0.7082751240873238485207252779218833893537521362304687500000000000 0.6217039875724028608061644263216294348239898681640625000000000000 4.6966329279748260105975532496813684701919555664062500000000000000 8.3398369453433005560327728744596242904663085937500000000000000000 0.9655232520589268618849132508330512791872024536132812500000000000
0.0257234225625360586608980639766741660423576831817626953125000000 32.0396068034511500854932819493114948272705078125000000000000000000 278.8482956974756916679325513541698455810546875000000000000000000000 -0.0438744008901098755948133600668370490893721580505371093750000000 36.9228784466939288222420145757496356964111328125000000000000000000 4.4653686394113822899498700280673801898956298828125000000000000000 12.1052827364712722868489436223171651363372802734375000000000000000 12.4139064448087541592258276068605482578277587890625000000000000000 8.3398369453433005560327728744596242904663085937500000000000000000 43.6765097396579875521638314239680767059326171875000000000000000000 16.5019659131350664438286912627518177032470703125000000000000000000
0.0117208291204293820614301679938762390520423650741577148437500000 12.1052827364712722868489436223171651363372802734375000000000000000 121.7517571771685283010810962878167629241943359375000000000000000000 -0.0276275732512586448541558326041922555305063724517822265625000000 16.1214014942415317932500329334288835525512695312500000000000000000 1.6763142884830846135457704804139211773872375488281250000000000000 7.3207738403244295710692313150502741336822509765625000000000000000 7.4303381146291700432016114064026623964309692382812500000000000000 0.9655232520589268618849132508330512791872024536132812500000000000 16.5019659131350664438286912627518177032470703125000000000000000000 9.9797058028914982230617169989272952079772949218750000000000000000
