0.0083755985557150813142213152673321019392460584640502929687500000 0.0430312482603169080275229418930393876507878303527832031250000000 0.4981662133488843346995622596296016126871109008789062500000000000 -0.0001087948426658768305650554220065373556280974298715591430664062 0.0444392352587995587143154807563405483961105346679687500000000000 0.0151527017920425246394477980516057868953794240951538085937500000 0.0134437206315195043743182523598989064339548349380493164062500000 0.0173121556849166122193928174510801909491419792175292968750000000 0.0078205149122533759026287825122381036635488271713256835937500000 0.0538477703062049256610421821278578136116266250610351562500000000 0.0168229928225075153758183432728401385247707366943359375000000000
0.0430312482603169080275229418930393876507878303527832031250000000 45.6766044099948089751705992966890335083007812500000000000000000000 525.2963491801680220305570401251316070556640625000000000000000000000 -0.0683569197203129086393147417766158469021320343017578125000000000 46.8593963546409995046815311070531606674194335937500000000000000000 11.3771829677969993355191036243923008441925048828125000000000000000 13.8196033023800879391274065710604190826416015625000000000000000000 12.3046922916584833274100674316287040710449218750000000000000000000 9.4806487937432617485455921269021928310394287109375000000000000000 57.1580747032382987526943907141685485839843750000000000000000000000 17.2933589992016969461019471054896712303161621093750000000000000000
0.4981662133488843346995622596296016126871109008789062500000000000 525.2963491801680220305570401251316070556640625000000000000000000000 6244.9686301215042476542294025421142578125000000000000000000000000000 -0.9372025401690576851265745972341392189264297485351562500000000000 557.0864155402568940189667046070098876953125000000000000000000000000 134.4751879397662719384243246167898178100585937500000000000000000000 185.2165164261440679638326400890946388244628906250000000000000000000 163.8147726881709900226269382983446121215820312500000000000000000000 83.3853457060725986593752168118953704833984375000000000000000000000 657.3371281777774584043072536587715148925781250000000000000000000000 231.7733469662769891783682396635413169860839843750000000000000000000
-0.0001087948426658768305650554220065373556280974298715591430664062 -0.0683569197203129086393147417766158469021320343017578125000000000 -0.9372025401690576851265745972341392189264297485351562500000000000 0.0002861072290230714122022392942312762897927314043045043945312500 -0.0836037512213805705796332290447026025503873825073242187500000000 -0.0271264521029264925322532775453510112129151821136474609375000000 -0.0401594847094876791770978741169528802856802940368652343750000000 -0.0344215257501045146515394890229799784719944000244140625000000000 0.0153080314934766637674501410515404131729155778884887695312500000 -0.0855394128859972430189984038406691979616880416870117187500000000 -0.0502541477572306591325990154928149422630667686462402343750000000
0.0444392352587995587143154807563405483961105346679687500000000000 46.8593963546409995046815311070531606674194335937500000000000000000 557.0864155402568940189667046070098876953125000000000000000000000000 -0.0836037512213805705796332290447026025503873825073242187500000000 49.6952495297728376044688047841191291809082031250000000000000000000 11.9959450343963087703968994901515543460845947265625000000000000000 16.5223576523692123885211913147941231727600097656250000000000000000 14.6132014321454786198728470481000840663909912109375000000000000000 7.4384430249855917338663857663050293922424316406250000000000000000 58.6381783844060109345264208968728780746459960937500000000000000000 20.6754894582551926873748016078025102615356445312500000000000000000
0.0151527017920425246394477980516057868953794240951538085937500000 11.3771829677969993355191036243923008441925048828125000000000000000 134.4751879397662719384243246167898178100585937500000000000000000000 -0.0271264521029264925322532775453510112129151821136474609375000000 11.9959450343963087703968994901515543460845947265625000000000000000 4.2740233779431076044375004130415618419647216796875000000000000000 3.9106973519489121038361645332770422101020812988281250000000000000 3.0575672788770082988207832386251538991928100585937500000000000000 0.8042069426315808788885419744474347680807113647460937500000000000 14.2370012479179646192051222897134721279144287109375000000000000000 4.8937072768820009116552682826295495033264160156250000000000000000
0.0134437206315195043743182523598989064339548349380493164062500000 13.8196033023800879391274065710604190826416015625000000000000000000 185.2165164261440679638326400890946388244628906250000000000000000000 -0.0401594847094876791770978741169528802856802940368652343750000000 16.5223576523692123885211913147941231727600097656250000000000000000 3.9106973519489121038361645332770422101020812988281250000000000000 7.5702368663184209651717537781223654747009277343750000000000000000 6.5987912175186869134790867974516004323959350585937500000000000000 -0.4380136217141532006813520183641230687499046325683593750000000000 17.2933589992016969461019471054896712303161621093750000000000000000 9.4731245878591359144138550618663430213928222656250000000000000000
0.0173121556849166122193928174510801909491419792175292968750000000 12.3046922916584833274100674316287040710449218750000000000000000000 163.8147726881709900226269382983446121215820312500000000000000000000 -0.0344215257501045146515394890229799784719944000244140625000000000 14.6132014321454786198728470481000840663909912109375000000000000000 3.0575672788770082988207832386251538991928100585937500000000000000 6.5987912175186869134790867974516004323959350585937500000000000000 6.4727466151980355135719946702010929584503173828125000000000000000 -0.6682344787719806111780940227617975324392318725585937500000000000 15.3976533564977362544823336065746843814849853515625000000000000000 8.2574921282781215126078677712939679622650146484375000000000000000
0.0078205149122533759026287825122381036635488271713256835937500000 9.4806487937432617485455921269021928310394287109375000000000000000 83.3853457060725986593752168118953704833984375000000000000000000000 0.0153080314934766637674501410515404131729155778884887695312500000 7.4384430249855917338663857663050293922424316406250000000000000000 0.8042069426315808788885419744474347680807113647460937500000000000 -0.4380136217141532006813520183641230687499046325683593750000000000 -0.6682344787719806111780940227617975324392318725585937500000000000 7.2582831240117169357972670695744454860687255859375000000000000000 11.8637459808498260116493838722817599773406982421875000000000000000 -0.5481146340531222183045656493050046265125274658203125000000000000
0.0538477703062049256610421821278578136116266250610351562500000000 57.1580747032382987526943907141685485839843750000000000000000000000 657.3371281777774584043072536587715148925781250000000000000000000000 -0.0855394128859972430189984038406691979616880416870117187500000000 58.6381783844060109345264208968728780746459960937500000000000000000 14.2370012479179646192051222897134721279144287109375000000000000000 17.2933589992016969461019471054896712303161621093750000000000000000 15.3976533564977362544823336065746843814849853515625000000000000000 11.8637459808498260116493838722817599773406982421875000000000000000 71.5255773930972083007873152382671833038330078125000000000000000000 21.6402930628091567655246763024479150772094726562500000000000000000
0.0168229928225075153758183432728401385247707366943359375000000000 17.2933589992016969461019471054896712303161621093750000000000000000 231.7733469662769891783682396635413169860839843750000000000000000000 -0.0502541477572306591325990154928149422630667686462402343750000000 20.6754894582551926873748016078025102615356445312500000000000000000 4.8937072768820009116552682826295495033264160156250000000000000000 9.4731245878591359144138550618663430213928222656250000000000000000 8.2574921282781215126078677712939679622650146484375000000000000000 -0.5481146340531222183045656493050046265125274658203125000000000000 21.6402930628091567655246763024479150772094726562500000000000000000 11.8543304577923951370621580281294882297515869140625000000000000000
