3.385902898256628379e+00 -7.683094608545817827e+00 -5.094706556830927013e+01 2.472661085000553774e-02 -9.126126465647629971e+00 -4.065149897870553808e+00 -2.518977757775068937e+00 3.091506793964679645e+00 2.637182474230475027e+00 -1.151111033350083446e+01 -3.774030175956855970e+00
-7.683094608545817827e+00 2.483908935206625756e+04 1.576744108234295854e+05 -6.788375018961021112e+01 2.824415101281470925e+04 1.091290990244103159e+04 6.711651350945428931e+03 4.785651922555020974e+03 3.463633674384941514e+03 3.721488705830707477e+04 1.005565636726495723e+04
-5.094706556830927013e+01 1.576744108234295854e+05 1.039597288817701512e+06 -5.255278863821243931e+02 1.862226258816423069e+05 7.154344810803659493e+04 5.048363706738435576e+04 3.829811801993285189e+04 8.673689311542475480e+03 2.362339177418726322e+05 7.563654307636638987e+04
2.472661085000553774e-02 -6.788375018961021112e+01 -5.255278863821243931e+02 5.110049368283008375e-01 -9.413758965013009572e+01 -4.109845522318536837e+01 -3.760230363424695810e+01 -3.264410921345898942e+01 3.549097031346150999e+01 -1.017060674243488592e+02 -5.633722972071289092e+01
-9.126126465647629971e+00 2.824415101281470925e+04 1.862226258816423069e+05 -9.413758965013009572e+01 3.335798079051669629e+04 1.281554782280876498e+04 9.043112712842670589e+03 6.860325801838029292e+03 1.553714324816995713e+03 4.231648250471115171e+04 1.354874220604168841e+04
-4.065149897870553808e+00 1.091290990244103159e+04 7.154344810803659493e+04 -4.109845522318536837e+01 1.281554782280876498e+04 5.518065476458909870e+03 3.410836186399115377e+03 2.414375502487731865e+03 1.684406153394535011e+01 1.635014487610594551e+04 5.110247064700494775e+03
-2.518977757775068937e+00 6.711651350945428931e+03 5.048363706738435576e+04 -3.760230363424695810e+01 9.043112712842670589e+03 3.410836186399115377e+03 3.417437136436598394e+03 2.905247075710884019e+03 -1.774122407302841793e+03 1.005565636726495723e+04 5.120136864066348608e+03
3.091506793964679645e+00 4.785651922555020974e+03 3.829811801993285189e+04 -3.264410921345898942e+01 6.860325801838029292e+03 2.414375502487731865e+03 2.905247075710884019e+03 3.056555242094322693e+03 -2.491310306421481528e+03 7.170049323222875501e+03 4.352753849652041026e+03
2.637182474230475027e+00 3.463633674384941514e+03 8.673689311542475480e+03 3.549097031346150999e+01 1.553714324816995713e+03 1.684406153394535011e+01 -1.774122407302841793e+03 -2.491310306421481528e+03 7.104601895935001266e+03 5.189350308966228113e+03 -2.658059000455864407e+03
-1.151111033350083446e+01 3.721488705830707477e+04 2.362339177418726322e+05 -1.017060674243488592e+02 4.231648250471115171e+04 1.635014487610594551e+04 1.005565636726495723e+04 7.170049323222875501e+03 5.189350308966228113e+03 5.575678718057928927e+04 1.506577438088655254e+04
-3.774030175956855970e+00 1.005565636726495723e+04 7.563654307636638987e+04 -5.633722972071289092e+01 1.354874220604168841e+04 5.110247064700494775e+03 5.120136864066348608e+03 4.352753849652041026e+03 -2.658059000455864407e+03 1.506577438088655254e+04 7.671187635687339935e+03
