1.1517372089829045478381885914131999015808105468750000000000000000 2.5809093110501204471063374512596055865287780761718750000000000000 13.5430190741080291871867302688769996166229248046875000000000000000 -0.0015455606026347392788905521499032147403340786695480346679687500 3.6347717067239679877843627764377743005752563476562500000000000000 0.4774688418357034280781192592257866635918617248535156250000000000 1.0389774260614061951457642862806096673011779785156250000000000000 1.8460824272110718524686490127351135015487670898437500000000000000 1.5025889942267331989000922476407140493392944335937500000000000000 4.6333472824998693795350845903158187866210937500000000000000000000 1.8652120835898844397604534606216475367546081542968750000000000000
2.5809093110501204471063374512596055865287780761718750000000000000 3574.6284669600231609365437179803848266601562500000000000000000000000 17791.4485454330824723001569509506225585937500000000000000000000000000 -7.3080472631066299982194323092699050903320312500000000000000000000 4774.9954010040182765806093811988830566406250000000000000000000000000 947.7258613127706894374568946659564971923828125000000000000000000000 1180.9332385488055479072500020265579223632812500000000000000000000000 1339.9834865347033883153926581144332885742187500000000000000000000000 972.8867379034667237647227011620998382568359375000000000000000000000 6417.3099854473175582825206220149993896484375000000000000000000000000 2120.0565971911519227433018386363983154296875000000000000000000000000
13.5430190741080291871867302688769996166229248046875000000000000000 17791.4485454330824723001569509506225585937500000000000000000000000000 92654.6691108466329751536250114440917968750000000000000000000000000000 -43.7491399955186750503344228491187095642089843750000000000000000000 24867.3185747660136257763952016830444335937500000000000000000000000000 4811.8355866245583456475287675857543945312500000000000000000000000000 6974.1223227862301428103819489479064941406250000000000000000000000000 7939.3038124599206639686599373817443847656250000000000000000000000000 3614.9547409421352313074748963117599487304687500000000000000000000000 31939.8901064748715725727379322052001953125000000000000000000000000000 12520.2116067207043670350685715675354003906250000000000000000000000000
-0.0015455606026347392788905521499032147403340786695480346679687500 -7.3080472631066299982194323092699050903320312500000000000000000000 -43.7491399955186750503344228491187095642089843750000000000000000000 0.0501581378030333396855766636690532322973012924194335937500000000 -11.7417051086661512471209789509885013103485107421875000000000000000 -4.0698365348863809742852026829496026039123535156250000000000000000 -4.3848989971405467613863038423005491495132446289062500000000000000 -4.6888613029893813077819686441216617822647094726562500000000000000 3.1520235991743317249813571834238246083259582519531250000000000000 -13.1196864538872404182257014326751232147216796875000000000000000000 -7.8719386866681775316578750789631158113479614257812500000000000000
3.6347717067239679877843627764377743005752563476562500000000000000 4774.9954010040182765806093811988830566406250000000000000000000000000 24867.3185747660136257763952016830444335937500000000000000000000000000 -11.7417051086661512471209789509885013103485107421875000000000000000 6674.0676863149183191126212477684020996093750000000000000000000000000 1291.4346315223224337387364357709884643554687500000000000000000000000 1871.7645127266434883495094254612922668457031250000000000000000000000 2130.8067802832733832474332302808761596679687500000000000000000000000 970.2072441575998027474270202219486236572265625000000000000000000000 8572.2546973916887509403750300407409667968750000000000000000000000000 3360.2633697318901795370038598775863647460937500000000000000000000000
0.4774688418357034280781192592257866635918617248535156250000000000 947.7258613127706894374568946659564971923828125000000000000000000000 4811.8355866245583456475287675857543945312500000000000000000000000000 -4.0698365348863809742852026829496026039123535156250000000000000000 1291.4346315223224337387364357709884643554687500000000000000000000000 595.0882174535792046299320645630359649658203125000000000000000000000 338.4402821692191309921327047049999237060546875000000000000000000000 278.3607386887790653418051078915596008300781250000000000000000000000 -58.7907451016935667098550766240805387496948242187500000000000000000 1701.3937782578284441115101799368858337402343750000000000000000000000 607.5809618584419240505667403340339660644531250000000000000000000000
1.0389774260614061951457642862806096673011779785156250000000000000 1180.9332385488055479072500020265579223632812500000000000000000000000 6974.1223227862301428103819489479064941406250000000000000000000000000 -4.3848989971405467613863038423005491495132446289062500000000000000 1871.7645127266434883495094254612922668457031250000000000000000000000 338.4402821692191309921327047049999237060546875000000000000000000000 683.0689982477941839533741585910320281982421875000000000000000000000 781.9838859154140209284378215670585632324218750000000000000000000000 -6.4664973244123657991622167173773050308227539062500000000000000000 2120.0565971911523774906527251005172729492187500000000000000000000000 1226.2716373802352336497278884053230285644531250000000000000000000000
1.8460824272110718524686490127351135015487670898437500000000000000 1339.9834865347033883153926581144332885742187500000000000000000000000 7939.3038124599206639686599373817443847656250000000000000000000000000 -4.6888613029893813077819686441216617822647094726562500000000000000 2130.8067802832733832474332302808761596679687500000000000000000000000 278.3607386887790653418051078915596008300781250000000000000000000000 781.9838859154140209284378215670585632324218750000000000000000000000 1035.0613734414591817767359316349029541015625000000000000000000000000 -56.8279687309075924872558971401304006576538085937500000000000000000 2405.5896963710474665276706218719482421875000000000000000000000000000 1403.8474336359620338043896481394767761230468750000000000000000000000
1.5025889942267331989000922476407140493392944335937500000000000000 972.8867379034667237647227011620998382568359375000000000000000000000 3614.9547409421352313074748963117599487304687500000000000000000000000 3.1520235991743317249813571834238246083259582519531250000000000000 970.2072441575998027474270202219486236572265625000000000000000000000 -58.7907451016935667098550766240805387496948242187500000000000000000 -6.4664973244123657991622167173773050308227539062500000000000000000 -56.8279687309075924872558971401304006576538085937500000000000000000 1130.7282637302241710131056606769561767578125000000000000000000000000 1746.5635479501167992566479369997978210449218750000000000000000000000 -11.6089037600348312651021842611953616142272949218750000000000000000
4.6333472824998693795350845903158187866210937500000000000000000000 6417.3099854473175582825206220149993896484375000000000000000000000000 31939.8901064748715725727379322052001953125000000000000000000000000000 -13.1196864538872404182257014326751232147216796875000000000000000000 8572.2546973916887509403750300407409667968750000000000000000000000000 1701.3937782578284441115101799368858337402343750000000000000000000000 2120.0565971911523774906527251005172729492187500000000000000000000000 2405.5896963710474665276706218719482421875000000000000000000000000000 1746.5635479501167992566479369997978210449218750000000000000000000000 11520.6007645164372661383822560310363769531250000000000000000000000000 3806.0068330509361658187117427587509155273437500000000000000000000000
1.8652120835898844397604534606216475367546081542968750000000000000 2120.0565971911519227433018386363983154296875000000000000000000000000 12520.2116067207043670350685715675354003906250000000000000000000000000 -7.8719386866681775316578750789631158113479614257812500000000000000 3360.2633697318901795370038598775863647460937500000000000000000000000 607.5809618584419240505667403340339660644531250000000000000000000000 1226.2716373802352336497278884053230285644531250000000000000000000000 1403.8474336359620338043896481394767761230468750000000000000000000000 -11.6089037600348312651021842611953616142272949218750000000000000000 3806.0068330509361658187117427587509155273437500000000000000000000000 2201.4498279099120736646000295877456665039062500000000000000000000000
