1.0913039597580598272230645306990481913089752197265625000000000000 2.7072010704586468854415670648450031876564025878906250000000000000 14.7943480927825987691903719678521156311035156250000000000000000000 -0.0029473607900315683741365724301886075409129261970520019531250000 3.6011327028722743825994712096871808171272277832031250000000000000 0.6110137812887768138381261451286263763904571533203125000000000000 0.9941025533733055530305477986985351890325546264648437500000000000 1.7194541034625547837322301347739994525909423828125000000000000000 1.4083577528913298060331271699396893382072448730468750000000000000 4.6213708232963224276090841158293187618255615234375000000000000000 1.6969986402766332744818100763950496912002563476562500000000000000
2.7072010704586468854415670648450031876564025878906250000000000000 3657.1019637705776403890922665596008300781250000000000000000000000000 19382.1909567018446978181600570678710937500000000000000000000000000000 -7.3011060433966381566506242961622774600982666015625000000000000000 4717.8720731564435482141561806201934814453125000000000000000000000000 977.2292391768376091931713744997978210449218750000000000000000000000 1192.3738219588478841615142300724983215332031250000000000000000000000 1297.1465603774283863458549603819847106933593750000000000000000000000 956.3316377579084246463025920093059539794921875000000000000000000000 6242.9143138325298423296771943569183349609375000000000000000000000000 2035.4607758519339313352247700095176696777343750000000000000000000000
14.7943480927825987691903719678521156311035156250000000000000000000 19382.1909567018446978181600570678710937500000000000000000000000000000 107473.0543697710236301645636558532714843750000000000000000000000000000 -46.7364560378647837524113128893077373504638671875000000000000000000 26160.3098927598002774175256490707397460937500000000000000000000000000 5311.1065607678001470048911869525909423828125000000000000000000000000 7504.8572258760059412452392280101776123046875000000000000000000000000 8195.0473250874983932590112090110778808593750000000000000000000000000 3744.2897434798665017297025769948959350585937500000000000000000000000 33086.6786203230440150946378707885742187500000000000000000000000000000 12811.2863854593888390809297561645507812500000000000000000000000000000
-0.0029473607900315683741365724301886075409129261970520019531250000 -7.3011060433966381566506242961622774600982666015625000000000000000 -46.7364560378647837524113128893077373504638671875000000000000000000 0.0477634267365523515480596472571050981059670448303222656250000000 -11.3762484969793522537884200573898851871490478515625000000000000000 -3.9347784548693973682986779749626293778419494628906250000000000000 -4.3874071338084936755308262945618480443954467773437500000000000000 -4.5567474578624977965546349878422915935516357421875000000000000000 2.9746693250656117690766677696956321597099304199218750000000000000 -12.4634696753534264246354723582044243812561035156250000000000000000 -7.4895934178504308675883294199593365192413330078125000000000000000
3.6011327028722743825994712096871808171272277832031250000000000000 4717.8720731564435482141561806201934814453125000000000000000000000000 26160.3098927598002774175256490707397460937500000000000000000000000000 -11.3762484969793522537884200573898851871490478515625000000000000000 6367.7525282813294325023889541625976562500000000000000000000000000000 1292.7909634457648735406110063195228576660156250000000000000000000000 1826.7778084574056265410035848617553710937500000000000000000000000000 1994.7788668265607157081831246614456176757812500000000000000000000000 911.4077997700075002285302616655826568603515625000000000000000000000 8053.7188703297551910509355366230010986328125000000000000000000000000 3118.4302328973276416945736855268478393554687500000000000000000000000
0.6110137812887768138381261451286263763904571533203125000000000000 977.2292391768376091931713744997978210449218750000000000000000000000 5311.1065607678001470048911869525909423828125000000000000000000000000 -3.9347784548693973682986779749626293778419494628906250000000000000 1292.7909634457648735406110063195228576660156250000000000000000000000 569.4968071588638167668250389397144317626953125000000000000000000000 351.5405542417885271788691170513629913330078125000000000000000000000 289.2129447892875759862363338470458984375000000000000000000000000000 -38.9361602641755411013946286402642726898193359375000000000000000000 1668.1947797984535100113134831190109252929687500000000000000000000000 600.1029174767518270527943968772888183593750000000000000000000000000
0.9941025533733055530305477986985351890325546264648437500000000000 1192.3738219588478841615142300724983215332031250000000000000000000000 7504.8572258760059412452392280101776123046875000000000000000000000000 -4.3874071338084936755308262945618480443954467773437500000000000000 1826.7778084574056265410035848617553710937500000000000000000000000000 351.5405542417885271788691170513629913330078125000000000000000000000 684.6136752021275242441333830356597900390625000000000000000000000000 752.4432378198060860086116008460521697998046875000000000000000000000 -18.6651009680854436112440453143790364265441894531250000000000000000 2035.4607758519339313352247700095176696777343750000000000000000000000 1168.6807080320652403315762057900428771972656250000000000000000000000
1.7194541034625547837322301347739994525909423828125000000000000000 1297.1465603774283863458549603819847106933593750000000000000000000000 8195.0473250874983932590112090110778808593750000000000000000000000000 -4.5567474578624977965546349878422915935516357421875000000000000000 1994.7788668265607157081831246614456176757812500000000000000000000000 289.2129447892875759862363338470458984375000000000000000000000000000 752.4432378198060860086116008460521697998046875000000000000000000000 958.4341354293394488195190206170082092285156250000000000000000000000 -76.2331946384608301059415680356323719024658203125000000000000000000 2214.3147522661993207293562591075897216796875000000000000000000000000 1284.4702461860172206797869876027107238769531250000000000000000000000
1.4083577528913298060331271699396893382072448730468750000000000000 956.3316377579084246463025920093059539794921875000000000000000000000 3744.2897434798665017297025769948959350585937500000000000000000000000 2.9746693250656117690766677696956321597099304199218750000000000000 911.4077997700075002285302616655826568603515625000000000000000000000 -38.9361602641755411013946286402642726898193359375000000000000000000 -18.6651009680854436112440453143790364265441894531250000000000000000 -76.2331946384608301059415680356323719024658203125000000000000000000 1075.8593414594338355527725070714950561523437500000000000000000000000 1632.5211955463780668651452288031578063964843750000000000000000000000 -31.8625587028068046890894038369879126548767089843750000000000000000
4.6213708232963224276090841158293187618255615234375000000000000000 6242.9143138325298423296771943569183349609375000000000000000000000000 33086.6786203230440150946378707885742187500000000000000000000000000000 -12.4634696753534264246354723582044243812561035156250000000000000000 8053.7188703297551910509355366230010986328125000000000000000000000000 1668.1947797984535100113134831190109252929687500000000000000000000000 2035.4607758519339313352247700095176696777343750000000000000000000000 2214.3147522661993207293562591075897216796875000000000000000000000000 1632.5211955463780668651452288031578063964843750000000000000000000000 10657.0665833095281413989141583442687988281250000000000000000000000000 3474.6658252069096306513529270887374877929687500000000000000000000000
1.6969986402766332744818100763950496912002563476562500000000000000 2035.4607758519339313352247700095176696777343750000000000000000000000 12811.2863854593888390809297561645507812500000000000000000000000000000 -7.4895934178504308675883294199593365192413330078125000000000000000 3118.4302328973276416945736855268478393554687500000000000000000000000 600.1029174767518270527943968772888183593750000000000000000000000000 1168.6807080320652403315762057900428771972656250000000000000000000000 1284.4702461860172206797869876027107238769531250000000000000000000000 -31.8625587028068046890894038369879126548767089843750000000000000000 3474.6658252069096306513529270887374877929687500000000000000000000000 1995.0150673269602066284278407692909240722656250000000000000000000000
