0.0045848638445751665332350555104312661569565534591674804687500000 0.0222839876010214599233449916937388479709625244140625000000000000 0.2611708026097068202631135136471129953861236572265625000000000000 -0.0000460191481091965865152584869157692537555703893303871154785156 0.0232979082661593471514915876241502701304852962493896484375000000 0.0066200036497773943888756065234701964072883129119873046875000000 0.0073735111927671790829630360519786336226388812065124511718750000 0.0092109048009258991801528893006434373091906309127807617187500000 0.0050226500799934225074960814083624427439644932746887207031250000 0.0278853878136902759432569354203224065713584423065185546875000000 0.0092269490918884568275704083362143137492239475250244140625000000
0.0222839876010214599233449916937388479709625244140625000000000000 22.6329059377929944218976743286475539207458496093750000000000000000 264.1919915148498034795920830219984054565429687500000000000000000000 -0.0320841066481428946466358809175289934501051902770996093750000000 23.5674153521866642790882906410843133926391601562500000000000000000 4.8696534424514883454548908048309385776519775390625000000000000000 7.3512461811245115583801634784322232007980346679687500000000000000 6.7642040182813198967437529063317924737930297851562500000000000000 4.8981637230218284528859840065706521272659301757812500000000000000 28.3220117837976665953192423330619931221008300781250000000000000000 9.1990874499126942254179084557108581066131591796875000000000000000
0.2611708026097068202631135136471129953861236572265625000000000000 264.1919915148498034795920830219984054565429687500000000000000000000 3189.5938975925305385317187756299972534179687500000000000000000000000 -0.4432439098776178587613117088039871305227279663085937500000000000 284.5297609452249503192433621734380722045898437500000000000000000000 58.2412737655480512444228224921971559524536132812500000000000000000 99.4386380798557638627244159579277038574218750000000000000000000000 90.7847336998659244500231579877436161041259765625000000000000000000 44.8340027935269560543929401319473981857299804687500000000000000000 330.6004415621314365125726908445358276367187500000000000000000000000 124.4339673925712759228190407156944274902343750000000000000000000000
-0.0000460191481091965865152584869157692537555703893303871154785156 -0.0320841066481428946466358809175289934501051902770996093750000000 -0.4432439098776178587613117088039871305227279663085937500000000000 0.0001278142250415579726178366692934673665149603039026260375976562 -0.0395398560967577805680406299870810471475124359130859375000000000 -0.0120267736860532950537994167916622245684266090393066406250000000 -0.0192821444500875793792715739982668310403823852539062500000000000 -0.0168448955073308738461523859086810261942446231842041015625000000 0.0066778553308228568580195982917757646646350622177124023437500000 -0.0401489074827098002540282095651491545140743255615234375000000000 -0.0241289882895842633381278119486523792147636413574218750000000000
0.0232979082661593471514915876241502701304852962493896484375000000 23.5674153521866642790882906410843133926391601562500000000000000000 284.5297609452249503192433621734380722045898437500000000000000000000 -0.0395398560967577805680406299870810471475124359130859375000000000 25.3816590647017505943949799984693527221679687500000000000000000000 5.1954500270911205817014888452831655740737915039062500000000000000 8.8704872250149229273574746912345290184020996093750000000000000000 8.0985101572321394058917576330713927745819091796875000000000000000 3.9994458563167918363490116462344303727149963378906250000000000000 29.4914235561645483585380134172737598419189453125000000000000000000 11.1002115417883242542984589817933738231658935546875000000000000000
0.0066200036497773943888756065234701964072883129119873046875000000 4.8696534424514883454548908048309385776519775390625000000000000000 58.2412737655480512444228224921971559524536132812500000000000000000 -0.0120267736860532950537994167916622245684266090393066406250000000 5.1954500270911205817014888452831655740737915039062500000000000000 1.8996955389447067741315322564332745969295501708984375000000000000 1.7619511263186338201336411657393909990787506103515625000000000000 1.3712602377115579166400038957362994551658630371093750000000000000 0.2329795628650857541863672395265894010663032531738281250000000000 6.0937107483764298976325335388537496328353881835937500000000000000 2.2048428380884272925754885363858193159103393554687500000000000000
0.0073735111927671790829630360519786336226388812065124511718750000 7.3512461811245115583801634784322232007980346679687500000000000000 99.4386380798557638627244159579277038574218750000000000000000000000 -0.0192821444500875793792715739982668310403823852539062500000000000 8.8704872250149229273574746912345290184020996093750000000000000000 1.7619511263186338201336411657393909990787506103515625000000000000 4.1447705457222667746464139781892299652099609375000000000000000000 3.7218438044703439082638851687079295516014099121093750000000000000 -0.0002766311810586792813496104237458439456531777977943420410156250 9.1990874499126942254179084557108581066131591796875000000000000000 5.1866181284775141335785519913770258426666259765625000000000000000
0.0092109048009258991801528893006434373091906309127807617187500000 6.7642040182813198967437529063317924737930297851562500000000000000 90.7847336998659244500231579877436161041259765625000000000000000000 -0.0168448955073308738461523859086810261942446231842041015625000000 8.0985101572321394058917576330713927745819091796875000000000000000 1.3712602377115579166400038957362994551658630371093750000000000000 3.7218438044703439082638851687079295516014099121093750000000000000 3.7185046471370446496962358651217073202133178710937500000000000000 -0.0985752522607716563651791830125148408114910125732421875000000000 8.4644838113287477199264685623347759246826171875000000000000000000 4.6573826788917536134704278083518147468566894531250000000000000000
0.0050226500799934225074960814083624427439644932746887207031250000 4.8981637230218284528859840065706521272659301757812500000000000000 44.8340027935269560543929401319473981857299804687500000000000000000 0.0066778553308228568580195982917757646646350622177124023437500000 3.9994458563167918363490116462344303727149963378906250000000000000 0.2329795628650857541863672395265894010663032531738281250000000000 -0.0002766311810586792813496104237458439456531777977943420410156250 -0.0985752522607716563651791830125148408114910125732421875000000000 3.6129692485104314414456894155591726303100585937500000000000000000 6.1293874972875910245306840806733816862106323242187500000000000000 -0.0003461663999860314575029995864952070405706763267517089843750000
0.0278853878136902759432569354203224065713584423065185546875000000 28.3220117837976665953192423330619931221008300781250000000000000000 330.6004415621314365125726908445358276367187500000000000000000000000 -0.0401489074827098002540282095651491545140743255615234375000000000 29.4914235561645483585380134172737598419189453125000000000000000000 6.0937107483764298976325335388537496328353881835937500000000000000 9.1990874499126942254179084557108581066131591796875000000000000000 8.4644838113287477199264685623347759246826171875000000000000000000 6.1293874972875910245306840806733816862106323242187500000000000000 35.4411560621628538569893862586468458175659179687500000000000000000 11.5114101508972339615866076201200485229492187500000000000000000000
0.0092269490918884568275704083362143137492239475250244140625000000 9.1990874499126942254179084557108581066131591796875000000000000000 124.4339673925712759228190407156944274902343750000000000000000000000 -0.0241289882895842633381278119486523792147636413574218750000000000 11.1002115417883242542984589817933738231658935546875000000000000000 2.2048428380884272925754885363858193159103393554687500000000000000 5.1866181284775141335785519913770258426666259765625000000000000000 4.6573826788917536134704278083518147468566894531250000000000000000 -0.0003461663999860314575029995864952070405706763267517089843750000 11.5114101508972339615866076201200485229492187500000000000000000000 6.4903490588678236505870700057130306959152221679687500000000000000
