9.643098961159680682e-01 -2.152630585882676861e+00 -1.383386885278296852e+01 7.065684099150605288e-03 -2.579743634468770974e+00 -1.155474205602540883e+00 -7.028997068444432506e-01 8.799244604406784021e-01 7.539946854628876149e-01 -3.273627453660553854e+00 -1.068939460670350172e+00
-2.152630585882676861e+00 6.901296360291095880e+03 4.246537294448775356e+04 -1.892148226543999101e+01 7.918954321794549287e+03 3.049476798463897012e+03 1.859439908994732377e+03 1.339649917112961475e+03 9.894979338948360237e+02 1.049519289517702964e+04 2.827755758204678386e+03
-1.383386885278296852e+01 4.246537294448775356e+04 2.715087734021148062e+05 -1.422045413340776179e+02 5.063103007121721748e+04 1.938669130745076109e+04 1.357480736069285376e+04 1.040439476022403687e+04 2.466858339952272217e+03 6.457950175599067006e+04 2.064397967099200469e+04
7.065684099150605288e-03 -1.892148226543999101e+01 -1.422045413340776179e+02 1.436427774930754964e-01 -2.651834162974144249e+01 -1.155962290601211251e+01 -1.048414843481871017e+01 -9.188206023553478374e+00 9.951818980804144843e+00 -2.877497152289916826e+01 -1.594383930506203484e+01
-2.579743634468770974e+00 7.918954321794549287e+03 5.063103007121721748e+04 -2.651834162974144249e+01 9.441688288561708760e+03 3.615235479389849843e+03 2.531433776809464689e+03 1.940214370890804275e+03 4.600204156444528962e+02 1.204280309037822371e+04 3.849694956131578692e+03
-1.155474205602540883e+00 3.049476798463897012e+03 1.938669130745076109e+04 -1.155962290601211251e+01 3.615235479389849843e+03 1.554550474978381317e+03 9.517087809984882369e+02 6.796762983200384269e+02 1.044911249556706245e+01 4.637512368458197670e+03 1.447317535019118623e+03
-7.028997068444432506e-01 1.859439908994732377e+03 1.357480736069285376e+04 -1.048414843481871017e+01 2.531433776809464689e+03 9.517087809984882369e+02 9.467450420888632152e+02 8.125434769720859549e+02 -4.901882108139594720e+02 2.827755758204678386e+03 1.439768895659481814e+03
8.799244604406784021e-01 1.339649917112961475e+03 1.040439476022403687e+04 -9.188206023553478374e+00 1.940214370890804275e+03 6.796762983200384269e+02 8.125434769720859549e+02 8.647997485332811038e+02 -6.989328079675156005e+02 2.037281629145310717e+03 1.235680962146099773e+03
7.539946854628876149e-01 9.894979338948360237e+02 2.466858339952272217e+03 9.951818980804144843e+00 4.600204156444528962e+02 1.044911249556706245e+01 -4.901882108139594720e+02 -6.989328079675156005e+02 2.007446984282685207e+03 1.504785643659475454e+03 -7.454570212395875615e+02
-3.273627453660553854e+00 1.049519289517702964e+04 6.457950175599067006e+04 -2.877497152289916826e+01 1.204280309037822371e+04 4.637512368458197670e+03 2.827755758204678386e+03 2.037281629145310717e+03 1.504785643659475454e+03 1.596063524249643160e+04 4.300328603994898003e+03
-1.068939460670350172e+00 2.827755758204678386e+03 2.064397967099200469e+04 -1.594383930506203484e+01 3.849694956131578692e+03 1.447317535019118623e+03 1.439768895659481814e+03 1.235680962146099773e+03 -7.454570212395875615e+02 4.300328603994898003e+03 2.189538239709054778e+03
