0.9293247317966029097391356117441318929195404052734375000000000000 2.2420417799748251219682515511522069573402404785156250000000000000 13.5749361874857186194276437163352966308593750000000000000000000000 -0.0026025480885820064143321150851306811091490089893341064453125000 2.7684399681753206756695817603031173348426818847656250000000000000 0.4868430727113802203298575932421954348683357238769531250000000000 0.7523993024339944435396887456590775400400161743164062500000000000 1.3930693714366462199194529603119008243083953857421875000000000000 1.1814497999761712776489730458706617355346679687500000000000000000 3.5327976063409671780846110777929425239562988281250000000000000000 1.1855597332719072234397117426851764321327209472656250000000000000
2.2420417799748251219682515511522069573402404785156250000000000000 3571.0421638420621093246154487133026123046875000000000000000000000000 21317.2407083205325761809945106506347656250000000000000000000000000000 -6.9084473019540091343060339568182826042175292968750000000000000000 4347.3870059538794521358795464038848876953125000000000000000000000000 980.2061226790381169848842546343803405761718750000000000000000000000 1130.9436972943997261609183624386787414550781250000000000000000000000 1144.8857053545773396763252094388008117675781250000000000000000000000 864.0754447552961892142775468528270721435546875000000000000000000000 5626.9108458387236169073730707168579101562500000000000000000000000000 1782.0342254072181731316959485411643981933593750000000000000000000000
13.5749361874857186194276437163352966308593750000000000000000000000 21317.2407083205325761809945106506347656250000000000000000000000000000 132988.6249246910447254776954650878906250000000000000000000000000000000 -50.0115182080921556462271837517619132995605468750000000000000000000 27121.3816013069554173853248357772827148437500000000000000000000000000 6029.8082475991723185870796442031860351562500000000000000000000000000 8022.0432454875417533912695944309234619140625000000000000000000000000 8162.9876877349688584217801690101623535156250000000000000000000000000 3737.6649833898404722276609390974044799804687500000000000000000000000 33589.6938321080742753110826015472412109375000000000000000000000000000 12640.3778148774399596732109785079956054687500000000000000000000000000
-0.0026025480885820064143321150851306811091490089893341064453125000 -6.9084473019540091343060339568182826042175292968750000000000000000 -50.0115182080921556462271837517619132995605468750000000000000000000 0.0423865183317232857573841897647071164101362228393554687500000000 -10.1992292239315354152040526969358325004577636718750000000000000000 -3.5623520839187370334855131659423932433128356933593750000000000000 -4.1314400428725930325413173704873770475387573242187500000000000000 -4.0620283800078045288728390005417168140411376953125000000000000000 2.6298981568688519772081235714722424745559692382812500000000000000 -10.8856785408119716151986722252331674098968505859375000000000000000 -6.5099328766145490021699515637010335922241210937500000000000000000
2.7684399681753206756695817603031173348426818847656250000000000000 4347.3870059538794521358795464038848876953125000000000000000000000000 27121.3816013069554173853248357772827148437500000000000000000000000000 -10.1992292239315354152040526969358325004577636718750000000000000000 5531.0695962173485895618796348571777343750000000000000000000000000000 1229.7046499913274146820185706019401550292968750000000000000000000000 1635.9962831878272027097409591078758239746093750000000000000000000000 1664.7401551162754458346171304583549499511718750000000000000000000000 762.2504433726024899442563764750957489013671875000000000000000000000 6850.2016981343413135618902742862701416015625000000000000000000000000 2577.8483723410226957639679312705993652343750000000000000000000000000
0.4868430727113802203298575932421954348683357238769531250000000000 980.2061226790381169848842546343803405761718750000000000000000000000 6029.8082475991723185870796442031860351562500000000000000000000000000 -3.5623520839187370334855131659423932433128356933593750000000000000 1229.7046499913274146820185706019401550292968750000000000000000000000 510.9026793112980726618843618780374526977539062500000000000000000000 349.9785970684646372319548390805721282958984375000000000000000000000 282.2068930006680602673441171646118164062500000000000000000000000000 -8.6435638327184243223655357724055647850036621093750000000000000000 1544.5161971781581087270751595497131347656250000000000000000000000000 551.4632069023820122311008162796497344970703125000000000000000000000
0.7523993024339944435396887456590775400400161743164062500000000000 1130.9436972943997261609183624386787414550781250000000000000000000000 8022.0432454875417533912695944309234619140625000000000000000000000000 -4.1314400428725930325413173704873770475387573242187500000000000000 1635.9962831878272027097409591078758239746093750000000000000000000000 349.9785970684646372319548390805721282958984375000000000000000000000 639.7616915740505874055088497698307037353515625000000000000000000000 656.9656395943478628396405838429927825927734375000000000000000000000 -41.0678788396001976934712729416787624359130859375000000000000000000 1782.0342254072181731316959485411643981933593750000000000000000000000 1008.0760282026642471464583650231361389160156250000000000000000000000
1.3930693714366462199194529603119008243083953857421875000000000000 1144.8857053545773396763252094388008117675781250000000000000000000000 8162.9876877349688584217801690101623535156250000000000000000000000000 -4.0620283800078045288728390005417168140411376953125000000000000000 1664.7401551162754458346171304583549499511718750000000000000000000000 282.2068930006680602673441171646118164062500000000000000000000000000 656.9656395943478628396405838429927825927734375000000000000000000000 785.3728599420688851751037873327732086181640625000000000000000000000 -99.2907087891027657633458147756755352020263671875000000000000000000 1804.0027244523764693440170958638191223144531250000000000000000000000 1035.1843840453475422691553831100463867187500000000000000000000000000
1.1814497999761712776489730458706617355346679687500000000000000000 864.0754447552961892142775468528270721435546875000000000000000000000 3737.6649833898404722276609390974044799804687500000000000000000000000 2.6298981568688519772081235714722424745559692382812500000000000000 762.2504433726024899442563764750957489013671875000000000000000000000 -8.6435638327184243223655357724055647850036621093750000000000000000 -41.0678788396001976934712729416787624359130859375000000000000000000 -99.2907087891027657633458147756755352020263671875000000000000000000 934.2202223345686888933414593338966369628906250000000000000000000000 1361.5284470585527287767035886645317077636718750000000000000000000000 -64.7108833376287577721086563542485237121582031250000000000000000000
3.5327976063409671780846110777929425239562988281250000000000000000 5626.9108458387236169073730707168579101562500000000000000000000000000 33589.6938321080742753110826015472412109375000000000000000000000000000 -10.8856785408119716151986722252331674098968505859375000000000000000 6850.2016981343413135618902742862701416015625000000000000000000000000 1544.5161971781581087270751595497131347656250000000000000000000000000 1782.0342254072181731316959485411643981933593750000000000000000000000 1804.0027244523764693440170958638191223144531250000000000000000000000 1361.5284470585527287767035886645317077636718750000000000000000000000 8866.3544742222802597098052501678466796875000000000000000000000000000 2807.9611638668880004843231290578842163085937500000000000000000000000
1.1855597332719072234397117426851764321327209472656250000000000000 1782.0342254072181731316959485411643981933593750000000000000000000000 12640.3778148774399596732109785079956054687500000000000000000000000000 -6.5099328766145490021699515637010335922241210937500000000000000000 2577.8483723410226957639679312705993652343750000000000000000000000000 551.4632069023820122311008162796497344970703125000000000000000000000 1008.0760282026642471464583650231361389160156250000000000000000000000 1035.1843840453475422691553831100463867187500000000000000000000000000 -64.7108833376287577721086563542485237121582031250000000000000000000 2807.9611638668880004843231290578842163085937500000000000000000000000 1588.4309611233336454461095854640007019042968750000000000000000000000
