6.460862723848065592e+00 -1.559203534949260117e+01 -1.204555687067842342e+02 9.153821233830038151e-02 -1.719443622475161604e+01 -1.150526441641918218e+01 -4.598422991066176913e+00 4.490270592856520970e+00 8.221918141869377195e+00 -2.170139159924571004e+01 -6.400202143676470001e+00
-1.559203534949260117e+01 3.578905547744788055e+04 2.723440321437883540e+05 -6.637097010208334780e+01 3.887576259165781812e+04 1.123048190176234675e+04 9.826402303612478136e+03 8.628065374509666071e+03 7.368776316986737584e+03 4.981211820485654607e+04 1.367663679709168537e+04
-1.204555687067842342e+02 2.723440321437883540e+05 2.155049286459328607e+06 -6.186337878172768114e+02 3.076226189875967102e+05 8.849180226570574450e+04 8.930100043447437929e+04 7.878826492724609852e+04 3.885307778791482997e+04 3.790553547880620463e+05 1.242914050150616094e+05
9.153821233830038151e-02 -6.637097010208334780e+01 -6.186337878172768114e+02 3.753330378202128226e-01 -8.830691121465426363e+01 -3.290803035217761163e+01 -3.819602991325673003e+01 -3.349772077477258847e+01 2.339389769106897887e+01 -9.237680525487095906e+01 -5.316220647941665334e+01
-1.719443622475161604e+01 3.887576259165781812e+04 3.076226189875967102e+05 -8.830691121465426363e+01 4.391160624834928603e+04 1.263176677348009980e+04 1.274727580685611065e+04 1.124663484714481820e+04 5.546084546624938412e+03 5.410827571964997333e+04 1.774198287186271045e+04
-1.150526441641918218e+01 1.123048190176234675e+04 8.849180226570574450e+04 -3.290803035217761163e+01 1.263176677348009980e+04 4.916055172587069137e+03 3.616566476452845563e+03 2.752309957677413422e+03 5.934253267546723691e+02 1.563087051404855993e+04 5.033629259489949618e+03
-4.598422991066176913e+00 9.826402303612478136e+03 8.930100043447437929e+04 -3.819602991325673003e+01 1.274727580685611065e+04 3.616566476452845563e+03 5.252401769540995701e+03 4.678271294727246641e+03 -1.005362881297845661e+03 1.367663679709168537e+04 7.310426450584576742e+03
4.490270592856520970e+00 8.628065374509666071e+03 7.878826492724609852e+04 -3.349772077477258847e+01 1.124663484714481820e+04 2.752309957677413422e+03 4.678271294727246641e+03 4.966344895021434240e+03 -1.428886500540902489e+03 1.200876096283480911e+04 6.511337044761779907e+03
8.221918141869377195e+00 7.368776316986737584e+03 3.885307778791482997e+04 2.339389769106897887e+01 5.546084546624938412e+03 5.934253267546723691e+02 -1.005362881297845661e+03 -1.428886500540902489e+03 7.526148892141314718e+03 1.025605040507947160e+04 -1.399289643548720960e+03
-2.170139159924571004e+01 4.981211820485654607e+04 3.790553547880620463e+05 -9.237680525487095906e+01 5.410827571964997333e+04 1.563087051404855993e+04 1.367663679709168537e+04 1.200876096283480911e+04 1.025605040507947160e+04 6.932977378009136009e+04 1.903549114926803304e+04
-6.400202143676470001e+00 1.367663679709168537e+04 1.242914050150616094e+05 -5.316220647941665334e+01 1.774198287186271045e+04 5.033629259489949618e+03 7.310426450584576742e+03 6.511337044761779907e+03 -1.399289643548720960e+03 1.903549114926803304e+04 1.017483757608224732e+04
