4.305686058979133257e+00 -4.151650927508828204e+01 -3.068642075959244835e+02 1.885835187806539914e-01 -4.689133462289081677e+01 -2.348576933595113658e+01 -1.280418458190977482e+01 -2.031597770791066182e+00 7.947927743298147440e+00 -5.896918897955318073e+01 -1.818679830080952797e+01
-4.151650927508828204e+01 2.941113682240574417e+04 2.130275654927076248e+05 -7.125547895045617963e+01 3.255233621306511122e+04 1.177019085429321785e+04 8.269393003143399255e+03 5.932884611664495424e+03 4.550560629255031927e+03 4.177496893807075685e+04 1.174567436576761793e+04
-3.068642075959244835e+02 2.130275654927076248e+05 1.599906735666413093e+06 -6.231598622140801353e+02 2.444786985595223960e+05 8.783196160140937718e+04 7.035618742006675166e+04 5.328282393143941590e+04 1.715555364587072472e+04 3.025799371560219442e+05 9.993246986071314313e+04
1.885835187806539914e-01 -7.125547895045617963e+01 -6.231598622140801353e+02 4.572805584046158445e-01 -9.522387068716923864e+01 -3.906949272476173718e+01 -3.970423715876825810e+01 -3.378671079547469702e+01 3.016511765450302462e+01 -1.012098049047522750e+02 -5.639507524081032130e+01
-4.689133462289081677e+01 3.255233621306511122e+04 2.444786985595223960e+05 -9.522387068716923864e+01 3.735832390533797297e+04 1.342143462837431616e+04 1.075099488777585248e+04 8.142046758062129811e+03 2.621507450972469087e+03 4.623666342357986287e+04 1.527049022967541350e+04
-2.348576933595113658e+01 1.177019085429321785e+04 8.783196160140937718e+04 -3.906949272476173718e+01 1.342143462837431616e+04 5.464670203470667730e+03 3.783314458858289981e+03 2.670464268239614285e+03 3.514315529586945672e+02 1.671813504871669647e+04 5.373741414896833703e+03
-1.280418458190977482e+01 8.269393003143399255e+03 7.035618742006675166e+04 -3.970423715876825810e+01 1.075099488777585248e+04 3.783314458858289981e+03 4.247057841446233397e+03 3.562584493094502704e+03 -1.624519651744589055e+03 1.174567436576761793e+04 6.032432900364635316e+03
-2.031597770791066182e+00 5.932884611664495424e+03 5.328282393143941590e+04 -3.378671079547469702e+01 8.142046758062129811e+03 2.670464268239614285e+03 3.562584493094502704e+03 3.609753761826995287e+03 -2.375230709116220169e+03 8.426946291196409220e+03 5.060221148095757599e+03
7.947927743298147440e+00 4.550560629255031927e+03 1.715555364587072472e+04 3.016511765450302462e+01 2.621507450972469087e+03 3.514315529586945672e+02 -1.624519651744589055e+03 -2.375230709116220169e+03 7.092013013460520597e+03 6.463521967403744384e+03 -2.307434030880980572e+03
-5.896918897955318073e+01 4.177496893807075685e+04 3.025799371560219442e+05 -1.012098049047522750e+02 4.623666342357986287e+04 1.671813504871669647e+04 1.174567436576761793e+04 8.426946291196409220e+03 6.463521967403744384e+03 5.933629972600387555e+04 1.668331233673476891e+04
-1.818679830080952797e+01 1.174567436576761793e+04 9.993246986071314313e+04 -5.639507524081032130e+01 1.527049022967541350e+04 5.373741414896833703e+03 6.032432900364635316e+03 5.060221148095757599e+03 -2.307434030880980572e+03 1.668331233673476891e+04 8.568342616452302536e+03
