# A b_HI Tb sigma_NL sigma8tot n_s f DA H omegak omegaDE w0 wa h gamma sigma_8 fs8 bs8 pk0 pk1 pk2 pk3 pk4 pk5 pk6 pk7 pk8 pk9 pk10 pk11 pk12 pk13 pk14 pk15 pk16 pk17 pk18 pk19 pk20 pk21 pk22 pk23 pk24 pk25 pk26 pk27 pk28 pk29 pk30 pk31 pk32 pk33 pk34 pk35 pk36 pk37 pk38 pk39 pk40 pk41 pk42 pk43 pk44 pk45 pk46 pk47 pk48 pk49 pk50 pk51 pk52 pk53 pk54 pk55 pk56 pk57 pk58 pk59 pk60 pk61 pk62 pk63 pk64 pk65 pk66 pk67 pk68 pk69 pk70 pk71 pk72 pk73 pk74 pk75 pk76 pk77 pk78 pk79 pk80 pk81 pk82 pk83 pk84 pk85 pk86 pk87 pk88 pk89
7.865328035526816031e+00 -8.058431490217069282e+00 -5.866272136021699168e+01 7.138977227498072287e-02 -9.106725195428444053e+00 -8.657612128341565239e+00 -2.454726526680099497e+00 -6.957227496287228696e+00 1.212794270643265016e+01 3.080109420966647527e+00 -7.716708362994752157e+00 3.951829240758246264e+00 4.799161557122864630e-01 2.501905502331537434e+01 2.821657388401443090e+00 -6.739444514251613505e+00 -1.150232800633078334e+01 -3.503792234257136595e+00 0.000000000000000000e+00 0.000000000000000000e+00 0.000000000000000000e+00 0.000000000000000000e+00 0.000000000000000000e+00 0.000000000000000000e+00 0.000000000000000000e+00 0.000000000000000000e+00 0.000000000000000000e+00 -3.836457379748707976e-23 8.743332040281076791e-19 -8.241621965903751659e-18 -5.121863724893688382e-17 7.253312210522489859e-17 7.371196628038032487e-17 -6.120803950072806746e-17 -7.271647360272955951e-16 -5.350212978995660629e-16 -1.062384962505111634e-15 1.096569866532983943e-15 -6.079033567229442251e-15 -1.899570003562424279e-15 -1.600946150760813956e-15 -7.218025293383647203e-15 -1.528376259615014106e-14 -1.201280687036486574e-14 -4.649838836768301065e-02 -1.030301746103018834e+00 -2.564866719661404115e+00 -3.150783424519264297e+00 -7.026667672563012834e-01 5.778077895190842028e+00 1.283188589345822628e+01 1.010957871649847206e+01 -9.565824464944849836e+00 -2.567859005250933890e+01 6.713403349259589037e-01 3.504870345925475306e+01 -4.569452419209029337e+00 -3.220606309462337435e+01 2.588324665686067760e+01 -7.209350640290233869e+00 -7.396600855625251825e+00 0.000000000000000000e+00 0.000000000000000000e+00 0.000000000000000000e+00 0.000000000000000000e+00 0.000000000000000000e+00 0.000000000000000000e+00 0.000000000000000000e+00 0.000000000000000000e+00 0.000000000000000000e+00 0.000000000000000000e+00 0.000000000000000000e+00 0.000000000000000000e+00 0.000000000000000000e+00 0.000000000000000000e+00 0.000000000000000000e+00 0.000000000000000000e+00 0.000000000000000000e+00 0.000000000000000000e+00 0.000000000000000000e+00 0.000000000000000000e+00 0.000000000000000000e+00 0.000000000000000000e+00 0.000000000000000000e+00 0.000000000000000000e+00 0.000000000000000000e+00 0.000000000000000000e+00 0.000000000000000000e+00 0.000000000000000000e+00 0.000000000000000000e+00 0.000000000000000000e+00 0.000000000000000000e+00 0.000000000000000000e+00 0.000000000000000000e+00 0.000000000000000000e+00 0.000000000000000000e+00 0.000000000000000000e+00 0.000000000000000000e+00 0.000000000000000000e+00 0.000000000000000000e+00 0.000000000000000000e+00 0.000000000000000000e+00 0.000000000000000000e+00 0.000000000000000000e+00 0.000000000000000000e+00 0.000000000000000000e+00 0.000000000000000000e+00 0.000000000000000000e+00
-8.058431490217069282e+00 4.194167968049817864e+04 2.991454029400161817e+05 -8.015793540177510579e+01 4.643894648736710224e+04 1.327438760723118685e+04 1.162967767636566168e+04 -1.020559096128020428e+04 1.095075683932818174e+04 4.734906922895656317e+04 1.262958380221622974e+03 -2.869079284846576229e+03 -4.520877371895841748e+02 2.854004440570864244e+04 -1.468586665979788268e+04 3.507675450047381310e+04 5.986611134030417452e+04 1.659980200909509222e+04 0.000000000000000000e+00 0.000000000000000000e+00 0.000000000000000000e+00 0.000000000000000000e+00 0.000000000000000000e+00 0.000000000000000000e+00 0.000000000000000000e+00 0.000000000000000000e+00 0.000000000000000000e+00 6.598764706830980416e-08 1.168473896677673686e-03 1.511225616888494348e-02 5.560036861979146539e-02 1.368345866413613887e-01 2.808550680256647891e-01 5.251961644794375106e-01 9.133720017477574560e-01 1.519678640303202766e+00 2.456970307252299257e+00 3.878681740549735135e+00 5.989550002130601847e+00 9.091216551465629792e+00 1.371831652796383949e+01 2.035101116767957663e+01 2.983931720835562018e+01 4.334793600549252801e+01 6.249921634448794805e+01 8.908987862224071819e+01 1.261284822550640712e+02 1.789182543222558479e+02 2.532104594311699657e+02 3.561598419055572435e+02 4.927443493993418997e+02 6.621329162436222759e+02 8.548859601809716651e+02 1.092480002386935439e+03 1.432719434139902432e+03 1.829972273143591565e+03 2.113153583100498054e+03 2.343056175422669185e+03 2.664877163184586152e+03 2.636827860081135441e+03 2.047435802517517004e+03 0.000000000000000000e+00 0.000000000000000000e+00 0.000000000000000000e+00 0.000000000000000000e+00 0.000000000000000000e+00 0.000000000000000000e+00 0.000000000000000000e+00 0.000000000000000000e+00 0.000000000000000000e+00 0.000000000000000000e+00 0.000000000000000000e+00 0.000000000000000000e+00 0.000000000000000000e+00 0.000000000000000000e+00 0.000000000000000000e+00 0.000000000000000000e+00 0.000000000000000000e+00 0.000000000000000000e+00 0.000000000000000000e+00 0.000000000000000000e+00 0.000000000000000000e+00 0.000000000000000000e+00 0.000000000000000000e+00 0.000000000000000000e+00 0.000000000000000000e+00 0.000000000000000000e+00 0.000000000000000000e+00 0.000000000000000000e+00 0.000000000000000000e+00 0.000000000000000000e+00 0.000000000000000000e+00 0.000000000000000000e+00 0.000000000000000000e+00 0.000000000000000000e+00 0.000000000000000000e+00 0.000000000000000000e+00 0.000000000000000000e+00 0.000000000000000000e+00 0.000000000000000000e+00 0.000000000000000000e+00 0.000000000000000000e+00 0.000000000000000000e+00 0.000000000000000000e+00 0.000000000000000000e+00 0.000000000000000000e+00 0.000000000000000000e+00 0.000000000000000000e+00
-5.866272136021699168e+01 2.991454029400161817e+05 2.221309537863645703e+06 -7.009351206422580844e+02 3.448332274101914372e+05 9.804315507654857356e+04 9.922302625690386049e+04 -8.762128884659000323e+04 5.367872849721616512e+04 3.341621290203715325e+05 1.467371328415514836e+04 -2.266092980576430637e+04 -3.585388301194931046e+03 1.969039793929816224e+05 -1.047456738245826273e+05 2.501819178155439440e+05 4.269898615356180817e+05 1.416275357274192502e+05 0.000000000000000000e+00 0.000000000000000000e+00 0.000000000000000000e+00 0.000000000000000000e+00 0.000000000000000000e+00 0.000000000000000000e+00 0.000000000000000000e+00 0.000000000000000000e+00 0.000000000000000000e+00 7.236219069968798478e-07 1.215494474733041542e-02 1.497897438720231789e-01 5.267169242091794823e-01 1.247559766030590378e+00 2.479493661614073474e+00 4.509045468031135151e+00 7.659216401556056653e+00 1.248814790409008069e+01 1.984008573149096932e+01 3.085240398175798759e+01 4.703466735597562831e+01 7.063162927142955994e+01 1.055603800196777797e+02 1.553837348293137950e+02 2.263636766878371418e+02 3.271413551926513605e+02 4.697458077868197392e+02 6.675265324245740430e+02 9.429851402365572994e+02 1.335189574096824344e+03 1.886754499316653892e+03 2.650869705577998957e+03 3.667026947057800498e+03 4.934759889996480524e+03 6.389904783293221044e+03 8.187992736888579202e+03 1.074174980221204896e+04 1.372270494125485311e+04 1.585718119871974886e+04 1.754306816668933243e+04 1.978529120547212733e+04 1.931494386136554022e+04 1.471091822578102619e+04 0.000000000000000000e+00 0.000000000000000000e+00 0.000000000000000000e+00 0.000000000000000000e+00 0.000000000000000000e+00 0.000000000000000000e+00 0.000000000000000000e+00 0.000000000000000000e+00 0.000000000000000000e+00 0.000000000000000000e+00 0.000000000000000000e+00 0.000000000000000000e+00 0.000000000000000000e+00 0.000000000000000000e+00 0.000000000000000000e+00 0.000000000000000000e+00 0.000000000000000000e+00 0.000000000000000000e+00 0.000000000000000000e+00 0.000000000000000000e+00 0.000000000000000000e+00 0.000000000000000000e+00 0.000000000000000000e+00 0.000000000000000000e+00 0.000000000000000000e+00 0.000000000000000000e+00 0.000000000000000000e+00 0.000000000000000000e+00 0.000000000000000000e+00 0.000000000000000000e+00 0.000000000000000000e+00 0.000000000000000000e+00 0.000000000000000000e+00 0.000000000000000000e+00 0.000000000000000000e+00 0.000000000000000000e+00 0.000000000000000000e+00 0.000000000000000000e+00 0.000000000000000000e+00 0.000000000000000000e+00 0.000000000000000000e+00 0.000000000000000000e+00 0.000000000000000000e+00 0.000000000000000000e+00 0.000000000000000000e+00 0.000000000000000000e+00 0.000000000000000000e+00
7.138977227498072287e-02 -8.015793540177510579e+01 -7.009351206422580844e+02 4.736435542333238269e-01 -1.088122639984175066e+02 -4.086931731026306380e+01 -4.621141899143783149e+01 4.047235904072624635e+01 3.738420277334380160e+01 -7.370370000443743663e+01 -1.937058291303078406e+01 1.247259698266030803e+01 1.875894707953469798e+00 -1.676514569792493958e+01 2.806727722882601483e+01 -6.703785453447788711e+01 -1.144146806262237561e+02 -6.596059041052703265e+01 0.000000000000000000e+00 0.000000000000000000e+00 0.000000000000000000e+00 0.000000000000000000e+00 0.000000000000000000e+00 0.000000000000000000e+00 0.000000000000000000e+00 0.000000000000000000e+00 0.000000000000000000e+00 -5.344612728192567128e-13 -9.495717857791294943e-09 -1.276657680628613114e-07 -5.086635395244761072e-07 -1.391923805384149371e-06 -3.243084626351012835e-06 -7.026394549257729890e-06 -1.431155928528839430e-05 -2.814345377480275537e-05 -5.438652806687641067e-05 -1.035709537715448015e-04 -1.938275586447268451e-04 -3.586817664885654519e-04 -6.658138416559299718e-04 -1.219438248392829081e-03 -2.214968854769070513e-03 -4.009505965091427794e-03 -7.256336576673659729e-03 -1.299500062723275839e-02 -2.317295614937523590e-02 -4.162227370339646737e-02 -7.459340644138323650e-02 -1.327778301151235352e-01 -2.333648913786288692e-01 -4.030186338829079284e-01 -6.706637526665475413e-01 -1.103132991122270701e+00 -1.846603399353435870e+00 -3.002934835038968853e+00 -4.409015088423505091e+00 -6.146025111579925593e+00 -8.555688121905658861e+00 -1.001157572322511591e+01 -8.699299292495375369e+00 0.000000000000000000e+00 0.000000000000000000e+00 0.000000000000000000e+00 0.000000000000000000e+00 0.000000000000000000e+00 0.000000000000000000e+00 0.000000000000000000e+00 0.000000000000000000e+00 0.000000000000000000e+00 0.000000000000000000e+00 0.000000000000000000e+00 0.000000000000000000e+00 0.000000000000000000e+00 0.000000000000000000e+00 0.000000000000000000e+00 0.000000000000000000e+00 0.000000000000000000e+00 0.000000000000000000e+00 0.000000000000000000e+00 0.000000000000000000e+00 0.000000000000000000e+00 0.000000000000000000e+00 0.000000000000000000e+00 0.000000000000000000e+00 0.000000000000000000e+00 0.000000000000000000e+00 0.000000000000000000e+00 0.000000000000000000e+00 0.000000000000000000e+00 0.000000000000000000e+00 0.000000000000000000e+00 0.000000000000000000e+00 0.000000000000000000e+00 0.000000000000000000e+00 0.000000000000000000e+00 0.000000000000000000e+00 0.000000000000000000e+00 0.000000000000000000e+00 0.000000000000000000e+00 0.000000000000000000e+00 0.000000000000000000e+00 0.000000000000000000e+00 0.000000000000000000e+00 0.000000000000000000e+00 0.000000000000000000e+00 0.000000000000000000e+00 0.000000000000000000e+00
-9.106725195428444053e+00 4.643894648736710224e+04 3.448332274101914372e+05 -1.088122639984175066e+02 5.353146542579158995e+04 1.522009292907447161e+04 1.540325460920729711e+04 -1.360221585860987398e+04 8.333016572185048062e+03 5.187489787631251238e+04 2.277928322737715462e+03 -3.517853512911529378e+03 -5.565910551164643039e+02 3.056711977624419524e+04 -1.626058329399891591e+04 3.883791821421559871e+04 6.628535533429843781e+04 2.198607596220391861e+04 0.000000000000000000e+00 0.000000000000000000e+00 0.000000000000000000e+00 0.000000000000000000e+00 0.000000000000000000e+00 0.000000000000000000e+00 0.000000000000000000e+00 0.000000000000000000e+00 0.000000000000000000e+00 1.123341314486215415e-07 1.886917944018566551e-03 2.325316662621127253e-02 8.176685590667545633e-02 1.936695688621491163e-01 3.849133977517630312e-01 6.999784022788088089e-01 1.189006874621259868e+00 1.938643972278096594e+00 3.079949317403458231e+00 4.789487397881834418e+00 7.301601090735267974e+00 1.096476302097537747e+01 1.638705723284309101e+01 2.412157056678103473e+01 3.514040518449145623e+01 5.078500200333200354e+01 7.292273327981355635e+01 1.036259578569502224e+02 1.463877968220315324e+02 2.072731072334276803e+02 2.928973347657772024e+02 4.115175937602614908e+02 5.692645331952402330e+02 7.660657600193964072e+02 9.919605762761008236e+02 1.271093430854307144e+03 1.667535383606202004e+03 2.130295014283221008e+03 2.461648355249803444e+03 2.723363273546529854e+03 3.071443085863269971e+03 2.998426970861090012e+03 2.283703969885380047e+03 0.000000000000000000e+00 0.000000000000000000e+00 0.000000000000000000e+00 0.000000000000000000e+00 0.000000000000000000e+00 0.000000000000000000e+00 0.000000000000000000e+00 0.000000000000000000e+00 0.000000000000000000e+00 0.000000000000000000e+00 0.000000000000000000e+00 0.000000000000000000e+00 0.000000000000000000e+00 0.000000000000000000e+00 0.000000000000000000e+00 0.000000000000000000e+00 0.000000000000000000e+00 0.000000000000000000e+00 0.000000000000000000e+00 0.000000000000000000e+00 0.000000000000000000e+00 0.000000000000000000e+00 0.000000000000000000e+00 0.000000000000000000e+00 0.000000000000000000e+00 0.000000000000000000e+00 0.000000000000000000e+00 0.000000000000000000e+00 0.000000000000000000e+00 0.000000000000000000e+00 0.000000000000000000e+00 0.000000000000000000e+00 0.000000000000000000e+00 0.000000000000000000e+00 0.000000000000000000e+00 0.000000000000000000e+00 0.000000000000000000e+00 0.000000000000000000e+00 0.000000000000000000e+00 0.000000000000000000e+00 0.000000000000000000e+00 0.000000000000000000e+00 0.000000000000000000e+00 0.000000000000000000e+00 0.000000000000000000e+00 0.000000000000000000e+00 0.000000000000000000e+00
-8.657612128341565239e+00 1.327438760723118685e+04 9.804315507654857356e+04 -4.086931731026306380e+01 1.522009292907447161e+04 6.013172750612098753e+03 4.305313712530512021e+03 -3.234801060788252926e+03 7.249230704779531607e+02 1.363203785502396204e+04 1.429850264999174897e+03 -1.355008150132816581e+03 -2.008555044774521150e+02 5.769827065884681360e+03 -4.648022870693839650e+03 1.110166399605314109e+04 1.894740440827802377e+04 6.145256747767630259e+03 0.000000000000000000e+00 0.000000000000000000e+00 0.000000000000000000e+00 0.000000000000000000e+00 0.000000000000000000e+00 0.000000000000000000e+00 0.000000000000000000e+00 0.000000000000000000e+00 0.000000000000000000e+00 -1.259714313738581731e-07 -2.050267556820847825e-03 -2.433263904389760049e-02 -8.169431001607178888e-02 -1.840967558500805346e-01 -3.470373870073649725e-01 -5.958059259573628141e-01 -9.528458253347993345e-01 -1.457494968085282450e+00 -2.161162843379855314e+00 -3.119536533473829198e+00 -4.391850955907323772e+00 -6.051228467336556172e+00 -8.212604198948657341e+00 -1.088190051123900304e+01 -1.410381418057245106e+01 -1.784328149998013657e+01 -2.193427301958551467e+01 -2.599852369491423332e+01 -2.944715271464300343e+01 -3.121821266006431017e+01 -2.940198221260314071e+01 -2.080811528625062934e+01 -4.737608342980259568e-01 3.809711111631381186e+01 9.870561566575865697e+01 1.898734308375809405e+02 3.331784311548972823e+02 5.321277391903354328e+02 7.362109171629664388e+02 9.506090868657736337e+02 1.227280898221828011e+03 1.344903872610025019e+03 1.126589489081491365e+03 0.000000000000000000e+00 0.000000000000000000e+00 0.000000000000000000e+00 0.000000000000000000e+00 0.000000000000000000e+00 0.000000000000000000e+00 0.000000000000000000e+00 0.000000000000000000e+00 0.000000000000000000e+00 0.000000000000000000e+00 0.000000000000000000e+00 0.000000000000000000e+00 0.000000000000000000e+00 0.000000000000000000e+00 0.000000000000000000e+00 0.000000000000000000e+00 0.000000000000000000e+00 0.000000000000000000e+00 0.000000000000000000e+00 0.000000000000000000e+00 0.000000000000000000e+00 0.000000000000000000e+00 0.000000000000000000e+00 0.000000000000000000e+00 0.000000000000000000e+00 0.000000000000000000e+00 0.000000000000000000e+00 0.000000000000000000e+00 0.000000000000000000e+00 0.000000000000000000e+00 0.000000000000000000e+00 0.000000000000000000e+00 0.000000000000000000e+00 0.000000000000000000e+00 0.000000000000000000e+00 0.000000000000000000e+00 0.000000000000000000e+00 0.000000000000000000e+00 0.000000000000000000e+00 0.000000000000000000e+00 0.000000000000000000e+00 0.000000000000000000e+00 0.000000000000000000e+00 0.000000000000000000e+00 0.000000000000000000e+00 0.000000000000000000e+00 0.000000000000000000e+00
-2.454726526680099497e+00 1.162967767636566168e+04 9.922302625690386049e+04 -4.621141899143783149e+01 1.540325460920729711e+04 4.305313712530512021e+03 6.245740940785720341e+03 -5.582726865017070850e+03 -1.497627606164923691e+03 1.246990951948723159e+04 1.401879033713050831e+03 -1.203439787535570986e+03 -1.923484294737831419e+02 6.678261859926062243e+03 -4.072128177807529482e+03 9.726156698564380349e+03 1.659980200909509222e+04 8.914955848504845562e+03 0.000000000000000000e+00 0.000000000000000000e+00 0.000000000000000000e+00 0.000000000000000000e+00 0.000000000000000000e+00 0.000000000000000000e+00 0.000000000000000000e+00 0.000000000000000000e+00 0.000000000000000000e+00 6.525373970676630558e-08 1.033235249891805568e-03 1.198695357444397834e-02 3.957588308626761031e-02 8.835610243301823818e-02 1.662906794761129792e-01 2.872799165757853879e-01 4.657358340620041948e-01 7.274996925094159295e-01 1.111163056682259453e+00 1.667254932903571962e+00 2.461695466396474075e+00 3.595446875169693079e+00 5.236030867623876262e+00 7.542223005725436025e+00 1.078671413921810007e+01 1.535445568701694263e+01 2.178026837321900899e+01 3.066157314862721961e+01 4.302625152674501408e+01 6.057554472682886626e+01 8.520010433193297672e+01 1.192846037076765100e+02 1.649494025422937682e+02 2.229777662015306419e+02 2.913394318605874673e+02 3.764259747206265274e+02 4.943474199980888102e+02 6.318930695520504059e+02 7.317067172243857840e+02 8.040166379627916058e+02 8.833884671476678250e+02 8.254398887750878657e+02 5.877196892997930036e+02 0.000000000000000000e+00 0.000000000000000000e+00 0.000000000000000000e+00 0.000000000000000000e+00 0.000000000000000000e+00 0.000000000000000000e+00 0.000000000000000000e+00 0.000000000000000000e+00 0.000000000000000000e+00 0.000000000000000000e+00 0.000000000000000000e+00 0.000000000000000000e+00 0.000000000000000000e+00 0.000000000000000000e+00 0.000000000000000000e+00 0.000000000000000000e+00 0.000000000000000000e+00 0.000000000000000000e+00 0.000000000000000000e+00 0.000000000000000000e+00 0.000000000000000000e+00 0.000000000000000000e+00 0.000000000000000000e+00 0.000000000000000000e+00 0.000000000000000000e+00 0.000000000000000000e+00 0.000000000000000000e+00 0.000000000000000000e+00 0.000000000000000000e+00 0.000000000000000000e+00 0.000000000000000000e+00 0.000000000000000000e+00 0.000000000000000000e+00 0.000000000000000000e+00 0.000000000000000000e+00 0.000000000000000000e+00 0.000000000000000000e+00 0.000000000000000000e+00 0.000000000000000000e+00 0.000000000000000000e+00 0.000000000000000000e+00 0.000000000000000000e+00 0.000000000000000000e+00 0.000000000000000000e+00 0.000000000000000000e+00 0.000000000000000000e+00 0.000000000000000000e+00
-6.957227496287228696e+00 -1.020559096128020428e+04 -8.762128884659000323e+04 4.047235904072624635e+01 -1.360221585860987398e+04 -3.234801060788252926e+03 -5.582726865017070850e+03 5.968095077799112005e+03 2.157207665160505712e+03 -1.114114429073082829e+04 -1.293329619352037071e+03 1.064632384426077351e+03 1.754503734917453812e+02 -6.475651325929387895e+03 3.573484638277113390e+03 -8.535161476795396084e+03 -1.456710960161397270e+04 -7.968592355613772270e+03 -0.000000000000000000e+00 -0.000000000000000000e+00 -0.000000000000000000e+00 -0.000000000000000000e+00 -0.000000000000000000e+00 -0.000000000000000000e+00 -0.000000000000000000e+00 -0.000000000000000000e+00 -0.000000000000000000e+00 -9.157512886651263928e-08 -1.446587333377209348e-03 -1.703657096045873426e-02 -5.794655101081836596e-02 -1.344786772822846033e-01 -2.636560761201730552e-01 -4.742910524626597346e-01 -7.955570241914967644e-01 -1.278558152684995397e+00 -1.991917535642140580e+00 -3.009855679569495290e+00 -4.425864116108095381e+00 -6.344064857573822991e+00 -8.940729058744487645e+00 -1.225089982882885664e+01 -1.650746254960729331e+01 -2.204523289922965645e+01 -3.066359495287477088e+01 -4.733215425925065745e+01 -6.449187011512482570e+01 -8.737347163421904384e+01 -1.177306044523358679e+02 -1.559780220035161733e+02 -2.017325965551910372e+02 -2.545183626889846948e+02 -3.082634066696000446e+02 -3.759507885879734204e+02 -4.831275866626580182e+02 -6.111106694696539989e+02 -6.261265213313406548e+02 -6.059194213958035107e+02 -7.253200744090621583e+02 -5.626897651232019371e+02 -3.362437191638009608e+02 -0.000000000000000000e+00 -0.000000000000000000e+00 -0.000000000000000000e+00 -0.000000000000000000e+00 -0.000000000000000000e+00 -0.000000000000000000e+00 -0.000000000000000000e+00 -0.000000000000000000e+00 -0.000000000000000000e+00 -0.000000000000000000e+00 -0.000000000000000000e+00 -0.000000000000000000e+00 -0.000000000000000000e+00 -0.000000000000000000e+00 -0.000000000000000000e+00 -0.000000000000000000e+00 -0.000000000000000000e+00 -0.000000000000000000e+00 -0.000000000000000000e+00 -0.000000000000000000e+00 -0.000000000000000000e+00 -0.000000000000000000e+00 -0.000000000000000000e+00 -0.000000000000000000e+00 -0.000000000000000000e+00 -0.000000000000000000e+00 -0.000000000000000000e+00 -0.000000000000000000e+00 -0.000000000000000000e+00 -0.000000000000000000e+00 -0.000000000000000000e+00 -0.000000000000000000e+00 -0.000000000000000000e+00 -0.000000000000000000e+00 -0.000000000000000000e+00 -0.000000000000000000e+00 -0.000000000000000000e+00 -0.000000000000000000e+00 -0.000000000000000000e+00 -0.000000000000000000e+00 -0.000000000000000000e+00 -0.000000000000000000e+00 -0.000000000000000000e+00 -0.000000000000000000e+00 -0.000000000000000000e+00 -0.000000000000000000e+00 -0.000000000000000000e+00
1.212794270643265016e+01 1.095075683932818174e+04 5.367872849721616512e+04 3.738420277334380160e+01 8.333016572185048062e+03 7.249230704779531607e+02 -1.497627606164923691e+03 2.157207665160505712e+03 1.459787043951365376e+04 1.539628948886444778e+04 -2.940925688960857315e+03 5.853097562791614337e+02 7.940224607710094062e+01 1.414571977880068516e+04 -3.834404248741169340e+03 9.158360184275210486e+03 1.563073375214979933e+04 -2.137662146579952150e+03 0.000000000000000000e+00 0.000000000000000000e+00 0.000000000000000000e+00 0.000000000000000000e+00 0.000000000000000000e+00 0.000000000000000000e+00 0.000000000000000000e+00 0.000000000000000000e+00 0.000000000000000000e+00 9.964328829633274294e-08 1.764998755782800320e-03 2.239817991415567894e-02 7.932042936532578137e-02 1.864712398771168622e-01 3.639576862359082954e-01 6.453767411028734635e-01 1.062280363326076005e+00 1.674068251244697381e+00 2.560294033737289698e+00 3.810286377066372854e+00 5.542330138174726528e+00 7.903371144266347237e+00 1.114543363452682279e+01 1.539434656416463731e+01 2.102153389430245412e+01 2.853573167827660839e+01 3.974280412944244745e+01 5.908162687657478074e+01 8.048274752447883884e+01 1.090857360384788990e+02 1.468546103228252377e+02 1.943242046177336420e+02 2.497173896156517969e+02 3.078149808477814418e+02 3.562271852335364883e+02 4.026648640927296583e+02 4.663488485965309565e+02 5.081783343725427358e+02 3.962561931184541208e+02 2.180599953044752795e+02 1.330365574333835639e+02 -1.041895873084614408e+02 -1.881625117704867307e+02 0.000000000000000000e+00 0.000000000000000000e+00 0.000000000000000000e+00 0.000000000000000000e+00 0.000000000000000000e+00 0.000000000000000000e+00 0.000000000000000000e+00 0.000000000000000000e+00 0.000000000000000000e+00 0.000000000000000000e+00 0.000000000000000000e+00 0.000000000000000000e+00 0.000000000000000000e+00 0.000000000000000000e+00 0.000000000000000000e+00 0.000000000000000000e+00 0.000000000000000000e+00 0.000000000000000000e+00 0.000000000000000000e+00 0.000000000000000000e+00 0.000000000000000000e+00 0.000000000000000000e+00 0.000000000000000000e+00 0.000000000000000000e+00 0.000000000000000000e+00 0.000000000000000000e+00 0.000000000000000000e+00 0.000000000000000000e+00 0.000000000000000000e+00 0.000000000000000000e+00 0.000000000000000000e+00 0.000000000000000000e+00 0.000000000000000000e+00 0.000000000000000000e+00 0.000000000000000000e+00 0.000000000000000000e+00 0.000000000000000000e+00 0.000000000000000000e+00 0.000000000000000000e+00 0.000000000000000000e+00 0.000000000000000000e+00 0.000000000000000000e+00 0.000000000000000000e+00 0.000000000000000000e+00 0.000000000000000000e+00 0.000000000000000000e+00 0.000000000000000000e+00
3.080109420966647527e+00 4.734906922895656317e+04 3.341621290203715325e+05 -7.370370000443743663e+01 5.187489787631251238e+04 1.363203785502396204e+04 1.246990951948723159e+04 -1.114114429073082829e+04 1.539628948886444778e+04 5.473612186154953815e+04 3.747427812183853462e+02 -2.789561815391130949e+03 -4.503349935778196027e+02 3.526257819948053657e+04 -1.657926250114681898e+04 3.959907399565359810e+04 6.758443323953244544e+04 1.779912004917287049e+04 0.000000000000000000e+00 0.000000000000000000e+00 0.000000000000000000e+00 0.000000000000000000e+00 0.000000000000000000e+00 0.000000000000000000e+00 0.000000000000000000e+00 0.000000000000000000e+00 0.000000000000000000e+00 1.587573863242787758e-07 2.710741186323688701e-03 3.388362596847049185e-02 1.204108061208267605e-01 2.873300693229908775e-01 5.733388411894074776e-01 1.043916887665109483e+00 1.768880156127934811e+00 2.870912846011695052e+00 4.525904553719420242e+00 6.952689112987324727e+00 1.043962594136635502e+01 1.537868054576576426e+01 2.245564559942544847e+01 3.216572874206260479e+01 4.555751730826095525e+01 6.407674687618109033e+01 9.104764680326870518e+01 1.330724842118711706e+02 1.853820659088683556e+02 2.580900552086409334e+02 3.581219556674888054e+02 4.921316498642619308e+02 6.632982502294321421e+02 8.680503354157439162e+02 1.088646074476509284e+03 1.354837604867557047e+03 1.740534811548926427e+03 2.176404306289206488e+03 2.373088466020885789e+03 2.470895944669931396e+03 2.774200976475825428e+03 2.539060445490645179e+03 1.860481890233249942e+03 0.000000000000000000e+00 0.000000000000000000e+00 0.000000000000000000e+00 0.000000000000000000e+00 0.000000000000000000e+00 0.000000000000000000e+00 0.000000000000000000e+00 0.000000000000000000e+00 0.000000000000000000e+00 0.000000000000000000e+00 0.000000000000000000e+00 0.000000000000000000e+00 0.000000000000000000e+00 0.000000000000000000e+00 0.000000000000000000e+00 0.000000000000000000e+00 0.000000000000000000e+00 0.000000000000000000e+00 0.000000000000000000e+00 0.000000000000000000e+00 0.000000000000000000e+00 0.000000000000000000e+00 0.000000000000000000e+00 0.000000000000000000e+00 0.000000000000000000e+00 0.000000000000000000e+00 0.000000000000000000e+00 0.000000000000000000e+00 0.000000000000000000e+00 0.000000000000000000e+00 0.000000000000000000e+00 0.000000000000000000e+00 0.000000000000000000e+00 0.000000000000000000e+00 0.000000000000000000e+00 0.000000000000000000e+00 0.000000000000000000e+00 0.000000000000000000e+00 0.000000000000000000e+00 0.000000000000000000e+00 0.000000000000000000e+00 0.000000000000000000e+00 0.000000000000000000e+00 0.000000000000000000e+00 0.000000000000000000e+00 0.000000000000000000e+00 0.000000000000000000e+00
-7.716708362994752157e+00 1.262958380221622974e+03 1.467371328415514836e+04 -1.937058291303078406e+01 2.277928322737715462e+03 1.429850264999174897e+03 1.401879033713050831e+03 -1.293329619352037071e+03 -2.940925688960857315e+03 3.747427812183858578e+02 1.034270481169733785e+03 -5.013564998090332097e+02 -7.234569940092879392e+01 -1.547739210239086333e+03 -4.422245010238165719e+02 1.056240031034057893e+03 1.802703362966979057e+03 2.000993926738859955e+03 0.000000000000000000e+00 0.000000000000000000e+00 0.000000000000000000e+00 0.000000000000000000e+00 0.000000000000000000e+00 0.000000000000000000e+00 0.000000000000000000e+00 0.000000000000000000e+00 0.000000000000000000e+00 -4.696771399096502605e-08 -7.903099552664021119e-04 -9.662383066274668128e-03 -3.326338318547037570e-02 -7.664224532677127444e-02 -1.473063494714842991e-01 -2.577556322990010029e-01 -4.186931482256028847e-01 -6.507805019740807717e-01 -9.792469083143388042e-01 -1.426774545142150519e+00 -2.021968734029781167e+00 -2.788703500541430458e+00 -3.764156678431849645e+00 -4.914604789017505304e+00 -6.276887361468808990e+00 -7.905144167861175575e+00 -1.060440303313439436e+01 -1.689128400058154611e+01 -2.212567435563023821e+01 -2.849705981250215103e+01 -3.609040455077040832e+01 -4.387347282685155392e+01 -5.015981687799850164e+01 -5.302736804829913808e+01 -4.812897456683015207e+01 -3.745284607499485219e+01 -2.354026234229642967e+01 4.264712071846694208e+00 9.552711391756342607e+01 2.101762536124108181e+02 2.737048183294808155e+02 3.963864864370852956e+02 3.720660665376517500e+02 0.000000000000000000e+00 0.000000000000000000e+00 0.000000000000000000e+00 0.000000000000000000e+00 0.000000000000000000e+00 0.000000000000000000e+00 0.000000000000000000e+00 0.000000000000000000e+00 0.000000000000000000e+00 0.000000000000000000e+00 0.000000000000000000e+00 0.000000000000000000e+00 0.000000000000000000e+00 0.000000000000000000e+00 0.000000000000000000e+00 0.000000000000000000e+00 0.000000000000000000e+00 0.000000000000000000e+00 0.000000000000000000e+00 0.000000000000000000e+00 0.000000000000000000e+00 0.000000000000000000e+00 0.000000000000000000e+00 0.000000000000000000e+00 0.000000000000000000e+00 0.000000000000000000e+00 0.000000000000000000e+00 0.000000000000000000e+00 0.000000000000000000e+00 0.000000000000000000e+00 0.000000000000000000e+00 0.000000000000000000e+00 0.000000000000000000e+00 0.000000000000000000e+00 0.000000000000000000e+00 0.000000000000000000e+00 0.000000000000000000e+00 0.000000000000000000e+00 0.000000000000000000e+00 0.000000000000000000e+00 0.000000000000000000e+00 0.000000000000000000e+00 0.000000000000000000e+00 0.000000000000000000e+00 0.000000000000000000e+00 0.000000000000000000e+00 0.000000000000000000e+00
3.951829240758246264e+00 -2.869079284846576229e+03 -2.266092980576430637e+04 1.247259698266030803e+01 -3.517853512911529378e+03 -1.355008150132816581e+03 -1.203439787535570986e+03 1.064632384426077351e+03 5.853097562791614337e+02 -2.789561815391130494e+03 -5.013564998090332097e+02 3.698854465718671349e+02 5.526049349954252676e+01 -9.159682106104426111e+02 1.004607257854690602e+03 -2.399474472257544221e+03 -4.095225113043094098e+03 -1.717748570414448523e+03 0.000000000000000000e+00 0.000000000000000000e+00 0.000000000000000000e+00 0.000000000000000000e+00 0.000000000000000000e+00 0.000000000000000000e+00 0.000000000000000000e+00 0.000000000000000000e+00 0.000000000000000000e+00 1.806104514896691997e-08 2.987800276073827518e-04 3.592187217209977159e-03 1.214076724950652678e-02 2.747028315192816608e-02 5.182441144470426031e-02 8.889726135414659225e-02 1.412529741842633302e-01 2.143283131627941318e-01 3.135518035079865595e-01 4.409256250615402606e-01 5.983029632611466253e-01 7.798930976083423561e-01 9.730573800474051627e-01 1.135148543507386476e+00 1.235573726773418368e+00 1.234280245079523386e+00 1.415587860991601277e+00 2.852039009247291812e+00 3.217436167543575198e+00 3.237880275489411375e+00 2.638214877485400844e+00 5.511882492501456454e-01 -4.058619784835514110e+00 -1.198415094270587389e+01 -2.465604342395102933e+01 -4.226331055599985120e+01 -6.669967905899321181e+01 -1.001977573657089806e+02 -1.564226692469144098e+02 -2.202403453032266611e+02 -2.648947271690373668e+02 -3.193267972212328232e+02 -2.776191198160984754e+02 0.000000000000000000e+00 0.000000000000000000e+00 0.000000000000000000e+00 0.000000000000000000e+00 0.000000000000000000e+00 0.000000000000000000e+00 0.000000000000000000e+00 0.000000000000000000e+00 0.000000000000000000e+00 0.000000000000000000e+00 0.000000000000000000e+00 0.000000000000000000e+00 0.000000000000000000e+00 0.000000000000000000e+00 0.000000000000000000e+00 0.000000000000000000e+00 0.000000000000000000e+00 0.000000000000000000e+00 0.000000000000000000e+00 0.000000000000000000e+00 0.000000000000000000e+00 0.000000000000000000e+00 0.000000000000000000e+00 0.000000000000000000e+00 0.000000000000000000e+00 0.000000000000000000e+00 0.000000000000000000e+00 0.000000000000000000e+00 0.000000000000000000e+00 0.000000000000000000e+00 0.000000000000000000e+00 0.000000000000000000e+00 0.000000000000000000e+00 0.000000000000000000e+00 0.000000000000000000e+00 0.000000000000000000e+00 0.000000000000000000e+00 0.000000000000000000e+00 0.000000000000000000e+00 0.000000000000000000e+00 0.000000000000000000e+00 0.000000000000000000e+00 0.000000000000000000e+00 0.000000000000000000e+00 0.000000000000000000e+00 0.000000000000000000e+00 0.000000000000000000e+00
4.799161557122864630e-01 -4.520877371895841748e+02 -3.585388301194931046e+03 1.875894707953469798e+00 -5.565910551164643039e+02 -2.008555044774521150e+02 -1.923484294737831419e+02 1.754503734917453812e+02 7.940224607710094062e+01 -4.503349935778196595e+02 -7.234569940092879392e+01 5.526049349954253387e+01 8.356869227708173753e+00 -1.713004146366526186e+02 1.582983866519558660e+02 -3.780909751558479570e+02 -6.452944902624449242e+02 -2.745515340045953963e+02 0.000000000000000000e+00 0.000000000000000000e+00 0.000000000000000000e+00 0.000000000000000000e+00 0.000000000000000000e+00 0.000000000000000000e+00 0.000000000000000000e+00 0.000000000000000000e+00 0.000000000000000000e+00 1.813340767273507839e-09 3.030034426342027612e-05 3.654214918784782660e-04 1.230070545682389023e-03 2.758267377667020497e-03 5.136581647255443993e-03 8.667274200044648366e-03 1.350068756682862303e-02 2.002359152794078168e-02 2.850461220759418005e-02 3.871313610977349801e-02 5.026448918619285527e-02 6.166555621477538135e-02 7.000602348777162920e-02 6.926859525612746871e-02 5.371565905214879810e-02 1.564498040513236099e-02 -1.865052792316404182e-02 6.238322777932229363e-02 -4.592170804285905690e-03 -1.565144001008089425e-01 -4.419349676757665657e-01 -9.799038134079297580e-01 -1.905580958389117452e+00 -3.318380348838421146e+00 -5.365220782270937683e+00 -8.152479289041902888e+00 -1.209662532775109334e+01 -1.735819574320166225e+01 -2.489228517555575237e+01 -3.318839184771433537e+01 -3.979569133554562654e+01 -4.596497311248639051e+01 -3.900134096991088484e+01 0.000000000000000000e+00 0.000000000000000000e+00 0.000000000000000000e+00 0.000000000000000000e+00 0.000000000000000000e+00 0.000000000000000000e+00 0.000000000000000000e+00 0.000000000000000000e+00 0.000000000000000000e+00 0.000000000000000000e+00 0.000000000000000000e+00 0.000000000000000000e+00 0.000000000000000000e+00 0.000000000000000000e+00 0.000000000000000000e+00 0.000000000000000000e+00 0.000000000000000000e+00 0.000000000000000000e+00 0.000000000000000000e+00 0.000000000000000000e+00 0.000000000000000000e+00 0.000000000000000000e+00 0.000000000000000000e+00 0.000000000000000000e+00 0.000000000000000000e+00 0.000000000000000000e+00 0.000000000000000000e+00 0.000000000000000000e+00 0.000000000000000000e+00 0.000000000000000000e+00 0.000000000000000000e+00 0.000000000000000000e+00 0.000000000000000000e+00 0.000000000000000000e+00 0.000000000000000000e+00 0.000000000000000000e+00 0.000000000000000000e+00 0.000000000000000000e+00 0.000000000000000000e+00 0.000000000000000000e+00 0.000000000000000000e+00 0.000000000000000000e+00 0.000000000000000000e+00 0.000000000000000000e+00 0.000000000000000000e+00 0.000000000000000000e+00 0.000000000000000000e+00
2.501905502331537434e+01 2.854004440570864244e+04 1.969039793929816224e+05 -1.676514569792493603e+01 3.056711977624419524e+04 5.769827065884681360e+03 6.678261859926062243e+03 -6.475651325929387895e+03 1.414571977880068516e+04 3.526257819948052929e+04 -1.547739210239086333e+03 -9.159682106104426111e+02 -1.713004146366525902e+02 2.669624772416304768e+04 -9.993288056172794313e+03 2.386867046522091550e+04 4.073707798697976978e+04 9.532321335521955916e+03 0.000000000000000000e+00 0.000000000000000000e+00 0.000000000000000000e+00 0.000000000000000000e+00 0.000000000000000000e+00 0.000000000000000000e+00 0.000000000000000000e+00 0.000000000000000000e+00 0.000000000000000000e+00 2.577394031006224141e-07 4.299274126009944297e-03 5.255574398664139557e-02 1.825012912809876320e-01 4.263882271983637784e-01 8.340183967800041120e-01 1.489164324485816149e+00 2.473706187808420331e+00 3.936002791439188631e+00 6.075022484355793395e+00 9.109883533429975699e+00 1.332347239761593016e+01 1.904898985961755642e+01 2.685440515338055434e+01 3.694298035235188848e+01 5.011098430436780404e+01 6.747306935540768791e+01 9.391221116790119083e+01 1.422598269129937307e+02 1.938127058780755760e+02 2.626342034065784219e+02 3.537266348998003878e+02 4.683569998679264472e+02 6.038240730571799304e+02 7.531791505430928737e+02 8.924331637542391036e+02 1.050472115556220615e+03 1.288965327848717152e+03 1.532932512579135164e+03 1.422166940070042074e+03 1.178921428425579279e+03 1.258527123873324854e+03 7.288970550957179739e+02 2.853494114208472183e+02 0.000000000000000000e+00 0.000000000000000000e+00 0.000000000000000000e+00 0.000000000000000000e+00 0.000000000000000000e+00 0.000000000000000000e+00 0.000000000000000000e+00 0.000000000000000000e+00 0.000000000000000000e+00 0.000000000000000000e+00 0.000000000000000000e+00 0.000000000000000000e+00 0.000000000000000000e+00 0.000000000000000000e+00 0.000000000000000000e+00 0.000000000000000000e+00 0.000000000000000000e+00 0.000000000000000000e+00 0.000000000000000000e+00 0.000000000000000000e+00 0.000000000000000000e+00 0.000000000000000000e+00 0.000000000000000000e+00 0.000000000000000000e+00 0.000000000000000000e+00 0.000000000000000000e+00 0.000000000000000000e+00 0.000000000000000000e+00 0.000000000000000000e+00 0.000000000000000000e+00 0.000000000000000000e+00 0.000000000000000000e+00 0.000000000000000000e+00 0.000000000000000000e+00 0.000000000000000000e+00 0.000000000000000000e+00 0.000000000000000000e+00 0.000000000000000000e+00 0.000000000000000000e+00 0.000000000000000000e+00 0.000000000000000000e+00 0.000000000000000000e+00 0.000000000000000000e+00 0.000000000000000000e+00 0.000000000000000000e+00 0.000000000000000000e+00 0.000000000000000000e+00
