1.624838744998426399e-01 3.970148037882866854e-01 2.171122771652954420e+00 -7.122816569802079131e-04 6.001340094902255506e-01 2.272302721946324600e-01 1.947382945649262231e-01 2.418345487532225779e-01 6.697517078230694199e-02 7.243371662038581293e-01 3.552920019369123494e-01
3.970148037882866854e-01 4.256651079871031698e+02 2.186778154270432424e+03 -6.491414539497725178e-01 6.044614144914537519e+02 3.306290383265734789e+01 1.703181941498953051e+02 2.245113312898635911e+02 1.482135598817232562e+02 7.766084668108644564e+02 3.107385339950222942e+02
2.171122771652954420e+00 2.186778154270432424e+03 1.177350547478948101e+04 -3.897480489122892244e+00 3.254390372848964034e+03 1.502824176525309952e+02 1.022116167224486276e+03 1.333600466135442730e+03 6.499437284129595582e+02 3.989686722678021397e+03 1.864808871190953823e+03
-7.122816569802079131e-04 -6.491414539497725178e-01 -3.897480489122892244e+00 3.696080203689344496e-03 -1.077327649724052705e+00 -2.913530752260301560e-01 -4.132318666103736993e-01 -4.789469816607220265e-01 2.031702946719829428e-01 -1.184331860507068512e+00 -7.539245297394616685e-01
6.001340094902255506e-01 6.044614144914537519e+02 3.254390372848964034e+03 -1.077327649724052705e+00 8.995669744725203145e+02 4.154052964634217204e+01 2.825297038058352541e+02 3.686290822653804753e+02 1.796551262637875652e+02 1.102814967790963692e+03 5.154638141208067736e+02
2.272302721946324600e-01 3.306290383265734789e+01 1.502824176525309952e+02 -2.913530752260301560e-01 4.154052964634217204e+01 6.706821327603027783e+01 7.889550523027736517e+00 -8.017312497129619686e+00 -3.104652100560439720e+01 6.032190699213482077e+01 1.439416015207208943e+01
1.947382945649262231e-01 1.703181941498953051e+02 1.022116167224486276e+03 -4.132318666103736993e-01 2.825297038058352541e+02 7.889550523027736517e+00 1.082896146860088322e+02 1.389974154238568076e+02 2.889080269634823139e+01 3.107385339950222374e+02 1.975699441998628743e+02
2.418345487532225779e-01 2.245113312898635911e+02 1.333600466135442730e+03 -4.789469816607220265e-01 3.686290822653804753e+02 -8.017312497129619686e+00 1.389974154238568076e+02 1.983786474618865441e+02 3.843827615470955550e+01 4.096116818199946010e+02 2.535950625444845627e+02
6.697517078230694199e-02 1.482135598817232562e+02 6.499437284129595582e+02 2.031702946719829428e-01 1.796551262637875652e+02 -3.104652100560439720e+01 2.889080269634823139e+01 3.843827615470955550e+01 1.370066563854590527e+02 2.704095387207840986e+02 5.271008021551529055e+01
7.243371662038581293e-01 7.766084668108644564e+02 3.989686722678021397e+03 -1.184331860507068512e+00 1.102814967790963692e+03 6.032190699213482077e+01 3.107385339950222374e+02 4.096116818199946010e+02 2.704095387207840986e+02 1.416890178230428774e+03 5.669296635707371479e+02
3.552920019369123494e-01 3.107385339950222942e+02 1.864808871190953823e+03 -7.539245297394616685e-01 5.154638141208067736e+02 1.439416015207208943e+01 1.975699441998628743e+02 2.535950625444845627e+02 5.271008021551529055e+01 5.669296635707371479e+02 3.604582301296170499e+02
