2.732039273784639377e+01 -1.784466041679891077e+02 -1.204006260072837904e+03 7.599924427025163132e-01 -2.029408569136400331e+02 -1.011228052629617906e+02 -5.154264299778651548e+01 3.749483569961091778e+00 3.156772557194463857e+01 -2.616762871545598728e+02 -7.558276332956539534e+01
-1.784466041679891077e+02 1.964549871732566680e+05 1.278377221103576943e+06 -4.361763972836208723e+02 2.154764284148680163e+05 7.770835024913979578e+04 4.751933302376433130e+04 3.747564271107543755e+04 3.570334374955891690e+04 2.880840006801114068e+05 6.968293227935991308e+04
-1.204006260072837904e+03 1.278377221103576943e+06 8.651021949383093044e+06 -3.538195155599124973e+03 1.458169999448593939e+06 5.249109047556472942e+05 3.742610429278921802e+05 3.030147964985894505e+05 1.352825887928911834e+05 1.874628023105618544e+06 5.488209797916262178e+05
7.599924427025163132e-01 -4.361763972836208723e+02 -3.538195155599124973e+03 3.017118764912982698e+00 -5.963792553383711947e+02 -2.509260210636508930e+02 -2.424838692884432589e+02 -2.090677378127280974e+02 2.042322076749653377e+02 -6.396144141705382253e+02 -3.555813174821624330e+02
-2.029408569136400331e+02 2.154764284148680163e+05 1.458169999448593939e+06 -5.963792553383711947e+02 2.457813377116141201e+05 8.847617520525245345e+04 6.308344007828016038e+04 5.107455376122034068e+04 2.280250975893102805e+04 3.159772752181222313e+05 9.250632959695592581e+04
-1.011228052629617906e+02 7.770835024913979578e+04 5.249109047556472942e+05 -2.509260210636508930e+02 8.847617520525245345e+04 3.701011491586434568e+04 2.256293913624478228e+04 1.642332112599521497e+04 3.655889315360415367e+03 1.139524770948191872e+05 3.308657045055712661e+04
-5.154264299778651548e+01 4.751933302376433130e+04 3.742610429278921802e+05 -2.424838692884432589e+02 6.308344007828016038e+04 2.256293913624478228e+04 2.422381300049971469e+04 2.064171084034046362e+04 -1.035745512954274454e+04 6.968293227935991308e+04 3.552209623854653910e+04
3.749483569961091778e+00 3.747564271107543755e+04 3.030147964985894505e+05 -2.090677378127280974e+02 5.107455376122034068e+04 1.642332112599521497e+04 2.064171084034046362e+04 2.208469062847081659e+04 -1.382360081003046071e+04 5.495474172281404753e+04 3.026925773344177651e+04
3.156772557194463857e+01 3.570334374955891690e+04 1.352825887928911834e+05 2.042322076749653377e+02 2.280250975893102805e+04 3.655889315360415367e+03 -1.035745512954274454e+04 -1.382360081003046071e+04 4.877447150478750700e+04 5.235582080672345182e+04 -1.518829912906176469e+04
-2.616762871545598728e+02 2.880840006801114068e+05 1.874628023105618544e+06 -6.396144141705382253e+02 3.159772752181222313e+05 1.139524770948191872e+05 6.968293227935991308e+04 5.495474172281404753e+04 5.235582080672345182e+04 4.224499089690512628e+05 1.021839058351582353e+05
-7.558276332956539534e+01 6.968293227935991308e+04 5.488209797916262178e+05 -3.555813174821624330e+02 9.250632959695592581e+04 3.308657045055712661e+04 3.552209623854653910e+04 3.026925773344177651e+04 -1.518829912906176469e+04 1.021839058351582353e+05 5.209003723544812965e+04
