0.0441553299934982074193001722051121760159730911254882812500000000 0.1746547380255046855168643560318741947412490844726562500000000000 1.8725248477540625824389053377672098577022552490234375000000000000 -0.0005182299245380503262964344557417462056037038564682006835937500 0.1799462786049251528108783304560347460210323333740234375000000000 0.0757131850410973361586997043559676967561244964599609375000000000 0.0512953036681658980366904643233283422887325286865234375000000000 0.0894400282115495881551936463438323698937892913818359375000000000 0.0337012213540974353565005117161490488797426223754882812500000000 0.2215198758249626864724746155843604356050491333007812500000000000 0.0650593818835681347856336742552230134606361389160156250000000000
0.1746547380255046855168643560318741947412490844726562500000000000 329.9635243850850088165316265076398849487304687500000000000000000000 3441.9608787631295854225754737854003906250000000000000000000000000000 -0.5606152264424782982743522552482318133115768432617187500000000000 330.7662656546551147584978025406599044799804687500000000000000000000 107.0047718546866093447533785365521907806396484375000000000000000000 83.9319418328034743126409011892974376678466796875000000000000000000 68.3206018240810379893446224741637706756591796875000000000000000000 63.2958521770697544184258731547743082046508789062500000000000000000 418.5026972350287337576446589082479476928710937500000000000000000000 106.4534151362990570532929268665611743927001953125000000000000000000
1.8725248477540625824389053377672098577022552490234375000000000000 3441.9608787631295854225754737854003906250000000000000000000000000000 37080.4884307902320870198309421539306640625000000000000000000000000000 -7.0915853225396512371503376925829797983169555664062500000000000000 3563.3684167004685150459408760070800781250000000000000000000000000000 1149.4268943212762223993195220828056335449218750000000000000000000000 1035.0600845483147622871911153197288513183593750000000000000000000000 843.2970051183481245971051976084709167480468750000000000000000000000 473.3782822391644913295749574899673461914062500000000000000000000000 4365.5428709105253801681101322174072265625000000000000000000000000000 1312.7979463519359342171810567378997802734375000000000000000000000000
-0.0005182299245380503262964344557417462056037038564682006835937500 -0.5606152264424782982743522552482318133115768432617187500000000000 -7.0915853225396512371503376925829797983169555664062500000000000000 0.0027382355021959496436945169506316233309917151927947998046875000 -0.6814886273636896474314994520682375878095626831054687500000000000 -0.2558766826652870696179320475494023412466049194335937500000000000 -0.3112797065124217610332379990722984075546264648437500000000000000 -0.2555354414776484506255371798033593222498893737792968750000000000 0.1573852399691810788340262661222368478775024414062500000000000000 -0.7110452126926327665046301262918859720230102539062500000000000000 -0.3948054470952461203481220763933379203081130981445312500000000000
0.1799462786049251528108783304560347460210323333740234375000000000 330.7662656546551147584978025406599044799804687500000000000000000000 3563.3684167004685150459408760070800781250000000000000000000000000000 -0.6814886273636896474314994520682375878095626831054687500000000000 342.4333122482498765748459845781326293945312500000000000000000000000 110.4578625002555440914875362068414688110351562500000000000000000000 99.4674172523616704211235628463327884674072265625000000000000000000 81.0393293374635419468177133239805698394775390625000000000000000000 45.4908036940065443332059658132493495941162109375000000000000000000 419.5208382162873022025451064109802246093750000000000000000000000000 126.1575275166900382828316651284694671630859375000000000000000000000
0.0757131850410973361586997043559676967561244964599609375000000000 107.0047718546866093447533785365521907806396484375000000000000000000 1149.4268943212762223993195220828056335449218750000000000000000000000 -0.2558766826652870696179320475494023412466049194335937500000000000 110.4578625002555440914875362068414688110351562500000000000000000000 41.8144834558387401557411067187786102294921875000000000000000000000 31.7248375698534630373615073040127754211425781250000000000000000000 23.9662066355837026776498532854020595550537109375000000000000000000 10.0066695842294262064342547091655433177947998046875000000000000000 135.7173818580701549763034563511610031127929687500000000000000000000 40.2375690375762999906328332144767045974731445312500000000000000000
0.0512953036681658980366904643233283422887325286865234375000000000 83.9319418328034743126409011892974376678466796875000000000000000000 1035.0600845483147622871911153197288513183593750000000000000000000000 -0.3112797065124217610332379990722984075546264648437500000000000000 99.4674172523616704211235628463327884674072265625000000000000000000 31.7248375698534630373615073040127754211425781250000000000000000000 42.9883447912665062062842480372637510299682617187500000000000000000 35.0953352544305801075097406283020973205566406250000000000000000000 -9.2472506435499699506408433080650866031646728515625000000000000000 106.4534151362990570532929268665611743927001953125000000000000000000 54.5234152118531767428066814318299293518066406250000000000000000000
0.0894400282115495881551936463438323698937892913818359375000000000 68.3206018240810379893446224741637706756591796875000000000000000000 843.2970051183481245971051976084709167480468750000000000000000000000 -0.2555354414776484506255371798033593222498893737792968750000000000 81.0393293374635419468177133239805698394775390625000000000000000000 23.9662066355837026776498532854020595550537109375000000000000000000 35.0953352544305801075097406283020973205566406250000000000000000000 33.3817453890153359452597214840352535247802734375000000000000000000 -11.3385009120551885075656173285096883773803710937500000000000000000 86.6530814076574671389607829041779041290283203125000000000000000000 44.5124729823339677636795386206358671188354492187500000000000000000
0.0337012213540974353565005117161490488797426223754882812500000000 63.2958521770697544184258731547743082046508789062500000000000000000 473.3782822391644913295749574899673461914062500000000000000000000000 0.1573852399691810788340262661222368478775024414062500000000000000 45.4908036940065443332059658132493495941162109375000000000000000000 10.0066695842294262064342547091655433177947998046875000000000000000 -9.2472506435499699506408433080650866031646728515625000000000000000 -11.3385009120551885075656173285096883773803710937500000000000000000 54.9376138004030067918392887804657220840454101562500000000000000000 80.2800397688161382347971084527671337127685546875000000000000000000 -11.7285671000941391639571520499885082244873046875000000000000000000
0.2215198758249626864724746155843604356050491333007812500000000000 418.5026972350287337576446589082479476928710937500000000000000000000 4365.5428709105253801681101322174072265625000000000000000000000000000 -0.7110452126926327665046301262918859720230102539062500000000000000 419.5208382162873022025451064109802246093750000000000000000000000000 135.7173818580701549763034563511610031127929687500000000000000000000 106.4534151362990570532929268665611743927001953125000000000000000000 86.6530814076574671389607829041779041290283203125000000000000000000 80.2800397688161382347971084527671337127685546875000000000000000000 530.7996025299789835116825997829437255859375000000000000000000000000 135.0180794905922709858714370056986808776855468750000000000000000000
0.0650593818835681347856336742552230134606361389160156250000000000 106.4534151362990570532929268665611743927001953125000000000000000000 1312.7979463519359342171810567378997802734375000000000000000000000000 -0.3948054470952461203481220763933379203081130981445312500000000000 126.1575275166900382828316651284694671630859375000000000000000000000 40.2375690375762999906328332144767045974731445312500000000000000000 54.5234152118531767428066814318299293518066406250000000000000000000 44.5124729823339677636795386206358671188354492187500000000000000000 -11.7285671000941391639571520499885082244873046875000000000000000000 135.0180794905922709858714370056986808776855468750000000000000000000 69.1536931882079670685925520956516265869140625000000000000000000000
