0.0641411662367350754454520256331306882202625274658203125000000000 0.2425627126729215654599158824566984549164772033691406250000000000 2.4484780033326609682831076497677713632583618164062500000000000000 -0.0007264331796687091254496881909119565534638240933418273925781250 0.2528808177718208094475471625628415495157241821289062500000000000 0.1044299026932615642726531746120599564164876937866210937500000000 0.0716583757329983389583460962057870347052812576293945312500000000 0.1260096237122146634046515600857674144208431243896484375000000000 0.0487377650980241744482768240231962408870458602905273437500000000 0.3120255398409739200360490940511226654052734375000000000000000000 0.0921792270783432649006172709960083011537790298461914062500000000
0.2425627126729215654599158824566984549164772033691406250000000000 453.9941931307518530047673266381025314331054687500000000000000000000 4461.5971022700696266838349401950836181640625000000000000000000000000 -0.7733140845274076857762679537700023502111434936523437500000000000 460.7974105770032906548294704407453536987304687500000000000000000000 145.9507963192995703138876706361770629882812500000000000000000000000 116.8777731828493955390513292513787746429443359375000000000000000000 96.4577218847166335535803227685391902923583984375000000000000000000 89.2631832476347710780828492715954780578613281250000000000000000000 584.0047781264129298506304621696472167968750000000000000000000000000 150.3481300605553769855760037899017333984375000000000000000000000000
2.4484780033326609682831076497677713632583618164062500000000000000 4461.5971022700696266838349401950836181640625000000000000000000000000 45332.3721549725887598469853401184082031250000000000000000000000000000 -9.2358698200681654810750842443667352199554443359375000000000000000 4681.9646026970985985826700925827026367187500000000000000000000000000 1478.5799338516835632617585361003875732421875000000000000000000000000 1360.2066878595283014874439686536788940429687500000000000000000000000 1123.8152027227488360949791967868804931640625000000000000000000000000 630.5424478777352987890481017529964447021484375000000000000000000000 5739.2672973027629268472082912921905517578125000000000000000000000000 1749.7298797403038861375534906983375549316406250000000000000000000000
-0.0007264331796687091254496881909119565534638240933418273925781250 -0.7733140845274076857762679537700023502111434936523437500000000000 -9.2358698200681654810750842443667352199554443359375000000000000000 0.0038016885625873652644612921136513250530697405338287353515625000 -0.9538882153541637931581931297841947525739669799804687500000000000 -0.3546560276430348324083752231672406196594238281250000000000000000 -0.4320157415922898924698358769092010334134101867675781250000000000 -0.3594722918571899850093132045003585517406463623046875000000000000 0.2174003351085234125861234133481048047542572021484375000000000000 -0.9947684952578039752069116730126552283763885498046875000000000000 -0.5557323444510666732298886927310377359390258789062500000000000000
0.2528808177718208094475471625628415495157241821289062500000000000 460.7974105770032906548294704407453536987304687500000000000000000000 4681.9646026970985985826700925827026367187500000000000000000000000000 -0.9538882153541637931581931297841947525739669799804687500000000000 483.5571468876699441352684516459703445434570312500000000000000000000 152.7089491122613083007308887317776679992675781250000000000000000000 140.4832631113835930136701790615916252136230468750000000000000000000 116.0685565082129500069640926085412502288818359375000000000000000000 65.1229415343469497656769817695021629333496093750000000000000000000 592.7562369674284354914561845362186431884765625000000000000000000000 180.7135380698788367226370610296726226806640625000000000000000000000
0.1044299026932615642726531746120599564164876937866210937500000000 145.9507963192995703138876706361770629882812500000000000000000000000 1478.5799338516835632617585361003875732421875000000000000000000000000 -0.3546560276430348324083752231672406196594238281250000000000000000 152.7089491122613083007308887317776679992675781250000000000000000000 57.4533713217731616396122262813150882720947265625000000000000000000 43.8748146253395958638066076673567295074462890625000000000000000000 33.4288145216887713218056887853890657424926757812500000000000000000 13.5861251477907440943226902163587510585784912109375000000000000000 187.7468119890193634091701824218034744262695312500000000000000000000 56.4392711807866689355250855442136526107788085937500000000000000000
0.0716583757329983389583460962057870347052812576293945312500000000 116.8777731828493955390513292513787746429443359375000000000000000000 1360.2066878595283014874439686536788940429687500000000000000000000000 -0.4320157415922898924698358769092010334134101867675781250000000000 140.4832631113835930136701790615916252136230468750000000000000000000 43.8748146253395958638066076673567295074462890625000000000000000000 60.2131673394806341548246564343571662902832031250000000000000000000 49.8716937338415249314493848942220211029052734375000000000000000000 -12.1386608209983037909296399448066949844360351562500000000000000000 150.3481300605553769855760037899017333984375000000000000000000000000 77.4564476031841593339777318760752677917480468750000000000000000000
0.1260096237122146634046515600857674144208431243896484375000000000 96.4577218847166335535803227685391902923583984375000000000000000000 1123.8152027227488360949791967868804931640625000000000000000000000000 -0.3594722918571899850093132045003585517406463623046875000000000000 116.0685565082129500069640926085412502288818359375000000000000000000 33.4288145216887713218056887853890657424926757812500000000000000000 49.8716937338415249314493848942220211029052734375000000000000000000 48.2290649211359010450905770994722843170166015625000000000000000000 -15.5501107105858924484209637739695608615875244140625000000000000000 124.0803766219966774997374159283936023712158203125000000000000000000 64.1534800984389335098967421799898147583007812500000000000000000000
0.0487377650980241744482768240231962408870458602905273437500000000 89.2631832476347710780828492715954780578613281250000000000000000000 630.5424478777352987890481017529964447021484375000000000000000000000 0.2174003351085234125861234133481048047542572021484375000000000000 65.1229415343469497656769817695021629333496093750000000000000000000 13.5861251477907440943226902163587510585784912109375000000000000000 -12.1386608209983037909296399448066949844360351562500000000000000000 -15.5501107105858924484209637739695608615875244140625000000000000000 77.5996135646358311532821971923112869262695312500000000000000000000 114.8255337098080985924752894788980484008789062500000000000000000000 -15.6148162835140791315780006698332726955413818359375000000000000000
0.3120255398409739200360490940511226654052734375000000000000000000 584.0047781264129298506304621696472167968750000000000000000000000000 5739.2672973027629268472082912921905517578125000000000000000000000000 -0.9947684952578039752069116730126552283763885498046875000000000000 592.7562369674284354914561845362186431884765625000000000000000000000 187.7468119890193634091701824218034744262695312500000000000000000000 150.3481300605553769855760037899017333984375000000000000000000000000 124.0803766219966774997374159283936023712158203125000000000000000000 114.8255337098080985924752894788980484008789062500000000000000000000 751.2465710684847408629138953983783721923828125000000000000000000000 193.4034127886914404825802193954586982727050781250000000000000000000
0.0921792270783432649006172709960083011537790298461914062500000000 150.3481300605553769855760037899017333984375000000000000000000000000 1749.7298797403038861375534906983375549316406250000000000000000000000 -0.5557323444510666732298886927310377359390258789062500000000000000 180.7135380698788367226370610296726226806640625000000000000000000000 56.4392711807866689355250855442136526107788085937500000000000000000 77.4564476031841593339777318760752677917480468750000000000000000000 64.1534800984389335098967421799898147583007812500000000000000000000 -15.6148162835140791315780006698332726955413818359375000000000000000 193.4034127886914404825802193954586982727050781250000000000000000000 99.6376962115237745365448063239455223083496093750000000000000000000
