0.0156418039077854363616548738491474068723618984222412109375000000 0.0357734417512651364789988406300835777074098587036132812500000000 0.3363658667508333532936148912995122373104095458984375000000000000 0.0000087671387166134616354597891563216194299457129091024398803711 0.0417083124107346520093031472242728341370820999145507812500000000 0.0022733372566208177520397093474002758739516139030456542968750000 0.0148093058172936078292769579434207116719335317611694335937500000 0.0244298555023565872046376057369343470782041549682617187500000000 0.0208542986791880706476387530301508377306163311004638671875000000 0.0479507288160543193589191446335462387651205062866210937500000000 0.0198503966192726498396492473830221570096909999847412109375000000
0.0357734417512651364789988406300835777074098587036132812500000000 65.8755015950087283727043541148304939270019531250000000000000000000 590.8468759083783652386046014726161956787109375000000000000000000000 -0.0988255659188786717006536264307214878499507904052734375000000000 73.2631593251046382420099689625203609466552734375000000000000000000 12.9884622579746746851014904677867889404296875000000000000000000000 22.6852460876541819345675321528688073158264160156250000000000000000 22.0238631425292474830257560824975371360778808593750000000000000000 15.4865104254698682240132256993092596530914306640625000000000000000 88.2995361354097667572204954922199249267578125000000000000000000000 30.4073086072600702323143195826560258865356445312500000000000000000
0.3363658667508333532936148912995122373104095458984375000000000000 590.8468759083783652386046014726161956787109375000000000000000000000 5507.7644157392451234045438468456268310546875000000000000000000000000 -1.0517812776250392570176472872844897210597991943359375000000000000 682.9455115508112612587865442037582397460937500000000000000000000000 118.8584244874098914124260772950947284698486328125000000000000000000 236.9249220254259853390976786613464355468750000000000000000000000000 229.3420693398279581742826849222183227539062500000000000000000000000 108.8313213916292028216048493050038814544677734375000000000000000000 791.9712762189998329631634987890720367431640625000000000000000000000 317.5742151062170819386665243655443191528320312500000000000000000000
0.0000087671387166134616354597891563216194299457129091024398803711 -0.0988255659188786717006536264307214878499507904052734375000000000 -1.0517812776250392570176472872844897210597991943359375000000000000 0.0004441269407847214301977845085644958089687861502170562744140625 -0.1304175793420873363803735855981358326971530914306640625000000000 -0.0395338486066052208212084906335803680121898651123046875000000000 -0.0605897847994839935936717267850326607003808021545410156250000000 -0.0556917134724875528828391679780906997621059417724609375000000000 0.0248991625485278506024755529324465896934270858764648437500000000 -0.1324658092564341138608341452709282748401165008544921875000000000 -0.0812145602356081630635031842757598496973514556884765625000000000
0.0417083124107346520093031472242728341370820999145507812500000000 73.2631593251046382420099689625203609466552734375000000000000000000 682.9455115508112612587865442037582397460937500000000000000000000000 -0.1304175793420873363803735855981358326971530914306640625000000000 84.6831012623835590602539014071226119995117187500000000000000000000 14.7380718176165110833153448766097426414489746093750000000000000000 29.3779471775161518110053293639793992042541503906250000000000000000 28.4376972293554466375553602119907736778259277343750000000000000000 13.4947424853829804902716205106116831302642822265625000000000000000 98.2019541041568828632080112583935260772705078125000000000000000000 39.3782065498806730374781182035803794860839843750000000000000000000
0.0022733372566208177520397093474002758739516139030456542968750000 12.9884622579746746851014904677867889404296875000000000000000000000 118.8584244874098914124260772950947284698486328125000000000000000000 -0.0395338486066052208212084906335803680121898651123046875000000000 14.7380718176165110833153448766097426414489746093750000000000000000 6.1837700191662436921546941448468714952468872070312500000000000000 4.8521999199618486287022278702352195978164672851562500000000000000 3.6444753939348975002587849303381517529487609863281250000000000000 -0.1886593662123038084299508909680298529565334320068359375000000000 17.4097375309903910078901390079408884048461914062500000000000000000 6.5038897889980775701701531943399459123611450195312500000000000000
0.0148093058172936078292769579434207116719335317611694335937500000 22.6852460876541819345675321528688073158264160156250000000000000000 236.9249220254259853390976786613464355468750000000000000000000000000 -0.0605897847994839935936717267850326607003808021545410156250000000 29.3779471775161518110053293639793992042541503906250000000000000000 4.8521999199618486287022278702352195978164672851562500000000000000 13.1841751857777715883912605931982398033142089843750000000000000000 12.6913534607516709229457774199545383453369140625000000000000000000 0.5048962969074607398667353663768153637647628784179687500000000000 30.4073086072600666796006407821550965309143066406250000000000000000 17.6720711804092509566999069647863507270812988281250000000000000000
0.0244298555023565872046376057369343470782041549682617187500000000 22.0238631425292474830257560824975371360778808593750000000000000000 229.3420693398279581742826849222183227539062500000000000000000000000 -0.0556917134724875528828391679780906997621059417724609375000000000 28.4376972293554466375553602119907736778259277343750000000000000000 3.6444753939348975002587849303381517529487609863281250000000000000 12.6913534607516709229457774199545383453369140625000000000000000000 13.6748931437799772226071581826545298099517822265625000000000000000 0.0577972578363119479649689935740752844139933586120605468750000000 29.5207907690896007579794968478381633758544921875000000000000000000 17.0114928369639741845276148524135351181030273437500000000000000000
0.0208542986791880706476387530301508377306163311004638671875000000 15.4865104254698682240132256993092596530914306640625000000000000000 108.8313213916292028216048493050038814544677734375000000000000000000 0.0248991625485278506024755529324465896934270858764648437500000000 13.4947424853829804902716205106116831302642822265625000000000000000 -0.1886593662123038084299508909680298529565334320068359375000000000 0.5048962969074607398667353663768153637647628784179687500000000000 0.0577972578363119479649689935740752844139933586120605468750000000 12.6527372343096704554454845492728054523468017578125000000000000000 20.7581218179109256993797316681593656539916992187500000000000000000 0.6767631021240346766987272530968766659498214721679687500000000000
0.0479507288160543193589191446335462387651205062866210937500000000 88.2995361354097667572204954922199249267578125000000000000000000000 791.9712762189998329631634987890720367431640625000000000000000000000 -0.1324658092564341138608341452709282748401165008544921875000000000 98.2019541041568828632080112583935260772705078125000000000000000000 17.4097375309903910078901390079408884048461914062500000000000000000 30.4073086072600666796006407821550965309143066406250000000000000000 29.5207907690896007579794968478381633758544921875000000000000000000 20.7581218179109256993797316681593656539916992187500000000000000000 118.3567167300216453895700396969914436340332031250000000000000000000 40.7579628259066026885193423368036746978759765625000000000000000000
0.0198503966192726498396492473830221570096909999847412109375000000 30.4073086072600702323143195826560258865356445312500000000000000000 317.5742151062170819386665243655443191528320312500000000000000000000 -0.0812145602356081630635031842757598496973514556884765625000000000 39.3782065498806730374781182035803794860839843750000000000000000000 6.5038897889980775701701531943399459123611450195312500000000000000 17.6720711804092509566999069647863507270812988281250000000000000000 17.0114928369639741845276148524135351181030273437500000000000000000 0.6767631021240346766987272530968766659498214721679687500000000000 40.7579628259066026885193423368036746978759765625000000000000000000 23.6876479115919416074120817938819527626037597656250000000000000000
