0.0152213514745982436693338968325406312942504882812500000000000000 0.1366814933825671596334672130979015491902828216552734375000000000 1.6343772397510538674225699651287868618965148925781250000000000000 -0.0004214845842524681473161007883021511588594876229763031005859375 0.1385352256778737412012958429841091856360435485839843750000000000 0.0608327656826586904426079627228318713605403900146484375000000000 0.0402609527724804086568077821084443712607026100158691406250000000 0.0455013112912371828211455238033522618934512138366699218750000000 0.0107644695879616329736716551224162685684859752655029296875000000 0.1695652597397914185251011076616123318672180175781250000000000000 0.0499472075208379495681043636068352498114109039306640625000000000
0.1366814933825671596334672130979015491902828216552734375000000000 110.4046596042742294230265542864799499511718750000000000000000000000 1287.3698116566290536866290494799613952636718750000000000000000000000 -0.1751801241772045769629073674877872690558433532714843750000000000 109.1217272555131643230197369121015071868896484375000000000000000000 33.9648017631170162644593801815062761306762695312500000000000000000 28.4380898280966576407990942243486642837524414062500000000000000000 23.5498771925443080021977948490530252456665039062500000000000000000 21.7198676577210711968746181810274720191955566406250000000000000000 136.9665659847826191253261640667915344238281250000000000000000000000 35.2799195331279520360112655907869338989257812500000000000000000000
1.6343772397510538674225699651287868618965148925781250000000000000 1287.3698116566290536866290494799613952636718750000000000000000000000 15480.0367364209796505747362971305847167968750000000000000000000000000 -2.4612361837236318429233961069257929921150207519531250000000000000 1312.1391626259489839867455884814262390136718750000000000000000000000 407.1313743813184942155203316360712051391601562500000000000000000000 389.9418674020452044715057127177715301513671875000000000000000000000 321.3455490276211889977275859564542770385742187500000000000000000000 188.9353516395317740261816652491688728332519531250000000000000000000 1597.0940256244268766749883070588111877441406250000000000000000000000 483.7567427243251927393430378288030624389648437500000000000000000000
-0.0004214845842524681473161007883021511588594876229763031005859375 -0.1751801241772045769629073674877872690558433532714843750000000000 -2.4612361837236318429233961069257929921150207519531250000000000000 0.0007857110344975629274977269034252458368428051471710205078125000 -0.2086225272022497745361135912389727309346199035644531250000000000 -0.0756184609506207056073279204611026216298341751098632812500000000 -0.0972211832597645181364143240898556541651487350463867187500000000 -0.0795097015532840317719731615397904533892869949340820312500000000 0.0422362333711137211134101221432501915842294692993164062500000000 -0.2173261538357264266441148947706096805632114410400390625000000000 -0.1206113189406696206695812634279718622565269470214843750000000000
0.1385352256778737412012958429841091856360435485839843750000000000 109.1217272555131643230197369121015071868896484375000000000000000000 1312.1391626259489839867455884814262390136718750000000000000000000000 -0.2086225272022497745361135912389727309346199035644531250000000000 111.2212594461057904027256881818175315856933593750000000000000000000 34.5098031584494933099449553992599248886108398437500000000000000000 33.0527636385968222043629793915897607803344726562500000000000000000 27.2383125953850360190244828118011355400085449218750000000000000000 16.0147859021199963081016903743147850036621093750000000000000000000 135.3749770171573061361414147540926933288574218750000000000000000000 41.0048230583017172534709970932453870773315429687500000000000000000
0.0608327656826586904426079627228318713605403900146484375000000000 33.9648017631170162644593801815062761306762695312500000000000000000 407.1313743813184942155203316360712051391601562500000000000000000000 -0.0756184609506207056073279204611026216298341751098632812500000000 34.5098031584494933099449553992599248886108398437500000000000000000 12.6843589276421848666132063954137265682220458984375000000000000000 10.1285591594452970554129933589138090610504150390625000000000000000 7.7746487446097534146360885642934590578079223632812500000000000000 3.5491625854170023579570170113584026694297790527343750000000000000 42.1362855383318404278725211042910814285278320312500000000000000000 12.5653570366991260698341648094356060028076171875000000000000000000
0.0402609527724804086568077821084443712607026100158691406250000000 28.4380898280966576407990942243486642837524414062500000000000000000 389.9418674020452044715057127177715301513671875000000000000000000000 -0.0972211832597645181364143240898556541651487350463867187500000000 33.0527636385968222043629793915897607803344726562500000000000000000 10.1285591594452970554129933589138090610504150390625000000000000000 14.5868417507892100815070079988799989223480224609375000000000000000 11.8841743675146691572308554896153509616851806640625000000000000000 -2.4124601530069735844108436140231788158416748046875000000000000000 35.2799195331279520360112655907869338989257812500000000000000000000 18.0962436760386999878846836509183049201965332031250000000000000000
0.0455013112912371828211455238033522618934512138366699218750000000 23.5498771925443080021977948490530252456665039062500000000000000000 321.3455490276211889977275859564542770385742187500000000000000000000 -0.0795097015532840317719731615397904533892869949340820312500000000 27.2383125953850360190244828118011355400085449218750000000000000000 7.7746487446097534146360885642934590578079223632812500000000000000 11.8841743675146691572308554896153509616851806640625000000000000000 11.1284467958452424340975994709879159927368164062500000000000000000 -2.9090921275110948052144976827548816800117492675781250000000000000 29.2156673458125766273951740004122257232666015625000000000000000000 14.7433501313910451102628940134309232234954833984375000000000000000
0.0107644695879616329736716551224162685684859752655029296875000000 21.7198676577210711968746181810274720191955566406250000000000000000 188.9353516395317740261816652491688728332519531250000000000000000000 0.0422362333711137211134101221432501915842294692993164062500000000 16.0147859021199963081016903743147850036621093750000000000000000000 3.5491625854170023579570170113584026694297790527343750000000000000 -2.4124601530069735844108436140231788158416748046875000000000000000 -2.9090921275110948052144976827548816800117492675781250000000000000 16.9495736713676983242748974589630961418151855468750000000000000000 26.9453816295886596776654187124222517013549804687500000000000000000 -2.9928662786230479930793535459088161587715148925781250000000000000
0.1695652597397914185251011076616123318672180175781250000000000000 136.9665659847826191253261640667915344238281250000000000000000000000 1597.0940256244268766749883070588111877441406250000000000000000000000 -0.2173261538357264266441148947706096805632114410400390625000000000 135.3749770171573061361414147540926933288574218750000000000000000000 42.1362855383318404278725211042910814285278320312500000000000000000 35.2799195331279520360112655907869338989257812500000000000000000000 29.2156673458125766273951740004122257232666015625000000000000000000 26.9453816295886596776654187124222517013549804687500000000000000000 169.9189170539097801793104736134409904479980468750000000000000000000 43.7678033154763568290945840999484062194824218750000000000000000000
0.0499472075208379495681043636068352498114109039306640625000000000 35.2799195331279520360112655907869338989257812500000000000000000000 483.7567427243251927393430378288030624389648437500000000000000000000 -0.1206113189406696206695812634279718622565269470214843750000000000 41.0048230583017172534709970932453870773315429687500000000000000000 12.5653570366991260698341648094356060028076171875000000000000000000 18.0962436760386999878846836509183049201965332031250000000000000000 14.7433501313910451102628940134309232234954833984375000000000000000 -2.9928662786230479930793535459088161587715148925781250000000000000 43.7678033154763568290945840999484062194824218750000000000000000000 22.4499614637180080478628951823338866233825683593750000000000000000
