2.277211716284391940e+01 3.379229558699864100e+01 1.908663232275789312e+02 -2.371485454196426979e-01 3.740933333301826735e+01 2.323389014403166541e+01 7.065224129539553033e+00 3.403602620172556925e+01 7.372014540300209973e+00 5.239375324547609125e+01 1.095437889722715319e+01
3.379229558699864100e+01 1.613916217555592011e+05 9.357057648551681777e+05 -4.057716879954454612e+02 1.833960452905923885e+05 6.924089680179911375e+04 3.895223363667338708e+04 3.092429283473756004e+04 2.728620271149072505e+04 2.502319732726697403e+05 6.039405379447525047e+04
1.908663232275789312e+02 9.357057648551681777e+05 5.648575532732025720e+06 -2.940251683774293724e+03 1.107107012842438649e+06 4.169736788689338136e+05 2.741016448985287570e+05 2.249232656230294087e+05 7.888030380660740775e+04 1.450778531099655898e+06 4.249848581615165458e+05
-2.371485454196426979e-01 -4.057716879954454612e+02 -2.940251683774293724e+03 3.218142973801775497e+00 -5.762821510955155873e+02 -2.541322500123720545e+02 -2.247943602897424853e+02 -1.991119717846906383e+02 2.253092015137638100e+02 -6.291345801027304105e+02 -3.485356658790260553e+02
3.740933333301826735e+01 1.833960452905923885e+05 1.107107012842438649e+06 -5.762821510955155873e+02 2.169902714024760353e+05 8.172582297456341621e+04 5.372325315300081274e+04 4.408441088902971387e+04 1.546034695179142363e+04 2.843490498718413291e+05 8.329599455579862115e+04
2.323389014403166541e+01 6.924089680179911375e+04 4.169736788689338136e+05 -2.541322500123720545e+02 8.172582297456341621e+04 3.565332397665038297e+04 2.006449029555243033e+04 1.482519478077544773e+04 1.359442121148133310e+03 1.073555494976409391e+05 3.110927906140502455e+04
7.065224129539553033e+00 3.895223363667338708e+04 2.741016448985287570e+05 -2.247943602897424853e+02 5.372325315300081274e+04 2.006449029555243033e+04 1.982015712206199169e+04 1.731390750258334810e+04 -1.053604059443110418e+04 6.039405379447525047e+04 3.073044916011629903e+04
3.403602620172556925e+01 3.092429283473756004e+04 2.249232656230294087e+05 -1.991119717846906383e+02 4.408441088902971387e+04 1.482519478077544773e+04 1.731390750258334810e+04 1.919459212684270460e+04 -1.407212406182158702e+04 4.794701691404073790e+04 2.684459820345462504e+04
7.372014540300209973e+00 2.728620271149072505e+04 7.888030380660740775e+04 2.253092015137638100e+02 1.546034695179142363e+04 1.359442121148133310e+03 -1.053604059443110418e+04 -1.407212406182158702e+04 4.680243861995411862e+04 4.230628748471082508e+04 -1.633575646459871678e+04
5.239375324547609125e+01 2.502319732726697403e+05 1.450778531099655898e+06 -6.291345801027304105e+02 2.843490498718413291e+05 1.073555494976409391e+05 6.039405379447525047e+04 4.794701691404073790e+04 4.230628748471082508e+04 3.879757806930723018e+05 9.363883385357177758e+04
1.095437889722715319e+01 6.039405379447525047e+04 4.249848581615165458e+05 -3.485356658790260553e+02 8.329599455579862115e+04 3.110927906140502455e+04 3.073044916011629903e+04 2.684459820345462504e+04 -1.633575646459871678e+04 9.363883385357177758e+04 4.764646918622640806e+04
