3.204315768540069342e+01 -6.531522971909065234e+01 -4.356218518809456555e+02 2.161649555803024647e-01 -7.647163133491841336e+01 -3.491359796603333621e+01 -2.057263348591068564e+01 3.044605533041654510e+01 2.289606896711540429e+01 -9.714682502070250791e+01 -3.059877511058732225e+01
-6.531522971909065234e+01 2.342521563924159273e+05 1.477186254966765409e+06 -5.530349428252916368e+02 2.593139949593244528e+05 9.623718143232697912e+04 5.667179409168285929e+04 4.447826378602320619e+04 4.029917809490636137e+04 3.484157270157280727e+05 8.429098217846154876e+04
-4.356218518809456555e+02 1.477186254966765409e+06 9.690169567333510146e+06 -4.348725235203196462e+03 1.701069566474578111e+06 6.299678511756507214e+05 4.327330372703417670e+05 3.498003587986301281e+05 1.363826617508190975e+05 2.197097908886310644e+06 6.436269279489610344e+05
2.161649555803024647e-01 -5.530349428252916368e+02 -4.348725235203196462e+03 4.076536418401854434e+00 -7.634008981124319462e+02 -3.298452879034929879e+02 -3.068496186088508466e+02 -2.663080832193629135e+02 2.811484004460293704e+02 -8.225583688834459508e+02 -4.563938048578961002e+02
-7.647163133491841336e+01 2.593139949593244528e+05 1.701069566474578111e+06 -7.634008981124319462e+02 2.986157930342868785e+05 1.105882752665976586e+05 7.596451176563324407e+04 6.140601983892591670e+04 2.394141750431250330e+04 3.856915362937122118e+05 1.129860702322858997e+05
-3.491359796603333621e+01 9.623718143232697912e+04 6.299678511756507214e+05 -3.298452879034929879e+02 1.105882752665976586e+05 4.734856470096966223e+04 2.792351629551489168e+04 2.039755868526104314e+04 3.097152598768847838e+03 1.431386931547337153e+05 4.153213520322722616e+04
-2.057263348591068564e+01 5.667179409168285929e+04 4.327330372703417670e+05 -3.068496186088508466e+02 7.596451176563324407e+04 2.792351629551489168e+04 2.885246605530850502e+04 2.468881761851290139e+04 -1.390772873503384108e+04 8.429098217846154876e+04 4.291381173036828841e+04
3.044605533041654510e+01 4.447826378602320619e+04 3.498003587986301281e+05 -2.663080832193629135e+02 6.140601983892591670e+04 2.039755868526104314e+04 2.468881761851290139e+04 2.658553277332008656e+04 -1.830176202955654298e+04 6.615489416218808037e+04 3.672099532481135975e+04
2.289606896711540429e+01 4.029917809490636137e+04 1.363826617508190975e+05 2.811484004460293704e+02 2.394141750431250330e+04 3.097152598768847838e+03 -1.390772873503384108e+04 -1.830176202955654298e+04 6.186112824348198046e+04 5.993911710486896482e+04 -2.068570677418629930e+04
-9.714682502070250791e+01 3.484157270157280727e+05 2.197097908886310644e+06 -8.225583688834459508e+02 3.856915362937122118e+05 1.431386931547337153e+05 8.429098217846154876e+04 6.615489416218808037e+04 5.993911710486896482e+04 5.182172949927579029e+05 1.253704738042243989e+05
-3.059877511058732225e+01 8.429098217846154876e+04 6.436269279489610344e+05 -4.563938048578961002e+02 1.129860702322858997e+05 4.153213520322722616e+04 4.291381173036828841e+04 3.672099532481135975e+04 -2.068570677418629930e+04 1.253704738042243989e+05 6.382800117325373867e+04
