# A b_HI Tb sigma_NL sigma8tot n_s f DA H omegak omegaDE w0 wa h gamma sigma_8 fs8 bs8 pk0 pk1 pk2 pk3 pk4 pk5 pk6 pk7 pk8 pk9 pk10 pk11 pk12 pk13 pk14 pk15 pk16 pk17 pk18 pk19 pk20 pk21 pk22 pk23 pk24 pk25 pk26 pk27 pk28 pk29 pk30 pk31 pk32 pk33 pk34 pk35 pk36 pk37 pk38 pk39 pk40 pk41 pk42 pk43 pk44 pk45 pk46 pk47 pk48 pk49 pk50 pk51 pk52 pk53 pk54 pk55 pk56 pk57 pk58 pk59 pk60 pk61 pk62 pk63 pk64 pk65 pk66 pk67 pk68 pk69 pk70 pk71 pk72 pk73 pk74 pk75 pk76 pk77 pk78 pk79 pk80 pk81 pk82 pk83 pk84 pk85 pk86 pk87 pk88 pk89
5.970229419384112668e-02 -5.931553908616221671e-01 -4.710923021801102450e+00 2.648911979250814005e-03 -6.583114620559388230e-01 -3.294750044116130927e-01 -1.835496839571881811e-01 3.483096713730064742e-02 1.460961533326558814e-01 -4.768594496750783174e-01 -1.309130317440931612e-01 9.127978019618569749e-02 1.039349505373447259e-02 1.224059493102002544e-01 2.358354929307536485e-01 -4.777796131760185805e-01 -8.205784526004467061e-01 -2.539248870656020673e-01 0.000000000000000000e+00 0.000000000000000000e+00 0.000000000000000000e+00 0.000000000000000000e+00 0.000000000000000000e+00 0.000000000000000000e+00 0.000000000000000000e+00 0.000000000000000000e+00 0.000000000000000000e+00 0.000000000000000000e+00 0.000000000000000000e+00 0.000000000000000000e+00 0.000000000000000000e+00 0.000000000000000000e+00 0.000000000000000000e+00 0.000000000000000000e+00 0.000000000000000000e+00 0.000000000000000000e+00 0.000000000000000000e+00 0.000000000000000000e+00 0.000000000000000000e+00 -5.770981575462141624e-22 -3.492801236596757946e-19 -6.188843810143494562e-18 -1.767920135737636337e-17 -1.667652212192492158e-17 -9.856865275554726905e-05 -2.344668139447479878e-03 -6.552670606438388244e-03 -8.894771190894920632e-03 -2.042202188817625504e-03 1.960836728234661291e-02 4.691734046803593822e-02 4.026209192972620560e-02 -4.557667988406883391e-02 -1.337505776013184766e-01 6.661271816687542105e-03 2.297352532504921829e-01 -5.183090317878783632e-02 -3.188545333568907347e-01 3.337151828495062977e-01 -1.662277306082696193e-01 -2.152898797733313885e-01 0.000000000000000000e+00 0.000000000000000000e+00 0.000000000000000000e+00 0.000000000000000000e+00 0.000000000000000000e+00 0.000000000000000000e+00 0.000000000000000000e+00 0.000000000000000000e+00 0.000000000000000000e+00 0.000000000000000000e+00 0.000000000000000000e+00 0.000000000000000000e+00 0.000000000000000000e+00 0.000000000000000000e+00 0.000000000000000000e+00 0.000000000000000000e+00 0.000000000000000000e+00 0.000000000000000000e+00 0.000000000000000000e+00 0.000000000000000000e+00 0.000000000000000000e+00 0.000000000000000000e+00 0.000000000000000000e+00 0.000000000000000000e+00 0.000000000000000000e+00 0.000000000000000000e+00 0.000000000000000000e+00 0.000000000000000000e+00 0.000000000000000000e+00 0.000000000000000000e+00 0.000000000000000000e+00 0.000000000000000000e+00 0.000000000000000000e+00 0.000000000000000000e+00 0.000000000000000000e+00 0.000000000000000000e+00 0.000000000000000000e+00 0.000000000000000000e+00 0.000000000000000000e+00 0.000000000000000000e+00 0.000000000000000000e+00 0.000000000000000000e+00 0.000000000000000000e+00 0.000000000000000000e+00 0.000000000000000000e+00 0.000000000000000000e+00 0.000000000000000000e+00
-5.931553908616221671e-01 4.225733099200378433e+02 3.295215459769642166e+03 -1.017743109065883722e+00 4.604783599883397756e+02 1.669640642524979626e+02 1.201953313008777116e+02 -9.616204961828555042e+01 8.023847246644449172e+01 4.610895482331399080e+02 2.527992927390619826e+01 -3.235768982892179224e+01 -4.050383445261509507e+00 2.195029916802414220e+02 -1.680129463202022180e+02 3.403777756429533952e+02 5.845931068092214673e+02 1.662796975096222809e+02 0.000000000000000000e+00 0.000000000000000000e+00 0.000000000000000000e+00 0.000000000000000000e+00 0.000000000000000000e+00 0.000000000000000000e+00 0.000000000000000000e+00 0.000000000000000000e+00 0.000000000000000000e+00 0.000000000000000000e+00 0.000000000000000000e+00 0.000000000000000000e+00 0.000000000000000000e+00 0.000000000000000000e+00 0.000000000000000000e+00 0.000000000000000000e+00 0.000000000000000000e+00 0.000000000000000000e+00 0.000000000000000000e+00 0.000000000000000000e+00 0.000000000000000000e+00 1.259289614388356319e-06 2.088655481980981627e-03 1.105253754829785967e-02 2.752527660350531299e-02 5.572340706573337965e-02 1.023616973678890818e-01 1.758913564902614135e-01 2.906221614618400562e-01 4.690400767078852229e-01 7.391509996535231553e-01 1.143992107188247065e+00 1.745172351650735365e+00 2.635347511047312796e+00 3.911451824463125782e+00 5.747984274981210007e+00 8.441027925749351013e+00 1.228279454478348676e+01 1.746663700240347339e+01 2.452734849542366291e+01 3.446334094995797415e+01 4.647956686525955661e+01 3.133478870750272804e+01 0.000000000000000000e+00 0.000000000000000000e+00 0.000000000000000000e+00 0.000000000000000000e+00 0.000000000000000000e+00 0.000000000000000000e+00 0.000000000000000000e+00 0.000000000000000000e+00 0.000000000000000000e+00 0.000000000000000000e+00 0.000000000000000000e+00 0.000000000000000000e+00 0.000000000000000000e+00 0.000000000000000000e+00 0.000000000000000000e+00 0.000000000000000000e+00 0.000000000000000000e+00 0.000000000000000000e+00 0.000000000000000000e+00 0.000000000000000000e+00 0.000000000000000000e+00 0.000000000000000000e+00 0.000000000000000000e+00 0.000000000000000000e+00 0.000000000000000000e+00 0.000000000000000000e+00 0.000000000000000000e+00 0.000000000000000000e+00 0.000000000000000000e+00 0.000000000000000000e+00 0.000000000000000000e+00 0.000000000000000000e+00 0.000000000000000000e+00 0.000000000000000000e+00 0.000000000000000000e+00 0.000000000000000000e+00 0.000000000000000000e+00 0.000000000000000000e+00 0.000000000000000000e+00 0.000000000000000000e+00 0.000000000000000000e+00 0.000000000000000000e+00 0.000000000000000000e+00 0.000000000000000000e+00 0.000000000000000000e+00 0.000000000000000000e+00 0.000000000000000000e+00
-4.710923021801102450e+00 3.295215459769642166e+03 2.661536779821461096e+04 -9.537395494497770798e+00 3.719271490388400252e+03 1.339727431619306117e+03 1.096768880086561921e+03 -9.252576648156843930e+02 3.173886207895396296e+02 3.537941040612848610e+03 2.602100863816040714e+02 -2.799422332081948070e+02 -3.520849110177518781e+01 1.587930528970115347e+03 -1.310160497974992040e+03 2.654256864147200758e+03 4.558641537481463274e+03 1.517283538761117825e+03 0.000000000000000000e+00 0.000000000000000000e+00 0.000000000000000000e+00 0.000000000000000000e+00 0.000000000000000000e+00 0.000000000000000000e+00 0.000000000000000000e+00 0.000000000000000000e+00 0.000000000000000000e+00 0.000000000000000000e+00 0.000000000000000000e+00 0.000000000000000000e+00 0.000000000000000000e+00 0.000000000000000000e+00 0.000000000000000000e+00 0.000000000000000000e+00 0.000000000000000000e+00 0.000000000000000000e+00 0.000000000000000000e+00 0.000000000000000000e+00 0.000000000000000000e+00 1.486409722401777393e-05 2.391925143353012054e-02 1.211588709498449545e-01 2.886606231043606363e-01 5.614308625732173930e-01 9.951402101732220729e-01 1.658590510585232103e+00 2.668861816154612931e+00 4.209490768805224548e+00 6.505477853265055899e+00 9.901081787525141564e+00 1.488892177762895841e+01 2.221079049747411105e+01 3.262952828198569222e+01 4.754179302133502460e+01 6.929491899301099522e+01 1.001936803468363877e+02 1.417434797387726917e+02 1.980999389500785526e+02 2.769910775546294985e+02 3.715310477098451543e+02 2.491472517059747247e+02 0.000000000000000000e+00 0.000000000000000000e+00 0.000000000000000000e+00 0.000000000000000000e+00 0.000000000000000000e+00 0.000000000000000000e+00 0.000000000000000000e+00 0.000000000000000000e+00 0.000000000000000000e+00 0.000000000000000000e+00 0.000000000000000000e+00 0.000000000000000000e+00 0.000000000000000000e+00 0.000000000000000000e+00 0.000000000000000000e+00 0.000000000000000000e+00 0.000000000000000000e+00 0.000000000000000000e+00 0.000000000000000000e+00 0.000000000000000000e+00 0.000000000000000000e+00 0.000000000000000000e+00 0.000000000000000000e+00 0.000000000000000000e+00 0.000000000000000000e+00 0.000000000000000000e+00 0.000000000000000000e+00 0.000000000000000000e+00 0.000000000000000000e+00 0.000000000000000000e+00 0.000000000000000000e+00 0.000000000000000000e+00 0.000000000000000000e+00 0.000000000000000000e+00 0.000000000000000000e+00 0.000000000000000000e+00 0.000000000000000000e+00 0.000000000000000000e+00 0.000000000000000000e+00 0.000000000000000000e+00 0.000000000000000000e+00 0.000000000000000000e+00 0.000000000000000000e+00 0.000000000000000000e+00 0.000000000000000000e+00 0.000000000000000000e+00 0.000000000000000000e+00
2.648911979250814005e-03 -1.017743109065883722e+00 -9.537395494497770798e+00 6.400403591212903108e-03 -1.332769978013373491e+00 -5.471328042075805920e-01 -5.672311302628829655e-01 5.368282075821405597e-01 5.497328636927846235e-01 -9.137146390088336512e-01 -2.330713420588810258e-01 1.552573798330053045e-01 1.927933777611943664e-02 -7.533788378662975571e-02 4.046493574892334188e-01 -8.197799707353514709e-01 -1.407958316570170121e+00 -7.847145120973977317e-01 0.000000000000000000e+00 0.000000000000000000e+00 0.000000000000000000e+00 0.000000000000000000e+00 0.000000000000000000e+00 0.000000000000000000e+00 0.000000000000000000e+00 0.000000000000000000e+00 0.000000000000000000e+00 0.000000000000000000e+00 0.000000000000000000e+00 0.000000000000000000e+00 0.000000000000000000e+00 0.000000000000000000e+00 0.000000000000000000e+00 0.000000000000000000e+00 0.000000000000000000e+00 0.000000000000000000e+00 0.000000000000000000e+00 0.000000000000000000e+00 0.000000000000000000e+00 -1.791368389467410252e-10 -3.065164320850794786e-07 -1.730609184687210603e-06 -4.709959782416601952e-06 -1.059600735840285615e-05 -2.200053536328155815e-05 -4.326184423787946584e-05 -8.266951676115787627e-05 -1.565754731047275380e-04 -2.924418476229775584e-04 -5.399799083285112579e-04 -9.900793101932058027e-04 -1.819012763215678216e-03 -3.295531526102829685e-03 -5.941682500802570634e-03 -1.077256504363492337e-02 -1.944601260674637400e-02 -3.437156249859592283e-02 -6.003093906509885530e-02 -1.052737310100604340e-01 -1.757526280655169471e-01 -1.370138322444545143e-01 0.000000000000000000e+00 0.000000000000000000e+00 0.000000000000000000e+00 0.000000000000000000e+00 0.000000000000000000e+00 0.000000000000000000e+00 0.000000000000000000e+00 0.000000000000000000e+00 0.000000000000000000e+00 0.000000000000000000e+00 0.000000000000000000e+00 0.000000000000000000e+00 0.000000000000000000e+00 0.000000000000000000e+00 0.000000000000000000e+00 0.000000000000000000e+00 0.000000000000000000e+00 0.000000000000000000e+00 0.000000000000000000e+00 0.000000000000000000e+00 0.000000000000000000e+00 0.000000000000000000e+00 0.000000000000000000e+00 0.000000000000000000e+00 0.000000000000000000e+00 0.000000000000000000e+00 0.000000000000000000e+00 0.000000000000000000e+00 0.000000000000000000e+00 0.000000000000000000e+00 0.000000000000000000e+00 0.000000000000000000e+00 0.000000000000000000e+00 0.000000000000000000e+00 0.000000000000000000e+00 0.000000000000000000e+00 0.000000000000000000e+00 0.000000000000000000e+00 0.000000000000000000e+00 0.000000000000000000e+00 0.000000000000000000e+00 0.000000000000000000e+00 0.000000000000000000e+00 0.000000000000000000e+00 0.000000000000000000e+00 0.000000000000000000e+00 0.000000000000000000e+00
-6.583114620559388230e-01 4.604783599883397756e+02 3.719271490388400252e+03 -1.332769978013373491e+00 5.197365869256889255e+02 1.872155244703104415e+02 1.532641313912182852e+02 -1.292968964435339103e+02 4.435236280129166886e+01 4.943971973931965067e+02 3.636214848233370134e+01 -3.911954833089863115e+01 -4.920087453505352926e+00 2.218997982628705188e+02 -1.830837967333418419e+02 3.709098426831665734e+02 6.370314186074293730e+02 2.120274816915511451e+02 0.000000000000000000e+00 0.000000000000000000e+00 0.000000000000000000e+00 0.000000000000000000e+00 0.000000000000000000e+00 0.000000000000000000e+00 0.000000000000000000e+00 0.000000000000000000e+00 0.000000000000000000e+00 0.000000000000000000e+00 0.000000000000000000e+00 0.000000000000000000e+00 0.000000000000000000e+00 0.000000000000000000e+00 0.000000000000000000e+00 0.000000000000000000e+00 0.000000000000000000e+00 0.000000000000000000e+00 0.000000000000000000e+00 0.000000000000000000e+00 0.000000000000000000e+00 2.077131282001638754e-06 3.342512138198898246e-03 1.693092268902005731e-02 4.033786923590130385e-02 7.845519238448428467e-02 1.390623883425975149e-01 2.317739302728027417e-01 3.729507606231884376e-01 5.882405655322435756e-01 9.090852508386124686e-01 1.383592047103566314e+00 2.080600302426518500e+00 3.103769239731734242e+00 4.559699313723258207e+00 6.643561596697488802e+00 9.683376107872835092e+00 1.400121545027361769e+01 1.980744685317581855e+01 2.768278314884432945e+01 3.870714940523959058e+01 5.191830689764333329e+01 3.481621134090865866e+01 0.000000000000000000e+00 0.000000000000000000e+00 0.000000000000000000e+00 0.000000000000000000e+00 0.000000000000000000e+00 0.000000000000000000e+00 0.000000000000000000e+00 0.000000000000000000e+00 0.000000000000000000e+00 0.000000000000000000e+00 0.000000000000000000e+00 0.000000000000000000e+00 0.000000000000000000e+00 0.000000000000000000e+00 0.000000000000000000e+00 0.000000000000000000e+00 0.000000000000000000e+00 0.000000000000000000e+00 0.000000000000000000e+00 0.000000000000000000e+00 0.000000000000000000e+00 0.000000000000000000e+00 0.000000000000000000e+00 0.000000000000000000e+00 0.000000000000000000e+00 0.000000000000000000e+00 0.000000000000000000e+00 0.000000000000000000e+00 0.000000000000000000e+00 0.000000000000000000e+00 0.000000000000000000e+00 0.000000000000000000e+00 0.000000000000000000e+00 0.000000000000000000e+00 0.000000000000000000e+00 0.000000000000000000e+00 0.000000000000000000e+00 0.000000000000000000e+00 0.000000000000000000e+00 0.000000000000000000e+00 0.000000000000000000e+00 0.000000000000000000e+00 0.000000000000000000e+00 0.000000000000000000e+00 0.000000000000000000e+00 0.000000000000000000e+00 0.000000000000000000e+00
-3.294750044116130927e-01 1.669640642524979626e+02 1.339727431619306117e+03 -5.471328042075805920e-01 1.872155244703104415e+02 7.625068472041461121e+01 5.403878259839996900e+01 -4.258688628993267855e+01 5.492044494705224267e+00 1.721933370178085738e+02 1.712396338369085669e+01 -1.607927872836642180e+01 -1.977985654864091503e+00 6.257895249922818692e+01 -6.638404202566873380e+01 1.344875681176511364e+02 2.309801370685997881e+02 7.475791552799330475e+01 0.000000000000000000e+00 0.000000000000000000e+00 0.000000000000000000e+00 0.000000000000000000e+00 0.000000000000000000e+00 0.000000000000000000e+00 0.000000000000000000e+00 0.000000000000000000e+00 0.000000000000000000e+00 0.000000000000000000e+00 0.000000000000000000e+00 0.000000000000000000e+00 0.000000000000000000e+00 0.000000000000000000e+00 0.000000000000000000e+00 0.000000000000000000e+00 0.000000000000000000e+00 0.000000000000000000e+00 0.000000000000000000e+00 0.000000000000000000e+00 0.000000000000000000e+00 -1.070293935583794871e-06 -1.635614412545441897e-03 -7.573391631254378260e-03 -1.610786335322078600e-02 -2.746866707818712908e-02 -4.169337652623187479e-02 -5.796169958212332024e-02 -7.478873566990186517e-02 -8.830336915252093299e-02 -9.083401895075421395e-02 -6.934717938541597182e-02 -7.815717354558870565e-04 1.562000216314578804e-01 4.571754629558992811e-01 9.966260256559511532e-01 1.939638809642316053e+00 3.509451450769125458e+00 5.950833981428112374e+00 9.692959246865125778e+00 1.551576905292771436e+01 2.339528185206237865e+01 1.694502748328105213e+01 0.000000000000000000e+00 0.000000000000000000e+00 0.000000000000000000e+00 0.000000000000000000e+00 0.000000000000000000e+00 0.000000000000000000e+00 0.000000000000000000e+00 0.000000000000000000e+00 0.000000000000000000e+00 0.000000000000000000e+00 0.000000000000000000e+00 0.000000000000000000e+00 0.000000000000000000e+00 0.000000000000000000e+00 0.000000000000000000e+00 0.000000000000000000e+00 0.000000000000000000e+00 0.000000000000000000e+00 0.000000000000000000e+00 0.000000000000000000e+00 0.000000000000000000e+00 0.000000000000000000e+00 0.000000000000000000e+00 0.000000000000000000e+00 0.000000000000000000e+00 0.000000000000000000e+00 0.000000000000000000e+00 0.000000000000000000e+00 0.000000000000000000e+00 0.000000000000000000e+00 0.000000000000000000e+00 0.000000000000000000e+00 0.000000000000000000e+00 0.000000000000000000e+00 0.000000000000000000e+00 0.000000000000000000e+00 0.000000000000000000e+00 0.000000000000000000e+00 0.000000000000000000e+00 0.000000000000000000e+00 0.000000000000000000e+00 0.000000000000000000e+00 0.000000000000000000e+00 0.000000000000000000e+00 0.000000000000000000e+00 0.000000000000000000e+00 0.000000000000000000e+00
-1.835496839571881811e-01 1.201953313008777116e+02 1.096768880086561921e+03 -5.672311302628829655e-01 1.532641313912182852e+02 5.403878259839996900e+01 6.185563905121169626e+01 -5.777792475571577313e+01 -3.066179559013455957e+01 1.211544799315673515e+02 1.813310996238904949e+01 -1.399477561756058641e+01 -1.780708235340969114e+00 4.096724060708763915e+01 -4.778903747994544204e+01 9.681590992720816757e+01 1.662796975096222809e+02 8.557185074812262826e+01 0.000000000000000000e+00 0.000000000000000000e+00 0.000000000000000000e+00 0.000000000000000000e+00 0.000000000000000000e+00 0.000000000000000000e+00 0.000000000000000000e+00 0.000000000000000000e+00 0.000000000000000000e+00 0.000000000000000000e+00 0.000000000000000000e+00 0.000000000000000000e+00 0.000000000000000000e+00 0.000000000000000000e+00 0.000000000000000000e+00 0.000000000000000000e+00 0.000000000000000000e+00 0.000000000000000000e+00 0.000000000000000000e+00 0.000000000000000000e+00 0.000000000000000000e+00 1.233240088094996914e-06 1.918063153836505400e-03 9.210500339819679277e-03 2.066984857043921431e-02 3.786424529536992767e-02 6.327765873918640704e-02 9.981692665938186881e-02 1.525051478567095720e-01 2.291592255009604340e-01 3.388919622031844048e-01 4.954463185511848167e-01 7.184615586642308926e-01 1.037634483770764504e+00 1.481742359135388210e+00 2.106650294188061601e+00 3.003251673689204981e+00 4.259192506728195937e+00 5.929060392178179484e+00 8.162423224071067906e+00 1.123327882715809167e+01 1.479646584909635720e+01 9.745348513728957940e+00 0.000000000000000000e+00 0.000000000000000000e+00 0.000000000000000000e+00 0.000000000000000000e+00 0.000000000000000000e+00 0.000000000000000000e+00 0.000000000000000000e+00 0.000000000000000000e+00 0.000000000000000000e+00 0.000000000000000000e+00 0.000000000000000000e+00 0.000000000000000000e+00 0.000000000000000000e+00 0.000000000000000000e+00 0.000000000000000000e+00 0.000000000000000000e+00 0.000000000000000000e+00 0.000000000000000000e+00 0.000000000000000000e+00 0.000000000000000000e+00 0.000000000000000000e+00 0.000000000000000000e+00 0.000000000000000000e+00 0.000000000000000000e+00 0.000000000000000000e+00 0.000000000000000000e+00 0.000000000000000000e+00 0.000000000000000000e+00 0.000000000000000000e+00 0.000000000000000000e+00 0.000000000000000000e+00 0.000000000000000000e+00 0.000000000000000000e+00 0.000000000000000000e+00 0.000000000000000000e+00 0.000000000000000000e+00 0.000000000000000000e+00 0.000000000000000000e+00 0.000000000000000000e+00 0.000000000000000000e+00 0.000000000000000000e+00 0.000000000000000000e+00 0.000000000000000000e+00 0.000000000000000000e+00 0.000000000000000000e+00 0.000000000000000000e+00 0.000000000000000000e+00
3.483096713730064742e-02 -9.616204961828555042e+01 -9.252576648156843930e+02 5.368282075821405597e-01 -1.292968964435339103e+02 -4.258688628993267855e+01 -5.777792475571577313e+01 6.471116004970005520e+01 4.893894585926821605e+01 -9.463713284386224700e+01 -1.871056463192063291e+01 1.296094951779783244e+01 1.680518939813134160e+00 -2.905583821126386113e+01 3.823352990186452161e+01 -7.745738735021623711e+01 -1.330317604633703752e+02 -7.993069071097920641e+01 -0.000000000000000000e+00 -0.000000000000000000e+00 -0.000000000000000000e+00 -0.000000000000000000e+00 -0.000000000000000000e+00 -0.000000000000000000e+00 -0.000000000000000000e+00 -0.000000000000000000e+00 -0.000000000000000000e+00 -0.000000000000000000e+00 -0.000000000000000000e+00 -0.000000000000000000e+00 -0.000000000000000000e+00 -0.000000000000000000e+00 -0.000000000000000000e+00 -0.000000000000000000e+00 -0.000000000000000000e+00 -0.000000000000000000e+00 -0.000000000000000000e+00 -0.000000000000000000e+00 -0.000000000000000000e+00 -1.912835261624067230e-06 -2.867834652547104120e-03 -1.304791259247936597e-02 -2.765802173298956626e-02 -4.801475624202610620e-02 -7.840239091932880988e-02 -1.301045950958248654e-01 -1.976667411277374664e-01 -2.941624205431316863e-01 -4.291921769918277119e-01 -6.118338551215147803e-01 -8.543400457420139427e-01 -1.182462565605107985e+00 -1.599626461808235867e+00 -2.181879334058007380e+00 -3.078822498913019512e+00 -4.359527850670782634e+00 -5.335435318685627593e+00 -6.451421306907414888e+00 -9.914446600837941048e+00 -1.079854173536129025e+01 -6.336737317991849139e+00 -0.000000000000000000e+00 -0.000000000000000000e+00 -0.000000000000000000e+00 -0.000000000000000000e+00 -0.000000000000000000e+00 -0.000000000000000000e+00 -0.000000000000000000e+00 -0.000000000000000000e+00 -0.000000000000000000e+00 -0.000000000000000000e+00 -0.000000000000000000e+00 -0.000000000000000000e+00 -0.000000000000000000e+00 -0.000000000000000000e+00 -0.000000000000000000e+00 -0.000000000000000000e+00 -0.000000000000000000e+00 -0.000000000000000000e+00 -0.000000000000000000e+00 -0.000000000000000000e+00 -0.000000000000000000e+00 -0.000000000000000000e+00 -0.000000000000000000e+00 -0.000000000000000000e+00 -0.000000000000000000e+00 -0.000000000000000000e+00 -0.000000000000000000e+00 -0.000000000000000000e+00 -0.000000000000000000e+00 -0.000000000000000000e+00 -0.000000000000000000e+00 -0.000000000000000000e+00 -0.000000000000000000e+00 -0.000000000000000000e+00 -0.000000000000000000e+00 -0.000000000000000000e+00 -0.000000000000000000e+00 -0.000000000000000000e+00 -0.000000000000000000e+00 -0.000000000000000000e+00 -0.000000000000000000e+00 -0.000000000000000000e+00 -0.000000000000000000e+00 -0.000000000000000000e+00 -0.000000000000000000e+00 -0.000000000000000000e+00 -0.000000000000000000e+00
1.460961533326558814e-01 8.023847246644449172e+01 3.173886207895396296e+02 5.497328636927846235e-01 4.435236280129166886e+01 5.492044494705224267e+00 -3.066179559013455957e+01 4.893894585926821605e+01 1.647488240119938325e+02 1.243039402401058311e+02 -2.885704086765178999e+01 8.886687305741533649e+00 1.108570737831983122e+00 1.252739403505866278e+02 -3.190239859178694104e+01 6.463113532722826449e+01 1.110028882649048114e+02 -4.241790459453739004e+01 0.000000000000000000e+00 0.000000000000000000e+00 0.000000000000000000e+00 0.000000000000000000e+00 0.000000000000000000e+00 0.000000000000000000e+00 0.000000000000000000e+00 0.000000000000000000e+00 0.000000000000000000e+00 0.000000000000000000e+00 0.000000000000000000e+00 0.000000000000000000e+00 0.000000000000000000e+00 0.000000000000000000e+00 0.000000000000000000e+00 0.000000000000000000e+00 0.000000000000000000e+00 0.000000000000000000e+00 0.000000000000000000e+00 0.000000000000000000e+00 0.000000000000000000e+00 8.090102133316323458e-07 1.372100899015641024e-03 7.312981097833586366e-03 1.779051923550466208e-02 3.470732428410417542e-02 6.480108500192859056e-02 1.250005609146180585e-01 1.986820203390425310e-01 3.044248985695042209e-01 4.525341046737814676e-01 6.525580415243414922e-01 9.170213688131608754e-01 1.266915537800348268e+00 1.694610134352387165e+00 2.238231295987473501e+00 2.960352083169632831e+00 3.773547264533056111e+00 3.905522407408938079e+00 3.300510312751978592e+00 2.737642060274570799e+00 -2.051462152663164229e+00 -4.103919185475583653e+00 0.000000000000000000e+00 0.000000000000000000e+00 0.000000000000000000e+00 0.000000000000000000e+00 0.000000000000000000e+00 0.000000000000000000e+00 0.000000000000000000e+00 0.000000000000000000e+00 0.000000000000000000e+00 0.000000000000000000e+00 0.000000000000000000e+00 0.000000000000000000e+00 0.000000000000000000e+00 0.000000000000000000e+00 0.000000000000000000e+00 0.000000000000000000e+00 0.000000000000000000e+00 0.000000000000000000e+00 0.000000000000000000e+00 0.000000000000000000e+00 0.000000000000000000e+00 0.000000000000000000e+00 0.000000000000000000e+00 0.000000000000000000e+00 0.000000000000000000e+00 0.000000000000000000e+00 0.000000000000000000e+00 0.000000000000000000e+00 0.000000000000000000e+00 0.000000000000000000e+00 0.000000000000000000e+00 0.000000000000000000e+00 0.000000000000000000e+00 0.000000000000000000e+00 0.000000000000000000e+00 0.000000000000000000e+00 0.000000000000000000e+00 0.000000000000000000e+00 0.000000000000000000e+00 0.000000000000000000e+00 0.000000000000000000e+00 0.000000000000000000e+00 0.000000000000000000e+00 0.000000000000000000e+00 0.000000000000000000e+00 0.000000000000000000e+00 0.000000000000000000e+00
-4.768594496750783174e-01 4.610895482331399080e+02 3.537941040612848610e+03 -9.137146390088336512e-01 4.943971973931965067e+02 1.721933370178085738e+02 1.211544799315673515e+02 -9.463713284386224700e+01 1.243039402401058311e+02 5.152227861661390307e+02 1.824069165040324592e+01 -3.104103051247226119e+01 -3.916031286873011830e+00 2.682847088483956099e+02 -1.833268019950432404e+02 3.714021475457324186e+02 6.378769439316400849e+02 1.676065955051742264e+02 0.000000000000000000e+00 0.000000000000000000e+00 0.000000000000000000e+00 0.000000000000000000e+00 0.000000000000000000e+00 0.000000000000000000e+00 0.000000000000000000e+00 0.000000000000000000e+00 0.000000000000000000e+00 0.000000000000000000e+00 0.000000000000000000e+00 0.000000000000000000e+00 0.000000000000000000e+00 0.000000000000000000e+00 0.000000000000000000e+00 0.000000000000000000e+00 0.000000000000000000e+00 0.000000000000000000e+00 0.000000000000000000e+00 0.000000000000000000e+00 0.000000000000000000e+00 2.442718013811875512e-06 3.915294762312267716e-03 1.969337066002673983e-02 4.646146787519929433e-02 8.951176991646654646e-02 1.600845817972974816e-01 2.791830373683449884e-01 4.490820219916704104e-01 7.049319629079827676e-01 1.081215019205876482e+00 1.625181493235682506e+00 2.403570321921349340e+00 3.521373205402959172e+00 5.062995550555142721e+00 7.239100312550594829e+00 1.041628726872787603e+01 1.484785968736839479e+01 2.000520870802753848e+01 2.655774366991359869e+01 3.684708837103379864e+01 4.574011197797199912e+01 2.909892638917781582e+01 0.000000000000000000e+00 0.000000000000000000e+00 0.000000000000000000e+00 0.000000000000000000e+00 0.000000000000000000e+00 0.000000000000000000e+00 0.000000000000000000e+00 0.000000000000000000e+00 0.000000000000000000e+00 0.000000000000000000e+00 0.000000000000000000e+00 0.000000000000000000e+00 0.000000000000000000e+00 0.000000000000000000e+00 0.000000000000000000e+00 0.000000000000000000e+00 0.000000000000000000e+00 0.000000000000000000e+00 0.000000000000000000e+00 0.000000000000000000e+00 0.000000000000000000e+00 0.000000000000000000e+00 0.000000000000000000e+00 0.000000000000000000e+00 0.000000000000000000e+00 0.000000000000000000e+00 0.000000000000000000e+00 0.000000000000000000e+00 0.000000000000000000e+00 0.000000000000000000e+00 0.000000000000000000e+00 0.000000000000000000e+00 0.000000000000000000e+00 0.000000000000000000e+00 0.000000000000000000e+00 0.000000000000000000e+00 0.000000000000000000e+00 0.000000000000000000e+00 0.000000000000000000e+00 0.000000000000000000e+00 0.000000000000000000e+00 0.000000000000000000e+00 0.000000000000000000e+00 0.000000000000000000e+00 0.000000000000000000e+00 0.000000000000000000e+00 0.000000000000000000e+00
-1.309130317440931612e-01 2.527992927390619826e+01 2.602100863816040714e+02 -2.330713420588810258e-01 3.636214848233370134e+01 1.712396338369085669e+01 1.813310996238904949e+01 -1.871056463192063291e+01 -2.885704086765178999e+01 1.824069165040324236e+01 9.461711548243547654e+00 -5.518332998120777155e+00 -6.796159078972746626e-01 -8.551902613761651395e+00 -1.005116816506707700e+01 2.036268238590746549e+01 3.497256463487172340e+01 2.508556702512081316e+01 0.000000000000000000e+00 0.000000000000000000e+00 0.000000000000000000e+00 0.000000000000000000e+00 0.000000000000000000e+00 0.000000000000000000e+00 0.000000000000000000e+00 0.000000000000000000e+00 0.000000000000000000e+00 0.000000000000000000e+00 0.000000000000000000e+00 0.000000000000000000e+00 0.000000000000000000e+00 0.000000000000000000e+00 0.000000000000000000e+00 0.000000000000000000e+00 0.000000000000000000e+00 0.000000000000000000e+00 0.000000000000000000e+00 0.000000000000000000e+00 0.000000000000000000e+00 -3.763787217136392393e-07 -5.810478339009494952e-04 -2.724935857848315764e-03 -5.827692914791780289e-03 -1.003158184673147608e-02 -1.706001352268611201e-02 -3.264863833642569352e-02 -4.859732248696562590e-02 -6.925425758536020437e-02 -9.500632162548915127e-02 -1.235720350450634913e-01 -1.512118889462946425e-01 -1.742119894966940030e-01 -1.757001910798326738e-01 -1.529900006944160951e-01 -1.044164271710312647e-01 3.026591824902328393e-02 6.330785915911915085e-01 1.728049839477895144e+00 2.856516600345463619e+00 6.031014525056130005e+00 5.050565303485401891e+00 0.000000000000000000e+00 0.000000000000000000e+00 0.000000000000000000e+00 0.000000000000000000e+00 0.000000000000000000e+00 0.000000000000000000e+00 0.000000000000000000e+00 0.000000000000000000e+00 0.000000000000000000e+00 0.000000000000000000e+00 0.000000000000000000e+00 0.000000000000000000e+00 0.000000000000000000e+00 0.000000000000000000e+00 0.000000000000000000e+00 0.000000000000000000e+00 0.000000000000000000e+00 0.000000000000000000e+00 0.000000000000000000e+00 0.000000000000000000e+00 0.000000000000000000e+00 0.000000000000000000e+00 0.000000000000000000e+00 0.000000000000000000e+00 0.000000000000000000e+00 0.000000000000000000e+00 0.000000000000000000e+00 0.000000000000000000e+00 0.000000000000000000e+00 0.000000000000000000e+00 0.000000000000000000e+00 0.000000000000000000e+00 0.000000000000000000e+00 0.000000000000000000e+00 0.000000000000000000e+00 0.000000000000000000e+00 0.000000000000000000e+00 0.000000000000000000e+00 0.000000000000000000e+00 0.000000000000000000e+00 0.000000000000000000e+00 0.000000000000000000e+00 0.000000000000000000e+00 0.000000000000000000e+00 0.000000000000000000e+00 0.000000000000000000e+00 0.000000000000000000e+00
9.127978019618569749e-02 -3.235768982892179224e+01 -2.799422332081948070e+02 1.552573798330053045e-01 -3.911954833089863115e+01 -1.607927872836642180e+01 -1.399477561756058641e+01 1.296094951779783244e+01 8.886687305741533649e+00 -3.104103051247225409e+01 -5.518332998120776267e+00 4.094999166457019335e+00 5.067195886649954462e-01 -6.874621005539693464e+00 1.286524888498311192e+01 -2.606373433995897315e+01 -4.476402551272810371e+01 -1.936054446722106803e+01 0.000000000000000000e+00 0.000000000000000000e+00 0.000000000000000000e+00 0.000000000000000000e+00 0.000000000000000000e+00 0.000000000000000000e+00 0.000000000000000000e+00 0.000000000000000000e+00 0.000000000000000000e+00 0.000000000000000000e+00 0.000000000000000000e+00 0.000000000000000000e+00 0.000000000000000000e+00 0.000000000000000000e+00 0.000000000000000000e+00 0.000000000000000000e+00 0.000000000000000000e+00 0.000000000000000000e+00 0.000000000000000000e+00 0.000000000000000000e+00 0.000000000000000000e+00 1.335097900191254100e-07 1.977772263235039109e-04 8.588303191927543559e-04 1.635465629997088360e-03 2.393766290922672534e-03 3.646701190574702309e-03 7.777856013647554100e-03 1.015093849970099410e-02 1.180232282873384421e-02 1.159045806316816134e-02 6.349327638625319389e-03 -8.683606485124732016e-03 -3.969359334938972472e-02 -9.950287555366031655e-02 -1.974329564034288387e-01 -3.477141374494592818e-01 -5.927436934786250999e-01 -1.129193033587193806e+00 -1.990672331127804950e+00 -2.988488774307779039e+00 -5.080609618116358916e+00 -3.897360957641987866e+00 0.000000000000000000e+00 0.000000000000000000e+00 0.000000000000000000e+00 0.000000000000000000e+00 0.000000000000000000e+00 0.000000000000000000e+00 0.000000000000000000e+00 0.000000000000000000e+00 0.000000000000000000e+00 0.000000000000000000e+00 0.000000000000000000e+00 0.000000000000000000e+00 0.000000000000000000e+00 0.000000000000000000e+00 0.000000000000000000e+00 0.000000000000000000e+00 0.000000000000000000e+00 0.000000000000000000e+00 0.000000000000000000e+00 0.000000000000000000e+00 0.000000000000000000e+00 0.000000000000000000e+00 0.000000000000000000e+00 0.000000000000000000e+00 0.000000000000000000e+00 0.000000000000000000e+00 0.000000000000000000e+00 0.000000000000000000e+00 0.000000000000000000e+00 0.000000000000000000e+00 0.000000000000000000e+00 0.000000000000000000e+00 0.000000000000000000e+00 0.000000000000000000e+00 0.000000000000000000e+00 0.000000000000000000e+00 0.000000000000000000e+00 0.000000000000000000e+00 0.000000000000000000e+00 0.000000000000000000e+00 0.000000000000000000e+00 0.000000000000000000e+00 0.000000000000000000e+00 0.000000000000000000e+00 0.000000000000000000e+00 0.000000000000000000e+00 0.000000000000000000e+00
1.039349505373447259e-02 -4.050383445261509507e+00 -3.520849110177518781e+01 1.927933777611943664e-02 -4.920087453505352926e+00 -1.977985654864091503e+00 -1.780708235340969114e+00 1.680518939813134160e+00 1.108570737831983122e+00 -3.916031286873010941e+00 -6.796159078972745515e-01 5.067195886649954462e-01 6.297736454408228712e-02 -9.417144607006214807e-01 1.610411354407900175e+00 -3.262535695546019188e+00 -5.603350203263238072e+00 -2.463453642672619903e+00 0.000000000000000000e+00 0.000000000000000000e+00 0.000000000000000000e+00 0.000000000000000000e+00 0.000000000000000000e+00 0.000000000000000000e+00 0.000000000000000000e+00 0.000000000000000000e+00 0.000000000000000000e+00 0.000000000000000000e+00 0.000000000000000000e+00 0.000000000000000000e+00 0.000000000000000000e+00 0.000000000000000000e+00 0.000000000000000000e+00 0.000000000000000000e+00 0.000000000000000000e+00 0.000000000000000000e+00 0.000000000000000000e+00 0.000000000000000000e+00 0.000000000000000000e+00 7.775185154313679494e-09 1.131341944170031548e-05 4.633881586144433730e-05 7.622694544746331819e-05 8.014653824368722483e-05 9.746740922908802868e-05 3.491510411090625161e-04 3.378341505929479609e-04 1.246814052724072076e-04 -4.592505607860662611e-04 -1.809843434101687321e-03 -4.516653864756033088e-03 -9.383367800422466251e-03 -1.787056069609070652e-02 -3.132805514527825519e-02 -5.194055950964955592e-02 -8.471927180713491323e-02 -1.490662131875262475e-01 -2.503812150471121378e-01 -3.756994251811486829e-01 -6.135670321684785211e-01 -4.624154191516405277e-01 0.000000000000000000e+00 0.000000000000000000e+00 0.000000000000000000e+00 0.000000000000000000e+00 0.000000000000000000e+00 0.000000000000000000e+00 0.000000000000000000e+00 0.000000000000000000e+00 0.000000000000000000e+00 0.000000000000000000e+00 0.000000000000000000e+00 0.000000000000000000e+00 0.000000000000000000e+00 0.000000000000000000e+00 0.000000000000000000e+00 0.000000000000000000e+00 0.000000000000000000e+00 0.000000000000000000e+00 0.000000000000000000e+00 0.000000000000000000e+00 0.000000000000000000e+00 0.000000000000000000e+00 0.000000000000000000e+00 0.000000000000000000e+00 0.000000000000000000e+00 0.000000000000000000e+00 0.000000000000000000e+00 0.000000000000000000e+00 0.000000000000000000e+00 0.000000000000000000e+00 0.000000000000000000e+00 0.000000000000000000e+00 0.000000000000000000e+00 0.000000000000000000e+00 0.000000000000000000e+00 0.000000000000000000e+00 0.000000000000000000e+00 0.000000000000000000e+00 0.000000000000000000e+00 0.000000000000000000e+00 0.000000000000000000e+00 0.000000000000000000e+00 0.000000000000000000e+00 0.000000000000000000e+00 0.000000000000000000e+00 0.000000000000000000e+00 0.000000000000000000e+00
1.224059493102002405e-01 2.195029916802414220e+02 1.587930528970115347e+03 -7.533788378662975571e-02 2.218997982628705188e+02 6.257895249922818692e+01 4.096724060708763915e+01 -2.905583821126385402e+01 1.252739403505866136e+02 2.682847088483956099e+02 -8.551902613761662053e+00 -6.874621005539687246e+00 -9.417144607006210366e-01 1.827841324584996983e+02 -8.727324583106005207e+01 1.768070493359652460e+02 3.036631345329229816e+02 5.667458379808717694e+01 0.000000000000000000e+00 0.000000000000000000e+00 0.000000000000000000e+00 0.000000000000000000e+00 0.000000000000000000e+00 0.000000000000000000e+00 0.000000000000000000e+00 0.000000000000000000e+00 0.000000000000000000e+00 0.000000000000000000e+00 0.000000000000000000e+00 0.000000000000000000e+00 0.000000000000000000e+00 0.000000000000000000e+00 0.000000000000000000e+00 0.000000000000000000e+00 0.000000000000000000e+00 0.000000000000000000e+00 0.000000000000000000e+00 0.000000000000000000e+00 0.000000000000000000e+00 3.459016660213668846e-06 5.369458934558491922e-03 2.566340372179456639e-02 5.703802713097359811e-02 1.034254695475743668e-01 1.782511019208138092e-01 3.159325870379290357e-01 4.901027837697473633e-01 7.394462472126714925e-01 1.088522050912581918e+00 1.560326844799131862e+00 2.185481268097912100e+00 3.022195488846550759e+00 4.066197409960727427e+00 5.461878819491710502e+00 7.478960904633709106e+00 1.010789460713937160e+01 1.154899000096182426e+01 1.232554795741061326e+01 1.625061872348088343e+01 1.189774988944143885e+01 3.638730812567160022e+00 0.000000000000000000e+00 0.000000000000000000e+00 0.000000000000000000e+00 0.000000000000000000e+00 0.000000000000000000e+00 0.000000000000000000e+00 0.000000000000000000e+00 0.000000000000000000e+00 0.000000000000000000e+00 0.000000000000000000e+00 0.000000000000000000e+00 0.000000000000000000e+00 0.000000000000000000e+00 0.000000000000000000e+00 0.000000000000000000e+00 0.000000000000000000e+00 0.000000000000000000e+00 0.000000000000000000e+00 0.000000000000000000e+00 0.000000000000000000e+00 0.000000000000000000e+00 0.000000000000000000e+00 0.000000000000000000e+00 0.000000000000000000e+00 0.000000000000000000e+00 0.000000000000000000e+00 0.000000000000000000e+00 0.000000000000000000e+00 0.000000000000000000e+00 0.000000000000000000e+00 0.000000000000000000e+00 0.000000000000000000e+00 0.000000000000000000e+00 0.000000000000000000e+00 0.000000000000000000e+00 0.000000000000000000e+00 0.000000000000000000e+00 0.000000000000000000e+00 0.000000000000000000e+00 0.000000000000000000e+00 0.000000000000000000e+00 0.000000000000000000e+00 0.000000000000000000e+00 0.000000000000000000e+00 0.000000000000000000e+00 0.000000000000000000e+00 0.000000000000000000e+00
