1.0764280181583929518751574505586177110671997070312500000000000000 2.6487459253683680593383087398251518607139587402343750000000000000 14.6491492833769303416602269862778484821319580078125000000000000000 -0.0028510084842068321095420735389325272990390658378601074218750000 3.4967088622331274905263853725045919418334960937500000000000000000 0.5878427179946942304766821507655549794435501098632812500000000000 0.9669124361250037713588767473993357270956039428710937500000000000 1.6844350917097090647445156719186343252658843994140625000000000000 1.3884245059668753885517844537389464676380157470703125000000000000 4.4786537884032737721895500726532191038131713867187500000000000000 1.6349118288886994587727485850336961448192596435546875000000000000
2.6487459253683680593383087398251518607139587402343750000000000000 3674.9966603419370585470460355281829833984375000000000000000000000000 19721.7712346931220963597297668457031250000000000000000000000000000000 -7.3370086547879438398922502528876066207885742187500000000000000000 4707.5288073922129115089774131774902343750000000000000000000000000000 989.3158770560808079608250409364700317382812500000000000000000000000 1193.0148417796874582563759759068489074707031250000000000000000000000 1285.2880317609021858515916392207145690917968750000000000000000000000 949.8655690044782886616303585469722747802734375000000000000000000000 6213.8982669395891207386739552021026611328125000000000000000000000000 2017.2189373032642834004946053028106689453125000000000000000000000000
14.6491492833769303416602269862778484821319580078125000000000000000 19721.7712346931220963597297668457031250000000000000000000000000000000 110722.5218870369571959599852561950683593750000000000000000000000000000 -47.5773187683770260036908439360558986663818359375000000000000000000 26429.1404259588998684193938970565795898437500000000000000000000000000 5446.2798365177368395961821079254150390625000000000000000000000000000 7605.4832094012890593148767948150634765625000000000000000000000000000 8228.1391691421504219761118292808532714843750000000000000000000000000 3751.5053222987949084199499338865280151367187500000000000000000000000 33346.7187654086592374369502067565917968750000000000000000000000000000 12859.7937092382471746532246470451354980468750000000000000000000000000
-0.0028510084842068321095420735389325272990390658378601074218750000 -7.3370086547879438398922502528876066207885742187500000000000000000 -47.5773187683770260036908439360558986663818359375000000000000000000 0.0479192329446354939315178000924788648262619972229003906250000000 -11.3565661022688626502485931268893182277679443359375000000000000000 -3.9473797385889599631525470613269135355949401855468750000000000000 -4.4018875407191258020134227990638464689254760742187500000000000000 -4.5361119706632688775016504223458468914031982421875000000000000000 2.9904258947620467878891759028192609548568725585937500000000000000 -12.4058413049729274746368901105597615242004394531250000000000000000 -7.4429676782325353556757363548967987298965454101562500000000000000
3.4967088622331274905263853725045919418334960937500000000000000000 4707.5288073922129115089774131774902343750000000000000000000000000000 26429.1404259588998684193938970565795898437500000000000000000000000000 -11.3565661022688626502485931268893182277679443359375000000000000000 6308.5581122121548105496913194656372070312500000000000000000000000000 1300.0109837206284737476380541920661926269531250000000000000000000000 1815.4064802968725871323840692639350891113281250000000000000000000000 1964.0326271420531156763900071382522583007812500000000000000000000000 895.4732901850125017517711967229843139648437500000000000000000000000 7959.7637226426550114410929381847381591796875000000000000000000000000 3069.5949477837157246540300548076629638671875000000000000000000000000
0.5878427179946942304766821507655549794435501098632812500000000000 989.3158770560808079608250409364700317382812500000000000000000000000 5446.2798365177368395961821079254150390625000000000000000000000000000 -3.9473797385889599631525470613269135355949401855468750000000000000 1300.0109837206284737476380541920661926269531250000000000000000000000 569.5957722029386331996647641062736511230468750000000000000000000000 354.9326978128278256008343305438756942749023437500000000000000000000 290.8150073453824688840541057288646697998046875000000000000000000000 -36.1359949562668987255165120586752891540527343750000000000000000000 1672.7928708709657712461194023489952087402343750000000000000000000000 600.1408653291438213273067958652973175048828125000000000000000000000
0.9669124361250037713588767473993357270956039428710937500000000000 1193.0148417796874582563759759068489074707031250000000000000000000000 7605.4832094012890593148767948150634765625000000000000000000000000000 -4.4018875407191258020134227990638464689254760742187500000000000000 1815.4064802968725871323840692639350891113281250000000000000000000000 354.9326978128278256008343305438756942749023437500000000000000000000 683.5726901733822842288645915687084197998046875000000000000000000000 744.9174698401633349931216798722743988037109375000000000000000000000 -23.0737878115863210837233054917305707931518554687500000000000000000 2017.2189373032642834004946053028106689453125000000000000000000000000 1155.8244938378784354426898062229156494140625000000000000000000000000
1.6844350917097090647445156719186343252658843994140625000000000000 1285.2880317609021858515916392207145690917968750000000000000000000000 8228.1391691421504219761118292808532714843750000000000000000000000000 -4.5361119706632688775016504223458468914031982421875000000000000000 1964.0326271420531156763900071382522583007812500000000000000000000000 290.8150073453824688840541057288646697998046875000000000000000000000 744.9174698401633349931216798722743988037109375000000000000000000000 941.7986407231352359303855337202548980712890625000000000000000000000 -81.6729746087678876165227848105132579803466796875000000000000000000 2173.2398179469787464768160134553909301757812500000000000000000000000 1259.5498180458555452787550166249275207519531250000000000000000000000
1.3884245059668753885517844537389464676380157470703125000000000000 949.8655690044782886616303585469722747802734375000000000000000000000 3751.5053222987949084199499338865280151367187500000000000000000000000 2.9904258947620467878891759028192609548568725585937500000000000000 895.4732901850125017517711967229843139648437500000000000000000000000 -36.1359949562668987255165120586752891540527343750000000000000000000 -23.0737878115863210837233054917305707931518554687500000000000000000 -81.6729746087678876165227848105132579803466796875000000000000000000 1069.0355153304708437644876539707183837890625000000000000000000000000 1606.0879936999269830266712233424186706542968750000000000000000000000 -39.0145035072786896535035339184105396270751953125000000000000000000
4.4786537884032737721895500726532191038131713867187500000000000000 6213.8982669395891207386739552021026611328125000000000000000000000000 33346.7187654086592374369502067565917968750000000000000000000000000000 -12.4058413049729274746368901105597615242004394531250000000000000000 7959.7637226426550114410929381847381591796875000000000000000000000000 1672.7928708709657712461194023489952087402343750000000000000000000000 2017.2189373032642834004946053028106689453125000000000000000000000000 2173.2398179469787464768160134553909301757812500000000000000000000000 1606.0879936999269830266712233424186706542968750000000000000000000000 10506.8208873643307015299797058105468750000000000000000000000000000000 3410.8311971581997568137012422084808349609375000000000000000000000000
1.6349118288886994587727485850336961448192596435546875000000000000 2017.2189373032642834004946053028106689453125000000000000000000000000 12859.7937092382471746532246470451354980468750000000000000000000000000 -7.4429676782325353556757363548967987298965454101562500000000000000 3069.5949477837157246540300548076629638671875000000000000000000000000 600.1408653291438213273067958652973175048828125000000000000000000000 1155.8244938378784354426898062229156494140625000000000000000000000000 1259.5498180458555452787550166249275207519531250000000000000000000000 -39.0145035072786896535035339184105396270751953125000000000000000000 3410.8311971581997568137012422084808349609375000000000000000000000000 1954.3353322332704919972456991672515869140625000000000000000000000000
