# A b_HI Tb sigma_NL sigma8tot n_s f DA H omegak omegaDE w0 wa h gamma sigma_8 fs8 bs8 pk0 pk1 pk2 pk3 pk4 pk5 pk6 pk7 pk8 pk9 pk10 pk11 pk12 pk13 pk14 pk15 pk16 pk17 pk18 pk19 pk20 pk21 pk22 pk23 pk24 pk25 pk26 pk27 pk28 pk29 pk30 pk31 pk32 pk33 pk34 pk35 pk36 pk37 pk38 pk39 pk40 pk41 pk42 pk43 pk44 pk45 pk46 pk47 pk48 pk49 pk50 pk51 pk52 pk53 pk54 pk55 pk56 pk57 pk58 pk59 pk60 pk61 pk62 pk63 pk64 pk65 pk66 pk67 pk68 pk69 pk70 pk71 pk72 pk73 pk74 pk75 pk76 pk77 pk78 pk79 pk80 pk81 pk82 pk83 pk84 pk85 pk86 pk87 pk88 pk89
8.182079702170639290e-01 -7.559045829642688119e+00 -5.612403255401519431e+01 3.450749217564313964e-02 -8.533163132059902622e+00 -4.288926548640160874e+00 -2.336847368581929096e+00 3.395180738160203382e-01 1.886496771077627921e+00 -5.816359252862670637e+00 -1.966501491714600425e+00 1.299487489640606563e+00 1.691501335227758029e-01 1.732832489298129053e+00 2.720865976285365306e+00 -6.274622214378285712e+00 -1.072001111438929222e+01 -3.314046551430125387e+00 0.000000000000000000e+00 0.000000000000000000e+00 0.000000000000000000e+00 0.000000000000000000e+00 0.000000000000000000e+00 0.000000000000000000e+00 0.000000000000000000e+00 0.000000000000000000e+00 0.000000000000000000e+00 0.000000000000000000e+00 0.000000000000000000e+00 0.000000000000000000e+00 0.000000000000000000e+00 0.000000000000000000e+00 0.000000000000000000e+00 0.000000000000000000e+00 0.000000000000000000e+00 0.000000000000000000e+00 0.000000000000000000e+00 0.000000000000000000e+00 0.000000000000000000e+00 2.251134444964977983e-18 -1.186742068924550375e-17 -1.052081836562677019e-16 -2.828579261073797207e-16 -2.591290088328984473e-16 -1.459705854108526036e-03 -3.450150282022124842e-02 -9.544860330528055770e-02 -1.286204005311049892e-01 -2.947148256370246688e-02 2.800780856608947600e-01 6.672335455004320126e-01 5.705005652644973280e-01 -6.408572722303572666e-01 -1.873362768427417224e+00 9.167895003015753830e-02 3.188493525210609469e+00 -7.044453312873641959e-01 -4.348848057886929297e+00 4.498814061204641668e+00 -2.177025351547025700e+00 -2.821706848391981826e+00 0.000000000000000000e+00 0.000000000000000000e+00 0.000000000000000000e+00 0.000000000000000000e+00 0.000000000000000000e+00 0.000000000000000000e+00 0.000000000000000000e+00 0.000000000000000000e+00 0.000000000000000000e+00 0.000000000000000000e+00 0.000000000000000000e+00 0.000000000000000000e+00 0.000000000000000000e+00 0.000000000000000000e+00 0.000000000000000000e+00 0.000000000000000000e+00 0.000000000000000000e+00 0.000000000000000000e+00 0.000000000000000000e+00 0.000000000000000000e+00 0.000000000000000000e+00 0.000000000000000000e+00 0.000000000000000000e+00 0.000000000000000000e+00 0.000000000000000000e+00 0.000000000000000000e+00 0.000000000000000000e+00 0.000000000000000000e+00 0.000000000000000000e+00 0.000000000000000000e+00 0.000000000000000000e+00 0.000000000000000000e+00 0.000000000000000000e+00 0.000000000000000000e+00 0.000000000000000000e+00 0.000000000000000000e+00 0.000000000000000000e+00 0.000000000000000000e+00 0.000000000000000000e+00 0.000000000000000000e+00 0.000000000000000000e+00 0.000000000000000000e+00 0.000000000000000000e+00 0.000000000000000000e+00 0.000000000000000000e+00 0.000000000000000000e+00 0.000000000000000000e+00
-7.559045829642688119e+00 5.531807769960848418e+03 4.027622287670454534e+04 -1.335901098584155200e+01 6.123643731753468273e+03 2.201142227988672403e+03 1.564332874453019485e+03 -1.137882707759775485e+03 1.080400796342426929e+03 5.958084606942948994e+03 3.524690283115725151e+02 -4.574880693284222275e+02 -6.619059212488515698e+01 2.961490939870480815e+03 -1.991165007839216969e+03 4.591849910864668345e+03 7.845043159296261365e+03 2.218489764274070694e+03 0.000000000000000000e+00 0.000000000000000000e+00 0.000000000000000000e+00 0.000000000000000000e+00 0.000000000000000000e+00 0.000000000000000000e+00 0.000000000000000000e+00 0.000000000000000000e+00 0.000000000000000000e+00 0.000000000000000000e+00 0.000000000000000000e+00 0.000000000000000000e+00 0.000000000000000000e+00 0.000000000000000000e+00 0.000000000000000000e+00 0.000000000000000000e+00 0.000000000000000000e+00 0.000000000000000000e+00 0.000000000000000000e+00 0.000000000000000000e+00 0.000000000000000000e+00 1.656860332808103358e-03 5.679987884206765675e-02 1.953565970663438955e-01 4.394992705077228057e-01 8.489663919554483185e-01 1.519846249968173746e+00 2.569959132806659774e+00 4.192908110184324855e+00 6.706850256300813662e+00 1.049906095946579043e+01 1.614999098316192061e+01 2.449264110881848922e+01 3.679820084292845195e+01 5.427171647662269294e+01 7.928222789446468255e+01 1.159063752685396196e+02 1.677562869417608340e+02 2.364719500587769403e+02 3.285598123553422170e+02 4.572988375157025871e+02 6.066696651225470305e+02 4.033154462104343452e+02 0.000000000000000000e+00 0.000000000000000000e+00 0.000000000000000000e+00 0.000000000000000000e+00 0.000000000000000000e+00 0.000000000000000000e+00 0.000000000000000000e+00 0.000000000000000000e+00 0.000000000000000000e+00 0.000000000000000000e+00 0.000000000000000000e+00 0.000000000000000000e+00 0.000000000000000000e+00 0.000000000000000000e+00 0.000000000000000000e+00 0.000000000000000000e+00 0.000000000000000000e+00 0.000000000000000000e+00 0.000000000000000000e+00 0.000000000000000000e+00 0.000000000000000000e+00 0.000000000000000000e+00 0.000000000000000000e+00 0.000000000000000000e+00 0.000000000000000000e+00 0.000000000000000000e+00 0.000000000000000000e+00 0.000000000000000000e+00 0.000000000000000000e+00 0.000000000000000000e+00 0.000000000000000000e+00 0.000000000000000000e+00 0.000000000000000000e+00 0.000000000000000000e+00 0.000000000000000000e+00 0.000000000000000000e+00 0.000000000000000000e+00 0.000000000000000000e+00 0.000000000000000000e+00 0.000000000000000000e+00 0.000000000000000000e+00 0.000000000000000000e+00 0.000000000000000000e+00 0.000000000000000000e+00 0.000000000000000000e+00 0.000000000000000000e+00 0.000000000000000000e+00
-5.612403255401519431e+01 4.027622287670454534e+04 3.040591660744440742e+05 -1.173423521173383932e+02 4.622950896149930486e+04 1.650788119991938584e+04 1.337032785411327313e+04 -1.025847797022859231e+04 4.118650826642628999e+03 4.265016810105963668e+04 3.476887023217512706e+03 -3.700475479883618391e+03 -5.376811762063065316e+02 2.004007220185520418e+04 -1.449735944830112385e+04 3.343253744836297119e+04 5.711852614925896341e+04 1.896139624356504646e+04 0.000000000000000000e+00 0.000000000000000000e+00 0.000000000000000000e+00 0.000000000000000000e+00 0.000000000000000000e+00 0.000000000000000000e+00 0.000000000000000000e+00 0.000000000000000000e+00 0.000000000000000000e+00 0.000000000000000000e+00 0.000000000000000000e+00 0.000000000000000000e+00 0.000000000000000000e+00 0.000000000000000000e+00 0.000000000000000000e+00 0.000000000000000000e+00 0.000000000000000000e+00 0.000000000000000000e+00 0.000000000000000000e+00 0.000000000000000000e+00 0.000000000000000000e+00 1.821590740049183754e-02 6.013242519182523393e-01 1.974759516011283633e+00 4.254870109947360923e+00 7.908898333323846508e+00 1.368119797610866861e+01 2.246458860842665572e+01 3.573880319707873099e+01 5.592290169649331233e+01 8.591857091648294897e+01 1.300729664155898604e+02 1.946159324561768358e+02 2.890208395567083812e+02 4.222317079744327089e+02 6.119364190517610496e+02 8.882590007271533068e+02 1.277955131259614745e+03 1.792997324924435816e+03 2.480584127202866512e+03 3.435706928751754731e+03 4.532924440916151070e+03 2.996272865187243951e+03 0.000000000000000000e+00 0.000000000000000000e+00 0.000000000000000000e+00 0.000000000000000000e+00 0.000000000000000000e+00 0.000000000000000000e+00 0.000000000000000000e+00 0.000000000000000000e+00 0.000000000000000000e+00 0.000000000000000000e+00 0.000000000000000000e+00 0.000000000000000000e+00 0.000000000000000000e+00 0.000000000000000000e+00 0.000000000000000000e+00 0.000000000000000000e+00 0.000000000000000000e+00 0.000000000000000000e+00 0.000000000000000000e+00 0.000000000000000000e+00 0.000000000000000000e+00 0.000000000000000000e+00 0.000000000000000000e+00 0.000000000000000000e+00 0.000000000000000000e+00 0.000000000000000000e+00 0.000000000000000000e+00 0.000000000000000000e+00 0.000000000000000000e+00 0.000000000000000000e+00 0.000000000000000000e+00 0.000000000000000000e+00 0.000000000000000000e+00 0.000000000000000000e+00 0.000000000000000000e+00 0.000000000000000000e+00 0.000000000000000000e+00 0.000000000000000000e+00 0.000000000000000000e+00 0.000000000000000000e+00 0.000000000000000000e+00 0.000000000000000000e+00 0.000000000000000000e+00 0.000000000000000000e+00 0.000000000000000000e+00 0.000000000000000000e+00 0.000000000000000000e+00
3.450749217564313964e-02 -1.335901098584155200e+01 -1.173423521173383932e+02 8.530698476428162647e-02 -1.784086758115936888e+01 -7.295447713024675984e+00 -7.455014609416030780e+00 6.411644194439578115e+00 7.080282687782453621e+00 -1.169670229442657039e+01 -3.527424709587030360e+00 2.225527571750837819e+00 3.178267403941549829e-01 -1.089177061259145374e+00 4.808553789376460053e+00 -1.108906454372524486e+01 -1.894534700185028697e+01 -1.057247717132203135e+01 0.000000000000000000e+00 0.000000000000000000e+00 0.000000000000000000e+00 0.000000000000000000e+00 0.000000000000000000e+00 0.000000000000000000e+00 0.000000000000000000e+00 0.000000000000000000e+00 0.000000000000000000e+00 0.000000000000000000e+00 0.000000000000000000e+00 0.000000000000000000e+00 0.000000000000000000e+00 0.000000000000000000e+00 0.000000000000000000e+00 0.000000000000000000e+00 0.000000000000000000e+00 0.000000000000000000e+00 0.000000000000000000e+00 0.000000000000000000e+00 0.000000000000000000e+00 -2.210273779357675652e-07 -7.925004827291747130e-06 -2.942753259955260692e-05 -7.279895182503127126e-05 -1.572370124722618427e-04 -3.197471974575696093e-04 -6.212795738177579298e-04 -1.177683591138745708e-03 -2.218779565225975550e-03 -4.129089798737660931e-03 -7.602618597781489462e-03 -1.390552788506677594e-02 -2.548351014331624864e-02 -4.602787626025233586e-02 -8.272617441367216551e-02 -1.495801485764607086e-01 -2.690580964030411248e-01 -4.724913160751371133e-01 -8.183564950795303439e-01 -1.421710939776142490e+00 -2.333924899000213049e+00 -1.791335358675862466e+00 0.000000000000000000e+00 0.000000000000000000e+00 0.000000000000000000e+00 0.000000000000000000e+00 0.000000000000000000e+00 0.000000000000000000e+00 0.000000000000000000e+00 0.000000000000000000e+00 0.000000000000000000e+00 0.000000000000000000e+00 0.000000000000000000e+00 0.000000000000000000e+00 0.000000000000000000e+00 0.000000000000000000e+00 0.000000000000000000e+00 0.000000000000000000e+00 0.000000000000000000e+00 0.000000000000000000e+00 0.000000000000000000e+00 0.000000000000000000e+00 0.000000000000000000e+00 0.000000000000000000e+00 0.000000000000000000e+00 0.000000000000000000e+00 0.000000000000000000e+00 0.000000000000000000e+00 0.000000000000000000e+00 0.000000000000000000e+00 0.000000000000000000e+00 0.000000000000000000e+00 0.000000000000000000e+00 0.000000000000000000e+00 0.000000000000000000e+00 0.000000000000000000e+00 0.000000000000000000e+00 0.000000000000000000e+00 0.000000000000000000e+00 0.000000000000000000e+00 0.000000000000000000e+00 0.000000000000000000e+00 0.000000000000000000e+00 0.000000000000000000e+00 0.000000000000000000e+00 0.000000000000000000e+00 0.000000000000000000e+00 0.000000000000000000e+00 0.000000000000000000e+00
-8.533163132059902622e+00 6.123643731753468273e+03 4.622950896149930486e+04 -1.784086758115936888e+01 7.028788266485258646e+03 2.509877441682496737e+03 2.032840184790155035e+03 -1.559710912118711576e+03 6.262044580262538602e+02 6.484581122460387633e+03 5.286299435505300153e+02 -5.626245923374139011e+02 -8.174967087745400818e+01 3.046915866426909815e+03 -2.204195378110140609e+03 5.083121846082905904e+03 8.684367093996106632e+03 2.882912720183590864e+03 0.000000000000000000e+00 0.000000000000000000e+00 0.000000000000000000e+00 0.000000000000000000e+00 0.000000000000000000e+00 0.000000000000000000e+00 0.000000000000000000e+00 0.000000000000000000e+00 0.000000000000000000e+00 0.000000000000000000e+00 0.000000000000000000e+00 0.000000000000000000e+00 0.000000000000000000e+00 0.000000000000000000e+00 0.000000000000000000e+00 0.000000000000000000e+00 0.000000000000000000e+00 0.000000000000000000e+00 0.000000000000000000e+00 0.000000000000000000e+00 0.000000000000000000e+00 2.769567730139407824e-03 9.142603806923418897e-02 3.002447317108612457e-01 6.469153961622982063e-01 1.202478093643341461e+00 2.080105239404986150e+00 3.415542158447506527e+00 5.433769170662325010e+00 8.502582962745201201e+00 1.306315936935210509e+01 1.977644497349594133e+01 2.958963253661822179e+01 4.394306432148669472e+01 6.419659956198833584e+01 9.303952429276525038e+01 1.350519307291481255e+02 1.943017832867953700e+02 2.726093969495540819e+02 3.771508934225031453e+02 5.223688741319750761e+02 6.891910997737402340e+02 4.555568084349656033e+02 0.000000000000000000e+00 0.000000000000000000e+00 0.000000000000000000e+00 0.000000000000000000e+00 0.000000000000000000e+00 0.000000000000000000e+00 0.000000000000000000e+00 0.000000000000000000e+00 0.000000000000000000e+00 0.000000000000000000e+00 0.000000000000000000e+00 0.000000000000000000e+00 0.000000000000000000e+00 0.000000000000000000e+00 0.000000000000000000e+00 0.000000000000000000e+00 0.000000000000000000e+00 0.000000000000000000e+00 0.000000000000000000e+00 0.000000000000000000e+00 0.000000000000000000e+00 0.000000000000000000e+00 0.000000000000000000e+00 0.000000000000000000e+00 0.000000000000000000e+00 0.000000000000000000e+00 0.000000000000000000e+00 0.000000000000000000e+00 0.000000000000000000e+00 0.000000000000000000e+00 0.000000000000000000e+00 0.000000000000000000e+00 0.000000000000000000e+00 0.000000000000000000e+00 0.000000000000000000e+00 0.000000000000000000e+00 0.000000000000000000e+00 0.000000000000000000e+00 0.000000000000000000e+00 0.000000000000000000e+00 0.000000000000000000e+00 0.000000000000000000e+00 0.000000000000000000e+00 0.000000000000000000e+00 0.000000000000000000e+00 0.000000000000000000e+00 0.000000000000000000e+00
-4.288926548640160874e+00 2.201142227988672403e+03 1.650788119991938584e+04 -7.295447713024675984e+00 2.509877441682496737e+03 1.019015286728218484e+03 7.106845643782652360e+02 -5.078384731322347534e+02 8.198028085736820003e+01 2.231327574543206993e+03 2.534468603612241679e+02 -2.310564027148616049e+02 -3.274452447777509434e+01 8.476620350546703548e+02 -7.922974846393325379e+02 1.827126892997906225e+03 3.121593608528967252e+03 1.007871443123666722e+03 0.000000000000000000e+00 0.000000000000000000e+00 0.000000000000000000e+00 0.000000000000000000e+00 0.000000000000000000e+00 0.000000000000000000e+00 0.000000000000000000e+00 0.000000000000000000e+00 0.000000000000000000e+00 0.000000000000000000e+00 0.000000000000000000e+00 0.000000000000000000e+00 0.000000000000000000e+00 0.000000000000000000e+00 0.000000000000000000e+00 0.000000000000000000e+00 0.000000000000000000e+00 0.000000000000000000e+00 0.000000000000000000e+00 0.000000000000000000e+00 0.000000000000000000e+00 -1.462199317751453368e-03 -4.519977686557539315e-02 -1.345792563562127342e-01 -2.585629322534150343e-01 -4.211978026556509880e-01 -6.238680194152522729e-01 -8.543908753313760318e-01 -1.089899671707486029e+00 -1.276694250369652561e+00 -1.305629341998877146e+00 -9.918759723833808772e-01 -1.184778716316305450e-02 2.210254858365737540e+00 6.434840009659263949e+00 1.395493330157653489e+01 2.704955821673685890e+01 4.869471331338652931e+01 8.188512541483451912e+01 1.320407183079115612e+02 2.093593183863304432e+02 3.104829551690662583e+02 2.217039183285099284e+02 0.000000000000000000e+00 0.000000000000000000e+00 0.000000000000000000e+00 0.000000000000000000e+00 0.000000000000000000e+00 0.000000000000000000e+00 0.000000000000000000e+00 0.000000000000000000e+00 0.000000000000000000e+00 0.000000000000000000e+00 0.000000000000000000e+00 0.000000000000000000e+00 0.000000000000000000e+00 0.000000000000000000e+00 0.000000000000000000e+00 0.000000000000000000e+00 0.000000000000000000e+00 0.000000000000000000e+00 0.000000000000000000e+00 0.000000000000000000e+00 0.000000000000000000e+00 0.000000000000000000e+00 0.000000000000000000e+00 0.000000000000000000e+00 0.000000000000000000e+00 0.000000000000000000e+00 0.000000000000000000e+00 0.000000000000000000e+00 0.000000000000000000e+00 0.000000000000000000e+00 0.000000000000000000e+00 0.000000000000000000e+00 0.000000000000000000e+00 0.000000000000000000e+00 0.000000000000000000e+00 0.000000000000000000e+00 0.000000000000000000e+00 0.000000000000000000e+00 0.000000000000000000e+00 0.000000000000000000e+00 0.000000000000000000e+00 0.000000000000000000e+00 0.000000000000000000e+00 0.000000000000000000e+00 0.000000000000000000e+00 0.000000000000000000e+00 0.000000000000000000e+00
-2.336847368581929096e+00 1.564332874453019485e+03 1.337032785411327313e+04 -7.455014609416030780e+00 2.032840184790155035e+03 7.106845643782652360e+02 8.051390420954281808e+02 -6.832739025577266148e+02 -3.808518909311991365e+02 1.551231275490009921e+03 2.664554827396440260e+02 -1.970612626746324452e+02 -2.893013117741595153e+01 5.587043533322553230e+02 -5.630790167976925886e+02 1.298523388525231667e+03 2.218489764274070694e+03 1.141823938418920761e+03 0.000000000000000000e+00 0.000000000000000000e+00 0.000000000000000000e+00 0.000000000000000000e+00 0.000000000000000000e+00 0.000000000000000000e+00 0.000000000000000000e+00 0.000000000000000000e+00 0.000000000000000000e+00 0.000000000000000000e+00 0.000000000000000000e+00 0.000000000000000000e+00 0.000000000000000000e+00 0.000000000000000000e+00 0.000000000000000000e+00 0.000000000000000000e+00 0.000000000000000000e+00 0.000000000000000000e+00 0.000000000000000000e+00 0.000000000000000000e+00 0.000000000000000000e+00 1.595397713271763619e-03 5.045345056509734083e-02 1.564177034249683573e-01 3.175009322196833961e-01 5.565115418845985040e-01 9.088182896831702440e-01 1.414147658376715189e+00 2.140094607193854692e+00 3.195423306390360985e+00 4.704668540308794888e+00 6.854133870235832759e+00 9.909583683197238813e+00 1.427043045924986053e+01 2.030863259323325920e+01 2.877458191164450341e+01 4.090217891252726901e+01 5.779647236088033679e+01 7.992709770096165300e+01 1.091021589027322705e+02 1.487671497048525850e+02 1.927789828725897792e+02 1.250049207346702076e+02 0.000000000000000000e+00 0.000000000000000000e+00 0.000000000000000000e+00 0.000000000000000000e+00 0.000000000000000000e+00 0.000000000000000000e+00 0.000000000000000000e+00 0.000000000000000000e+00 0.000000000000000000e+00 0.000000000000000000e+00 0.000000000000000000e+00 0.000000000000000000e+00 0.000000000000000000e+00 0.000000000000000000e+00 0.000000000000000000e+00 0.000000000000000000e+00 0.000000000000000000e+00 0.000000000000000000e+00 0.000000000000000000e+00 0.000000000000000000e+00 0.000000000000000000e+00 0.000000000000000000e+00 0.000000000000000000e+00 0.000000000000000000e+00 0.000000000000000000e+00 0.000000000000000000e+00 0.000000000000000000e+00 0.000000000000000000e+00 0.000000000000000000e+00 0.000000000000000000e+00 0.000000000000000000e+00 0.000000000000000000e+00 0.000000000000000000e+00 0.000000000000000000e+00 0.000000000000000000e+00 0.000000000000000000e+00 0.000000000000000000e+00 0.000000000000000000e+00 0.000000000000000000e+00 0.000000000000000000e+00 0.000000000000000000e+00 0.000000000000000000e+00 0.000000000000000000e+00 0.000000000000000000e+00 0.000000000000000000e+00 0.000000000000000000e+00 0.000000000000000000e+00
3.395180738160203382e-01 -1.137882707759775485e+03 -1.025847797022859231e+04 6.411644194439578115e+00 -1.559710912118711576e+03 -5.078384731322347534e+02 -6.832739025577266148e+02 6.988147417741139407e+02 5.637729979484904561e+02 -1.100925748036042251e+03 -2.521374232522940133e+02 1.657906490520628324e+02 2.482228300736705506e+01 -3.649965248512529570e+02 4.095789884493109412e+02 -9.445351009075560569e+02 -1.613710982703853688e+03 -9.689984681488833758e+02 -0.000000000000000000e+00 -0.000000000000000000e+00 -0.000000000000000000e+00 -0.000000000000000000e+00 -0.000000000000000000e+00 -0.000000000000000000e+00 -0.000000000000000000e+00 -0.000000000000000000e+00 -0.000000000000000000e+00 -0.000000000000000000e+00 -0.000000000000000000e+00 -0.000000000000000000e+00 -0.000000000000000000e+00 -0.000000000000000000e+00 -0.000000000000000000e+00 -0.000000000000000000e+00 -0.000000000000000000e+00 -0.000000000000000000e+00 -0.000000000000000000e+00 -0.000000000000000000e+00 -0.000000000000000000e+00 -2.238728770329109254e-03 -6.778850160738550401e-02 -1.989476851517282818e-01 -3.826340384746962919e-01 -6.375194967156603276e-01 -1.021411224665088380e+00 -1.683914421067299161e+00 -2.537064706207560416e+00 -3.752967938439922602e+00 -5.450499302532320733e+00 -7.735167315539436927e+00 -1.075235885922844403e+01 -1.482001717732502932e+01 -1.994698059564800730e+01 -2.708008887581830493e+01 -3.808200588735938652e+01 -5.370205785969107382e+01 -6.520727359479310792e+01 -7.807467238544928989e+01 -1.188954186662000581e+02 -1.272471207812556173e+02 -7.323454797302254349e+01 -0.000000000000000000e+00 -0.000000000000000000e+00 -0.000000000000000000e+00 -0.000000000000000000e+00 -0.000000000000000000e+00 -0.000000000000000000e+00 -0.000000000000000000e+00 -0.000000000000000000e+00 -0.000000000000000000e+00 -0.000000000000000000e+00 -0.000000000000000000e+00 -0.000000000000000000e+00 -0.000000000000000000e+00 -0.000000000000000000e+00 -0.000000000000000000e+00 -0.000000000000000000e+00 -0.000000000000000000e+00 -0.000000000000000000e+00 -0.000000000000000000e+00 -0.000000000000000000e+00 -0.000000000000000000e+00 -0.000000000000000000e+00 -0.000000000000000000e+00 -0.000000000000000000e+00 -0.000000000000000000e+00 -0.000000000000000000e+00 -0.000000000000000000e+00 -0.000000000000000000e+00 -0.000000000000000000e+00 -0.000000000000000000e+00 -0.000000000000000000e+00 -0.000000000000000000e+00 -0.000000000000000000e+00 -0.000000000000000000e+00 -0.000000000000000000e+00 -0.000000000000000000e+00 -0.000000000000000000e+00 -0.000000000000000000e+00 -0.000000000000000000e+00 -0.000000000000000000e+00 -0.000000000000000000e+00 -0.000000000000000000e+00 -0.000000000000000000e+00 -0.000000000000000000e+00 -0.000000000000000000e+00 -0.000000000000000000e+00 -0.000000000000000000e+00
1.886496771077627921e+00 1.080400796342426929e+03 4.118650826642628999e+03 7.080282687782453621e+00 6.262044580262538602e+02 8.198028085736820003e+01 -3.808518909311991365e+02 5.637729979484904561e+02 2.108929457782819554e+03 1.652660606456678806e+03 -4.400822717725638995e+02 1.223251261559502296e+02 1.736065637875568513e+01 1.664876700922204691e+03 -3.888884700225024744e+02 8.968204440007507401e+02 1.532191867307850998e+03 -5.401126803211376455e+02 0.000000000000000000e+00 0.000000000000000000e+00 0.000000000000000000e+00 0.000000000000000000e+00 0.000000000000000000e+00 0.000000000000000000e+00 0.000000000000000000e+00 0.000000000000000000e+00 0.000000000000000000e+00 0.000000000000000000e+00 0.000000000000000000e+00 0.000000000000000000e+00 0.000000000000000000e+00 0.000000000000000000e+00 0.000000000000000000e+00 0.000000000000000000e+00 0.000000000000000000e+00 0.000000000000000000e+00 0.000000000000000000e+00 0.000000000000000000e+00 0.000000000000000000e+00 1.145372804147489886e-03 4.029581894343638171e-02 1.366352476141537153e-01 2.955693200810665666e-01 5.437260918786299690e-01 9.772906816562794141e-01 1.831623470767216100e+00 2.866237463352098391e+00 4.346278361275839330e+00 6.413654132228572280e+00 9.191948669632878932e+00 1.284607810792633131e+01 1.766596054542059946e+01 2.349038469572996846e+01 3.084733839633100771e+01 4.062441863430622391e+01 5.152006901251114357e+01 5.292471636175365290e+01 4.429563292472651170e+01 3.666468024516503021e+01 -2.531514854389318714e+01 -5.103580929407415567e+01 0.000000000000000000e+00 0.000000000000000000e+00 0.000000000000000000e+00 0.000000000000000000e+00 0.000000000000000000e+00 0.000000000000000000e+00 0.000000000000000000e+00 0.000000000000000000e+00 0.000000000000000000e+00 0.000000000000000000e+00 0.000000000000000000e+00 0.000000000000000000e+00 0.000000000000000000e+00 0.000000000000000000e+00 0.000000000000000000e+00 0.000000000000000000e+00 0.000000000000000000e+00 0.000000000000000000e+00 0.000000000000000000e+00 0.000000000000000000e+00 0.000000000000000000e+00 0.000000000000000000e+00 0.000000000000000000e+00 0.000000000000000000e+00 0.000000000000000000e+00 0.000000000000000000e+00 0.000000000000000000e+00 0.000000000000000000e+00 0.000000000000000000e+00 0.000000000000000000e+00 0.000000000000000000e+00 0.000000000000000000e+00 0.000000000000000000e+00 0.000000000000000000e+00 0.000000000000000000e+00 0.000000000000000000e+00 0.000000000000000000e+00 0.000000000000000000e+00 0.000000000000000000e+00 0.000000000000000000e+00 0.000000000000000000e+00 0.000000000000000000e+00 0.000000000000000000e+00 0.000000000000000000e+00 0.000000000000000000e+00 0.000000000000000000e+00 0.000000000000000000e+00
-5.816359252862670637e+00 5.958084606942948994e+03 4.265016810105963668e+04 -1.169670229442657039e+01 6.484581122460387633e+03 2.231327574543206993e+03 1.551231275490009921e+03 -1.100925748036042251e+03 1.652660606456678806e+03 6.586761521367578098e+03 2.310924506122694311e+02 -4.292661474082063933e+02 -6.273975956539793941e+01 3.584731901580365502e+03 -2.144602646446306153e+03 4.945694320738981332e+03 8.449576129890889206e+03 2.199909471249657145e+03 0.000000000000000000e+00 0.000000000000000000e+00 0.000000000000000000e+00 0.000000000000000000e+00 0.000000000000000000e+00 0.000000000000000000e+00 0.000000000000000000e+00 0.000000000000000000e+00 0.000000000000000000e+00 0.000000000000000000e+00 0.000000000000000000e+00 0.000000000000000000e+00 0.000000000000000000e+00 0.000000000000000000e+00 0.000000000000000000e+00 0.000000000000000000e+00 0.000000000000000000e+00 0.000000000000000000e+00 0.000000000000000000e+00 0.000000000000000000e+00 0.000000000000000000e+00 3.248166186864775637e-03 1.068458707471708347e-01 3.473957589040973515e-01 7.394366857458761766e-01 1.358201295866784175e+00 2.366340141414625009e+00 4.064775065149458300e+00 6.454384320930691921e+00 1.003682955540360133e+01 1.528358760867763344e+01 2.281706934095281269e+01 3.352103487150127847e+01 4.881658780304107381e+01 6.967390008722155414e+01 9.893354322266067413e+01 1.416038244990428723e+02 2.005967314827972245e+02 2.672575311456905638e+02 3.500215628473235938e+02 4.806650878921702770e+02 5.844319558301195912e+02 3.654412794387051235e+02 0.000000000000000000e+00 0.000000000000000000e+00 0.000000000000000000e+00 0.000000000000000000e+00 0.000000000000000000e+00 0.000000000000000000e+00 0.000000000000000000e+00 0.000000000000000000e+00 0.000000000000000000e+00 0.000000000000000000e+00 0.000000000000000000e+00 0.000000000000000000e+00 0.000000000000000000e+00 0.000000000000000000e+00 0.000000000000000000e+00 0.000000000000000000e+00 0.000000000000000000e+00 0.000000000000000000e+00 0.000000000000000000e+00 0.000000000000000000e+00 0.000000000000000000e+00 0.000000000000000000e+00 0.000000000000000000e+00 0.000000000000000000e+00 0.000000000000000000e+00 0.000000000000000000e+00 0.000000000000000000e+00 0.000000000000000000e+00 0.000000000000000000e+00 0.000000000000000000e+00 0.000000000000000000e+00 0.000000000000000000e+00 0.000000000000000000e+00 0.000000000000000000e+00 0.000000000000000000e+00 0.000000000000000000e+00 0.000000000000000000e+00 0.000000000000000000e+00 0.000000000000000000e+00 0.000000000000000000e+00 0.000000000000000000e+00 0.000000000000000000e+00 0.000000000000000000e+00 0.000000000000000000e+00 0.000000000000000000e+00 0.000000000000000000e+00 0.000000000000000000e+00
-1.966501491714600425e+00 3.524690283115725151e+02 3.476887023217512706e+03 -3.527424709587030360e+00 5.286299435505300153e+02 2.534468603612241679e+02 2.664554827396439691e+02 -2.521374232522940133e+02 -4.400822717725638995e+02 2.310924506122693458e+02 1.658847490295063949e+02 -8.948237520731414918e+01 -1.263798445787999825e+01 -1.486488891469768703e+02 -1.268706406126727018e+02 2.925779317610859493e+02 4.998609594561294784e+02 3.778791398853003898e+02 0.000000000000000000e+00 0.000000000000000000e+00 0.000000000000000000e+00 0.000000000000000000e+00 0.000000000000000000e+00 0.000000000000000000e+00 0.000000000000000000e+00 0.000000000000000000e+00 0.000000000000000000e+00 0.000000000000000000e+00 0.000000000000000000e+00 0.000000000000000000e+00 0.000000000000000000e+00 0.000000000000000000e+00 0.000000000000000000e+00 0.000000000000000000e+00 0.000000000000000000e+00 0.000000000000000000e+00 0.000000000000000000e+00 0.000000000000000000e+00 0.000000000000000000e+00 -6.152322089803002490e-04 -1.945986377730012443e-02 -5.857639609865507302e-02 -1.129952135148595133e-01 -1.857343124694782188e-01 -3.071052396526489647e-01 -5.742358381039861515e-01 -8.458236262571027231e-01 -1.198678671246995009e+00 -1.640799325654459517e+00 -2.135781701889568840e+00 -2.625548105926333253e+00 -3.056750137256329491e+00 -3.156101522326459463e+00 -2.898956324040632193e+00 -2.287514071004049132e+00 -3.690090406196686601e-01 8.931956551113497511e+00 2.575880387168661301e+01 4.257878576440369756e+01 8.998162091780901051e+01 7.469958612083459570e+01 0.000000000000000000e+00 0.000000000000000000e+00 0.000000000000000000e+00 0.000000000000000000e+00 0.000000000000000000e+00 0.000000000000000000e+00 0.000000000000000000e+00 0.000000000000000000e+00 0.000000000000000000e+00 0.000000000000000000e+00 0.000000000000000000e+00 0.000000000000000000e+00 0.000000000000000000e+00 0.000000000000000000e+00 0.000000000000000000e+00 0.000000000000000000e+00 0.000000000000000000e+00 0.000000000000000000e+00 0.000000000000000000e+00 0.000000000000000000e+00 0.000000000000000000e+00 0.000000000000000000e+00 0.000000000000000000e+00 0.000000000000000000e+00 0.000000000000000000e+00 0.000000000000000000e+00 0.000000000000000000e+00 0.000000000000000000e+00 0.000000000000000000e+00 0.000000000000000000e+00 0.000000000000000000e+00 0.000000000000000000e+00 0.000000000000000000e+00 0.000000000000000000e+00 0.000000000000000000e+00 0.000000000000000000e+00 0.000000000000000000e+00 0.000000000000000000e+00 0.000000000000000000e+00 0.000000000000000000e+00 0.000000000000000000e+00 0.000000000000000000e+00 0.000000000000000000e+00 0.000000000000000000e+00 0.000000000000000000e+00 0.000000000000000000e+00 0.000000000000000000e+00
1.299487489640606563e+00 -4.574880693284222275e+02 -3.700475479883618391e+03 2.225527571750837819e+00 -5.626245923374139011e+02 -2.310564027148616049e+02 -1.970612626746324736e+02 1.657906490520628324e+02 1.223251261559502296e+02 -4.292661474082062796e+02 -8.948237520731414918e+01 6.327669205916702566e+01 9.005483642126435484e+00 -1.001300136930202598e+02 1.646720697883403091e+02 -3.797522686480179459e+02 -6.487958002145099954e+02 -2.794663471682514455e+02 0.000000000000000000e+00 0.000000000000000000e+00 0.000000000000000000e+00 0.000000000000000000e+00 0.000000000000000000e+00 0.000000000000000000e+00 0.000000000000000000e+00 0.000000000000000000e+00 0.000000000000000000e+00 0.000000000000000000e+00 0.000000000000000000e+00 0.000000000000000000e+00 0.000000000000000000e+00 0.000000000000000000e+00 0.000000000000000000e+00 0.000000000000000000e+00 0.000000000000000000e+00 0.000000000000000000e+00 0.000000000000000000e+00 0.000000000000000000e+00 0.000000000000000000e+00 2.114774855779079691e-04 6.385650830783415680e-03 1.772639876872621201e-02 3.054645446120210495e-02 4.301751451370402352e-02 6.387222892765102855e-02 1.315286842726810790e-01 1.710464837703971064e-01 2.006428617536224757e-01 2.033301649336738959e-01 1.311356726996742994e-01 -8.745599128280304169e-02 -5.444706898391669103e-01 -1.430073767984360256e+00 -2.877068689981690408e+00 -5.090540619334505301e+00 -8.687720976018187713e+00 -1.658355080859375619e+01 -2.912963671762918949e+01 -4.334398991229597442e+01 -7.276298572753803739e+01 -5.511725508345779190e+01 0.000000000000000000e+00 0.000000000000000000e+00 0.000000000000000000e+00 0.000000000000000000e+00 0.000000000000000000e+00 0.000000000000000000e+00 0.000000000000000000e+00 0.000000000000000000e+00 0.000000000000000000e+00 0.000000000000000000e+00 0.000000000000000000e+00 0.000000000000000000e+00 0.000000000000000000e+00 0.000000000000000000e+00 0.000000000000000000e+00 0.000000000000000000e+00 0.000000000000000000e+00 0.000000000000000000e+00 0.000000000000000000e+00 0.000000000000000000e+00 0.000000000000000000e+00 0.000000000000000000e+00 0.000000000000000000e+00 0.000000000000000000e+00 0.000000000000000000e+00 0.000000000000000000e+00 0.000000000000000000e+00 0.000000000000000000e+00 0.000000000000000000e+00 0.000000000000000000e+00 0.000000000000000000e+00 0.000000000000000000e+00 0.000000000000000000e+00 0.000000000000000000e+00 0.000000000000000000e+00 0.000000000000000000e+00 0.000000000000000000e+00 0.000000000000000000e+00 0.000000000000000000e+00 0.000000000000000000e+00 0.000000000000000000e+00 0.000000000000000000e+00 0.000000000000000000e+00 0.000000000000000000e+00 0.000000000000000000e+00 0.000000000000000000e+00 0.000000000000000000e+00
1.691501335227758029e-01 -6.619059212488515698e+01 -5.376811762063065316e+02 3.178267403941549829e-01 -8.174967087745400818e+01 -3.274452447777509434e+01 -2.893013117741595153e+01 2.482228300736705506e+01 1.736065637875568513e+01 -6.273975956539794652e+01 -1.263798445787999825e+01 9.005483642126435484e+00 1.288188001359653390e+00 -1.612150496479278772e+01 2.382519356564014501e+01 -5.494356947817163217e+01 -9.386950406680064418e+01 -4.102784064973696587e+01 0.000000000000000000e+00 0.000000000000000000e+00 0.000000000000000000e+00 0.000000000000000000e+00 0.000000000000000000e+00 0.000000000000000000e+00 0.000000000000000000e+00 0.000000000000000000e+00 0.000000000000000000e+00 0.000000000000000000e+00 0.000000000000000000e+00 0.000000000000000000e+00 0.000000000000000000e+00 0.000000000000000000e+00 0.000000000000000000e+00 0.000000000000000000e+00 0.000000000000000000e+00 0.000000000000000000e+00 0.000000000000000000e+00 0.000000000000000000e+00 0.000000000000000000e+00 1.477589631460028910e-05 4.410836208809164956e-04 1.149694028493250010e-03 1.727372245116283629e-03 1.818833853554717092e-03 2.182810132812208152e-03 6.846069072277397374e-03 6.717644884650440622e-03 3.061367782082721235e-03 -7.059199760130517066e-03 -3.051906256674465773e-02 -7.749030217562395684e-02 -1.618110794433914867e-01 -3.081002508365818238e-01 -5.389914026958324555e-01 -8.916102360990845188e-01 -1.449125518971766891e+00 -2.536111955791917172e+00 -4.226842606956671133e+00 -6.282946555745958506e+00 -1.010208439497527166e+01 -7.506815425663536878e+00 0.000000000000000000e+00 0.000000000000000000e+00 0.000000000000000000e+00 0.000000000000000000e+00 0.000000000000000000e+00 0.000000000000000000e+00 0.000000000000000000e+00 0.000000000000000000e+00 0.000000000000000000e+00 0.000000000000000000e+00 0.000000000000000000e+00 0.000000000000000000e+00 0.000000000000000000e+00 0.000000000000000000e+00 0.000000000000000000e+00 0.000000000000000000e+00 0.000000000000000000e+00 0.000000000000000000e+00 0.000000000000000000e+00 0.000000000000000000e+00 0.000000000000000000e+00 0.000000000000000000e+00 0.000000000000000000e+00 0.000000000000000000e+00 0.000000000000000000e+00 0.000000000000000000e+00 0.000000000000000000e+00 0.000000000000000000e+00 0.000000000000000000e+00 0.000000000000000000e+00 0.000000000000000000e+00 0.000000000000000000e+00 0.000000000000000000e+00 0.000000000000000000e+00 0.000000000000000000e+00 0.000000000000000000e+00 0.000000000000000000e+00 0.000000000000000000e+00 0.000000000000000000e+00 0.000000000000000000e+00 0.000000000000000000e+00 0.000000000000000000e+00 0.000000000000000000e+00 0.000000000000000000e+00 0.000000000000000000e+00 0.000000000000000000e+00 0.000000000000000000e+00
1.732832489298129275e+00 2.961490939870481270e+03 2.004007220185520418e+04 -1.089177061259144708e+00 3.046915866426909815e+03 8.476620350546703548e+02 5.587043533322553230e+02 -3.649965248512529570e+02 1.664876700922204918e+03 3.584731901580365957e+03 -1.486488891469768419e+02 -1.001300136930202598e+02 -1.612150496479278061e+01 2.511544730478148722e+03 -1.065983739081503245e+03 2.458278102524708629e+03 4.199897249739971812e+03 7.923376855174542470e+02 0.000000000000000000e+00 0.000000000000000000e+00 0.000000000000000000e+00 0.000000000000000000e+00 0.000000000000000000e+00 0.000000000000000000e+00 0.000000000000000000e+00 0.000000000000000000e+00 0.000000000000000000e+00 0.000000000000000000e+00 0.000000000000000000e+00 0.000000000000000000e+00 0.000000000000000000e+00 0.000000000000000000e+00 0.000000000000000000e+00 0.000000000000000000e+00 0.000000000000000000e+00 0.000000000000000000e+00 0.000000000000000000e+00 0.000000000000000000e+00 0.000000000000000000e+00 4.665434377515041350e-03 1.479189390913870084e-01 4.558813443263809995e-01 9.156211010379071702e-01 1.586275996066951244e+00 2.667215934983740766e+00 4.658340391664461677e+00 7.144778535041827361e+00 1.069496612894111109e+01 1.565268806501866194e+01 2.232026864873569139e+01 3.110792935788113311e+01 4.282898826599227249e+01 5.730554766207570339e+01 7.656239713141251002e+01 1.044038264057297454e+02 1.403955555221007785e+02 1.590633998192906233e+02 1.678591732867108419e+02 2.191505725319358362e+02 1.580766703652936087e+02 4.778246232764584533e+01 0.000000000000000000e+00 0.000000000000000000e+00 0.000000000000000000e+00 0.000000000000000000e+00 0.000000000000000000e+00 0.000000000000000000e+00 0.000000000000000000e+00 0.000000000000000000e+00 0.000000000000000000e+00 0.000000000000000000e+00 0.000000000000000000e+00 0.000000000000000000e+00 0.000000000000000000e+00 0.000000000000000000e+00 0.000000000000000000e+00 0.000000000000000000e+00 0.000000000000000000e+00 0.000000000000000000e+00 0.000000000000000000e+00 0.000000000000000000e+00 0.000000000000000000e+00 0.000000000000000000e+00 0.000000000000000000e+00 0.000000000000000000e+00 0.000000000000000000e+00 0.000000000000000000e+00 0.000000000000000000e+00 0.000000000000000000e+00 0.000000000000000000e+00 0.000000000000000000e+00 0.000000000000000000e+00 0.000000000000000000e+00 0.000000000000000000e+00 0.000000000000000000e+00 0.000000000000000000e+00 0.000000000000000000e+00 0.000000000000000000e+00 0.000000000000000000e+00 0.000000000000000000e+00 0.000000000000000000e+00 0.000000000000000000e+00 0.000000000000000000e+00 0.000000000000000000e+00 0.000000000000000000e+00 0.000000000000000000e+00 0.000000000000000000e+00 0.000000000000000000e+00
