4.507739452536662306e+00 -3.293262963772065888e+01 -2.416220380388184310e+02 1.471227210513100236e-01 -3.730801286911565029e+01 -1.860322163918784710e+01 -1.019219425683603042e+01 -2.991567206380301713e-01 6.913930042046908753e+00 -4.692809401164718253e+01 -1.452359728121838245e+01
-3.293262963772065888e+01 3.310816178636428231e+04 2.374213977917064622e+05 -8.441600788633014929e+01 3.665940671683824621e+04 1.368035301326087210e+04 9.231269173211583620e+03 6.497667555659735626e+03 4.684578354881502491e+03 4.717822250925670960e+04 1.315430539172932549e+04
-2.416220380388184310e+02 2.374213977917064622e+05 1.765664546226287959e+06 -7.319180321674645029e+02 2.726300802187941154e+05 1.011020784246804105e+05 7.786953543529870512e+04 5.811380731542040303e+04 1.520779790142584170e+04 3.383189802488249843e+05 1.109619523175104114e+05
1.471227210513100236e-01 -8.441600788633014929e+01 -7.319180321674645029e+02 5.752830008807809925e-01 -1.130129005817531294e+02 -4.776414316048816033e+01 -4.694849588433619658e+01 -3.970262719519310224e+01 3.925952617107481046e+01 -1.202904960143302588e+02 -6.690031900890282657e+01
-3.730801286911565029e+01 3.665940671683824621e+04 2.726300802187941154e+05 -1.130129005817531294e+02 4.209585608940482052e+04 1.561081792694889555e+04 1.202356231125508748e+04 8.973149505711426173e+03 2.348182824805709060e+03 5.223864913746576349e+04 1.713324653100884461e+04
-1.860322163918784710e+01 1.368035301326087210e+04 1.011020784246804105e+05 -4.776414316048816033e+01 1.561081792694889555e+04 6.527011286992225905e+03 4.369148496592486481e+03 3.035721160399715245e+03 1.700051582256693052e+02 1.949412784163144170e+04 6.225916777811557040e+03
-1.019219425683603042e+01 9.231269173211583620e+03 7.786953543529870512e+04 -4.694849588433619658e+01 1.202356231125508748e+04 4.369148496592486481e+03 4.732814514540180426e+03 3.942355032062914688e+03 -2.094786493666306342e+03 1.315430539172932549e+04 6.744130879352460397e+03
-2.991567206380301713e-01 6.497667555659735626e+03 5.811380731542040303e+04 -3.970262719519310224e+01 8.973149505711426173e+03 3.035721160399715245e+03 3.942355032062914688e+03 3.998783823385011601e+03 -2.929360988793056549e+03 9.258998059455730981e+03 5.617747796247454062e+03
6.913930042046908753e+00 4.684578354881502491e+03 1.520779790142584170e+04 3.925952617107481046e+01 2.348182824805709060e+03 1.700051582256693052e+02 -2.094786493666306342e+03 -2.929360988793056549e+03 8.434792186851329461e+03 6.675395674781050730e+03 -2.985013301109259828e+03
-4.692809401164718253e+01 4.717822250925670960e+04 3.383189802488249843e+05 -1.202904960143302588e+02 5.223864913746576349e+04 1.949412784163144170e+04 1.315430539172932549e+04 9.258998059455730981e+03 6.675395674781050730e+03 6.722767314884981897e+04 1.874452440851961364e+04
-1.452359728121838245e+01 1.315430539172932549e+04 1.109619523175104114e+05 -6.690031900890282657e+01 1.713324653100884461e+04 6.225916777811557040e+03 6.744130879352460397e+03 5.617747796247454062e+03 -2.985013301109259828e+03 1.874452440851961364e+04 9.610201536126407518e+03
