0.0058745238416033690106998754743017343571409583091735839843750000 0.0342389366624024360508116160417557694017887115478515625000000000 0.4218790002614488665599878913781139999628067016601562500000000000 -0.0000963572214132345477698854407933026777755003422498703002929688 0.0348413730632928728137009954934910638257861137390136718750000000 0.0133769218373801807714373879321101412642747163772583007812500000 0.0104585267762143073466685194716774276457726955413818359375000000 0.0131703188427731709975176954685593955218791961669921875000000000 0.0047009833832206866788272492385658551938831806182861328125000000 0.0422974226659158583641051620816142531111836433410644531250000000 0.0129200486533244777997975205607872339896857738494873046875000000
0.0342389366624024360508116160417557694017887115478515625000000000 35.4882103713990559867852425668388605117797851562500000000000000000 432.2174020779052057150693144649267196655273437500000000000000000000 -0.0542795615361212416272174152709339978173375129699707031250000000 35.6951821278401979498084983788430690765380859375000000000000000000 9.5516966448372162545865649008192121982574462890625000000000000000 10.2222338624695225917093921452760696411132812500000000000000000000 8.8303316277609713580432071466930210590362548828125000000000000000 7.0672854260042878848935288260690867900848388671875000000000000000 43.8407257952116538035625126212835311889648437500000000000000000000 12.6281417712804788777702924562618136405944824218750000000000000000
0.4218790002614488665599878913781139999628067016601562500000000000 432.2174020779052057150693144649267196655273437500000000000000000000 5433.7920057624924083938822150230407714843750000000000000000000000000 -0.7891543258476435562798201317491475492715835571289062500000000000 448.7560990326200567324121948331594467163085937500000000000000000000 119.5387584977402042341054766438901424407958984375000000000000000000 145.2474664957462380243669031187891960144042968750000000000000000000 124.6819372072395992745441617444157600402832031250000000000000000000 65.0057291907428833610538276843726634979248046875000000000000000000 533.9442144337458557856734842061996459960937500000000000000000000000 179.4329520831839772654348053038120269775390625000000000000000000000
-0.0000963572214132345477698854407933026777755003422498703002929688 -0.0542795615361212416272174152709339978173375129699707031250000000 -0.7891543258476435562798201317491475492715835571289062500000000000 0.0002308950093148342543828560602392485634482000023126602172851562 -0.0651732374788260987452659378504904452711343765258789062500000000 -0.0220351546147798289798647175530277309007942676544189453125000000 -0.0312909745446879813957075100461224792525172233581542968750000000 -0.0262058778668832273450739478448667796328663825988769531250000000 0.0124820974127276621001847445313615025952458381652832031250000000 -0.0670548147873706174015850933756155427545309066772460937500000000 -0.0386556273343161005406898311775876209139823913574218750000000000
0.0348413730632928728137009954934910638257861137390136718750000000 35.6951821278401979498084983788430690765380859375000000000000000000 448.7560990326200567324121948331594467163085937500000000000000000000 -0.0651732374788260987452659378504904452711343765258789062500000000 37.0610498534744650100947183091193437576293945312500000000000000000 9.8722488622603901120555747183971107006072998046875000000000000000 11.9954327272517389246786478906869888305664062500000000000000000000 10.2970043206686110437431125319562852382659912109375000000000000000 5.3685745452664237475914887909311801195144653320312500000000000000 44.0964104839161024074201122857630252838134765625000000000000000000 14.8186812320685383781437849393114447593688964843750000000000000000
0.0133769218373801807714373879321101412642747163772583007812500000 9.5516966448372162545865649008192121982574462890625000000000000000 119.5387584977402042341054766438901424407958984375000000000000000000 -0.0220351546147798289798647175530277309007942676544189453125000000 9.8722488622603901120555747183971107006072998046875000000000000000 3.5219748562828043780825737485429272055625915527343750000000000000 3.1433447068293012272022224351530894637107849121093750000000000000 2.4379039963304904858887312002480030059814453125000000000000000000 0.7839260023611691607925422431435436010360717773437500000000000000 11.7997867207988740290147688938304781913757324218750000000000000000 3.8831632232149830841194670938421040773391723632812500000000000000
0.0104585267762143073466685194716774276457726955413818359375000000 10.2222338624695225917093921452760696411132812500000000000000000000 145.2474664957462380243669031187891960144042968750000000000000000000 -0.0312909745446879813957075100461224792525172233581542968750000000 11.9954327272517389246786478906869888305664062500000000000000000000 3.1433447068293012272022224351530894637107849121093750000000000000 5.4808721936435338406568007485475391149520874023437500000000000000 4.6382439294183539502114399510901421308517456054687500000000000000 -0.5396945702402792255369945451093371957540512084960937500000000000 12.6281417712804788777702924562618136405944824218750000000000000000 6.7708518532052863747594528831541538238525390625000000000000000000
0.0131703188427731709975176954685593955218791961669921875000000000 8.8303316277609713580432071466930210590362548828125000000000000000 124.6819372072395992745441617444157600402832031250000000000000000000 -0.0262058778668832273450739478448667796328663825988769531250000000 10.2970043206686110437431125319562852382659912109375000000000000000 2.4379039963304904858887312002480030059814453125000000000000000000 4.6382439294183539502114399510901421308517456054687500000000000000 4.4355591164603671572308485337998718023300170898437500000000000000 -0.6926569235320156892043996776919811964035034179687500000000000000 10.9086410253431989048067407566122710704803466796875000000000000000 5.7299023577930459083518144325353205204010009765625000000000000000
0.0047009833832206866788272492385658551938831806182861328125000000 7.0672854260042878848935288260690867900848388671875000000000000000 65.0057291907428833610538276843726634979248046875000000000000000000 0.0124820974127276621001847445313615025952458381652832031250000000 5.3685745452664237475914887909311801195144653320312500000000000000 0.7839260023611691607925422431435436010360717773437500000000000000 -0.5396945702402792255369945451093371957540512084960937500000000000 -0.6926569235320156892043996776919811964035034179687500000000000000 5.4669165966363140185535485215950757265090942382812500000000000000 8.7306437612772427314666856545954942703247070312500000000000000000 -0.6667172398791181286981100129196420311927795410156250000000000000
0.0422974226659158583641051620816142531111836433410644531250000000 43.8407257952116538035625126212835311889648437500000000000000000000 533.9442144337458557856734842061996459960937500000000000000000000000 -0.0670548147873706174015850933756155427545309066772460937500000000 44.0964104839161024074201122857630252838134765625000000000000000000 11.7997867207988740290147688938304781913757324218750000000000000000 12.6281417712804788777702924562618136405944824218750000000000000000 10.9086410253431989048067407566122710704803466796875000000000000000 8.7306437612772427314666856545954942703247070312500000000000000000 54.1590916570968445853395678568631410598754882812500000000000000000 15.6003048591018647073269676184281706809997558593750000000000000000
0.0129200486533244777997975205607872339896857738494873046875000000 12.6281417712804788777702924562618136405944824218750000000000000000 179.4329520831839772654348053038120269775390625000000000000000000000 -0.0386556273343161005406898311775876209139823913574218750000000000 14.8186812320685383781437849393114447593688964843750000000000000000 3.8831632232149830841194670938421040773391723632812500000000000000 6.7708518532052863747594528831541538238525390625000000000000000000 5.7299023577930459083518144325353205204010009765625000000000000000 -0.6667172398791181286981100129196420311927795410156250000000000000 15.6003048591018647073269676184281706809997558593750000000000000000 8.3644414973262364298989268718287348747253417968750000000000000000
