4.991933747731055249e+00 -4.082975318015054000e+01 -3.358077365053989070e+02 1.799779039126355173e-01 -4.495486115681762129e+01 -2.252111282390272962e+01 -1.265419606402071473e+01 -8.108698585390065050e-01 8.514859699437520746e+00 -5.582175386789230487e+01 -1.730060465869343744e+01
-4.082975318015054000e+01 3.325701276388613041e+04 2.691310129864528426e+05 -7.601990257463057787e+01 3.602879268865551421e+04 1.268010336038056448e+04 9.565756004105078318e+03 6.845623147984845673e+03 5.192551873465788958e+03 4.546843015914990974e+04 1.307814119927280444e+04
-3.358077365053989070e+02 2.691310129864528426e+05 2.254472727839026134e+06 -7.369629368265960920e+02 3.018081403261711239e+05 1.055038236574755429e+05 9.032592453928128816e+04 6.789675600697522168e+04 2.355296266820025994e+04 3.679514078583734808e+05 1.234920893416720937e+05
1.799779039126355173e-01 -7.601990257463057787e+01 -7.369629368265960920e+02 4.471688186217357419e-01 -9.865784167908098823e+01 -3.932474632612036203e+01 -4.241385528239153047e+01 -3.549282631159083934e+01 2.866323876903321377e+01 -1.039331360113436773e+02 -5.798751169803993122e+01
-4.495486115681762129e+01 3.602879268865551421e+04 3.018081403261711239e+05 -9.865784167908098823e+01 4.040330692066179472e+04 1.412388467696583575e+04 1.209200669043934795e+04 9.089395232687922544e+03 3.153054713984019600e+03 4.925796119191797334e+04 1.653198877456753689e+04
-2.252111282390272962e+01 1.268010336038056448e+04 1.055038236574755429e+05 -3.932474632612036203e+01 1.412388467696583575e+04 5.602847712004624555e+03 4.134951218013085963e+03 2.907057592076031597e+03 5.101615546629273581e+02 1.733602467983344104e+04 5.653235965675185980e+03
-1.265419606402071473e+01 9.565756004105078318e+03 9.032592453928128816e+04 -4.241385528239153047e+01 1.209200669043934795e+04 4.134951218013085963e+03 4.930744464687538311e+03 4.078051892435547870e+03 -1.622650686906539931e+03 1.307814119927280444e+04 6.741231147756969222e+03
-8.108698585390065050e-01 6.845623147984845673e+03 6.789675600697522168e+04 -3.549282631159083934e+01 9.089395232687922544e+03 2.907057592076031597e+03 4.078051892435547870e+03 4.008226660342523246e+03 -2.376397241624618800e+03 9.359221172684712656e+03 5.575444161898560196e+03
8.514859699437520746e+00 5.192551873465788958e+03 2.355296266820025994e+04 2.866323876903321377e+01 3.153054713984019600e+03 5.101615546629273581e+02 -1.622650686906539931e+03 -2.376397241624618800e+03 7.257117925745331377e+03 7.099169846752462945e+03 -2.218460808675632052e+03
-5.582175386789230487e+01 4.546843015914990974e+04 3.679514078583734808e+05 -1.039331360113436773e+02 4.925796119191797334e+04 1.733602467983344104e+04 1.307814119927280444e+04 9.359221172684712656e+03 7.099169846752462945e+03 6.216367524693808082e+04 1.788021533841307973e+04
-1.730060465869343744e+01 1.307814119927280444e+04 1.234920893416720937e+05 -5.798751169803993122e+01 1.653198877456753689e+04 5.653235965675185980e+03 6.741231147756969222e+03 5.575444161898560196e+03 -2.218460808675632052e+03 1.788021533841307973e+04 9.216498180537642838e+03
