0.0182887857305587854528372560025673010386526584625244140625000000 0.0465183955343962396433710182463983073830604553222656250000000000 0.3842624345521706841211084793030750006437301635742187500000000000 -0.0000031622183563743056275820511591412298457726137712597846984863 0.0578082574933930157246031455997581360861659049987792968750000000 0.0063103348403529269106115862086880952119827270507812500000000000 0.0209250437296197369652084319113782839849591255187988281250000000 0.0302118171810439734015218959939375054091215133666992187500000000 0.0230338109175010387341675510697314166463911533355712890625000000 0.0657575932535156837399625828766147606074810028076171875000000000 0.0295792771564304564357872351365585927851498126983642578125000000
0.0465183955343962396433710182463983073830604553222656250000000000 68.3536024699170070562104228883981704711914062500000000000000000000 531.5342719784765677104587666690349578857421875000000000000000000000 -0.1023934753801368918724179479795566294342279434204101562500000000 79.9637625179393864982557715848088264465332031250000000000000000000 11.7372831501484622407360802753828465938568115234375000000000000000 24.7263953085524761377200775314122438430786132812500000000000000000 25.3763281168571346313456160714849829673767089843750000000000000000 17.6066536786194234309732564724981784820556640625000000000000000000 96.6234612564361583508798503316938877105712890625000000000000000000 34.9528015024333100768672011326998472213745117187500000000000000000
0.3842624345521706841211084793030750006437301635742187500000000000 531.5342719784765677104587666690349578857421875000000000000000000000 4307.6116248438165712286718189716339111328125000000000000000000000000 -0.9431520717077412907514144535525701940059661865234375000000000000 648.0350395966073620002134703099727630615234375000000000000000000000 92.3815736082891447722431621514260768890380859375000000000000000000 223.9803566761480055902211461216211318969726562500000000000000000000 229.3964496541495918791042640805244445800781250000000000000000000000 109.4495163588547796962302527390420436859130859375000000000000000000 751.3675838458360658478341065347194671630859375000000000000000000000 316.6147289021855044666153844445943832397460937500000000000000000000
-0.0000031622183563743056275820511591412298457726137712597846984863 -0.1023934753801368918724179479795566294342279434204101562500000000 -0.9431520717077412907514144535525701940059661865234375000000000000 0.0004755190261472592018303362504383358100312761962413787841796875 -0.1418873481095010991026583724305965006351470947265625000000000000 -0.0413401863667911192989912194661883404478430747985839843750000000 -0.0637655657468773895413249874764005653560161590576171875000000000 -0.0615151861047277467853255927821010118350386619567871093750000000 0.0262435531190773722876041773588440264575183391571044921875000000 -0.1447416323910472035763064013735856860876083374023437500000000000 -0.0901378925002490755113981890644936356693506240844726562500000000
0.0578082574933930157246031455997581360861659049987792968750000000 79.9637625179393864982557715848088264465332031250000000000000000000 648.0350395966073620002134703099727630615234375000000000000000000000 -0.1418873481095010991026583724305965006351470947265625000000000000 97.4900824677300761322840116918087005615234375000000000000000000000 13.8978398994861009896339965052902698516845703125000000000000000000 33.6954980969883663988184707704931497573852539062500000000000000000 34.5102925429907827492570504546165466308593750000000000000000000000 16.4655330713598466729763458715751767158508300781250000000000000000 113.0353811706035145334681146778166294097900390625000000000000000000 47.6313689000308002619021863210946321487426757812500000000000000000
0.0063103348403529269106115862086880952119827270507812500000000000 11.7372831501484622407360802753828465938568115234375000000000000000 92.3815736082891447722431621514260768890380859375000000000000000000 -0.0413401863667911192989912194661883404478430747985839843750000000 13.8978398994861009896339965052902698516845703125000000000000000000 6.7509631435914219110827616532333195209503173828125000000000000000 4.4477208896525750603245796810369938611984252929687500000000000000 3.2029080362402910786556731181917712092399597167968750000000000000 -0.9188838965728614027739240555092692375183105468750000000000000000 16.5916189159644673623006383422762155532836914062500000000000000000 6.2872207393886192505760845961049199104309082031250000000000000000
0.0209250437296197369652084319113782839849591255187988281250000000 24.7263953085524761377200775314122438430786132812500000000000000000 223.9803566761480055902211461216211318969726562500000000000000000000 -0.0637655657468773895413249874764005653560161590576171875000000000 33.6954980969883663988184707704931497573852539062500000000000000000 4.4477208896525750603245796810369938611984252929687500000000000000 14.7114992993535729226550756720826029777526855468750000000000000000 15.0124696294906918581091304076835513114929199218750000000000000000 1.3730543597520916687670933242770843207836151123046875000000000000 34.9528015024333100768672011326998472213745117187500000000000000000 20.7959190329548597730990877607837319374084472656250000000000000000
0.0302118171810439734015218959939375054091215133666992187500000000 25.3763281168571346313456160714849829673767089843750000000000000000 229.3964496541495918791042640805244445800781250000000000000000000000 -0.0615151861047277467853255927821010118350386619567871093750000000 34.5102925429907827492570504546165466308593750000000000000000000000 3.2029080362402910786556731181917712092399597167968750000000000000 15.0124696294906918581091304076835513114929199218750000000000000000 17.0917863733054318231552315410226583480834960937500000000000000000 0.9219608428019012702492318567237816751003265380859375000000000000 35.8715351939040871798169973772019147872924804687500000000000000000 21.2213654466408030430102371610701084136962890625000000000000000000
0.0230338109175010387341675510697314166463911533355712890625000000 17.6066536786194234309732564724981784820556640625000000000000000000 109.4495163588547796962302527390420436859130859375000000000000000000 0.0262435531190773722876041773588440264575183391571044921875000000 16.4655330713598466729763458715751767158508300781250000000000000000 -0.9188838965728614027739240555092692375183105468750000000000000000 1.3730543597520916687670933242770843207836151123046875000000000000 0.9219608428019012702492318567237816751003265380859375000000000000 14.6233274458417596974868502002209424972534179687500000000000000000 24.8884588097648808968642697436735033988952636718750000000000000000 1.9409257147913427932195418179617263376712799072265625000000000000
0.0657575932535156837399625828766147606074810028076171875000000000 96.6234612564361583508798503316938877105712890625000000000000000000 751.3675838458360658478341065347194671630859375000000000000000000000 -0.1447416323910472035763064013735856860876083374023437500000000000 113.0353811706035145334681146778166294097900390625000000000000000000 16.5916189159644673623006383422762155532836914062500000000000000000 34.9528015024333100768672011326998472213745117187500000000000000000 35.8715351939040871798169973772019147872924804687500000000000000000 24.8884588097648808968642697436735033988952636718750000000000000000 136.5852409795505479905841639265418052673339843750000000000000000000 49.4086710830000299665698548778891563415527343750000000000000000000
0.0295792771564304564357872351365585927851498126983642578125000000 34.9528015024333100768672011326998472213745117187500000000000000000 316.6147289021855044666153844445943832397460937500000000000000000000 -0.0901378925002490755113981890644936356693506240844726562500000000 47.6313689000308002619021863210946321487426757812500000000000000000 6.2872207393886192505760845961049199104309082031250000000000000000 20.7959190329548597730990877607837319374084472656250000000000000000 21.2213654466408030430102371610701084136962890625000000000000000000 1.9409257147913427932195418179617263376712799072265625000000000000 49.4086710830000299665698548778891563415527343750000000000000000000 29.3967487354750467432040750281885266304016113281250000000000000000
