0.3530045088606102443584688899136381223797798156738281250000000000 0.2248631430494630600858130264896317385137081146240234375000000000 1.9834764650112166606277241953648626804351806640625000000000000000 0.0007709891669820574406496449526571268506813794374465942382812500 0.2405443697995794383182044384739128872752189636230468750000000000 -0.0751065367125588329022534139767230954021215438842773437500000000 0.0663014969771644757656758883967995643615722656250000000000000000 0.4322702904088099873369799297506688162684440612792968750000000000 0.3956053489623854724221985179610783234238624572753906250000000000 0.2997754140545660361816260319756111130118370056152343750000000000 0.0883895797204754529730053036473691463470458984375000000000000000
0.2248631430494630600858130264896317385137081146240234375000000000 1911.5612114493555964145343750715255737304687500000000000000000000000 16786.4054460116385598666965961456298828125000000000000000000000000000 -3.2786182956234513063975555269280448555946350097656250000000000000 2035.7566073708244402951095253229141235351562500000000000000000000000 550.4926752137906760253827087581157684326171875000000000000000000000 551.7399619672083872501389123499393463134765625000000000000000000000 484.9051690720414740098931360989809036254882812500000000000000000000 394.9861343886839790684462059289216995239257812500000000000000000000 2548.3903047945650541805662214756011962890625000000000000000000000000 735.5499585487415288298507221043109893798828125000000000000000000000
1.9834764650112166606277241953648626804351806640625000000000000000 16786.4054460116385598666965961456298828125000000000000000000000000000 152960.2101709101116284728050231933593750000000000000000000000000000000 -34.8727368460299658181611448526382446289062500000000000000000000000 18550.1154205854545580223202705383300781250000000000000000000000000000 4992.4500093339429440675303339958190917968750000000000000000000000000 5723.4544193574138262192718684673309326171875000000000000000000000000 5040.3868801511080164345912635326385498046875000000000000000000000000 2501.0878947480441638617776334285736083984375000000000000000000000000 22378.7303460358489246573299169540405273437500000000000000000000000000 7630.2007306191180759924463927745819091796875000000000000000000000000
0.0007709891669820574406496449526571268506813794374465942382812500 -3.2786182956234513063975555269280448555946350097656250000000000000 -34.8727368460299658181611448526382446289062500000000000000000000000 0.0163456583895054477495456524138717213645577430725097656250000000 -4.2291605954434352554471843177452683448791503906250000000000000000 -1.4860242063335511453203707787906751036643981933593750000000000000 -1.9087526479420173775025659779203124344348907470703125000000000000 -1.6648815080322898474207704566651955246925354003906250000000000000 0.9639089143453873909095364069798961281776428222656250000000000000 -4.3708770755784112083119907765649259090423583984375000000000000000 -2.5446460794097682800440907158190384507179260253906250000000000000
0.2405443697995794383182044384739128872752189636230468750000000000 2035.7566073708244402951095253229141235351562500000000000000000000000 18550.1154205854545580223202705383300781250000000000000000000000000000 -4.2291605954434352554471843177452683448791503906250000000000000000 2249.6489886654485417238902300596237182617187500000000000000000000000 605.4549990560891501445439644157886505126953125000000000000000000000 694.1069181646001879926188848912715911865234375000000000000000000000 611.2685010483166934136534109711647033691406250000000000000000000000 303.3172422603585118849878199398517608642578125000000000000000000000 2713.9609080118289057281799614429473876953125000000000000000000000000 925.3459058213188654917757958173751831054687500000000000000000000000
-0.0751065367125588329022534139767230954021215438842773437500000000 550.4926752137906760253827087581157684326171875000000000000000000000 4992.4500093339429440675303339958190917968750000000000000000000000000 -1.4860242063335511453203707787906751036643981933593750000000000000 605.4549990560891501445439644157886505126953125000000000000000000000 225.4041112924161893715790938585996627807617187500000000000000000000 183.9407763144152738732373109087347984313964843750000000000000000000 142.2272866178739434417366283014416694641113281250000000000000000000 33.6359025248080882875001407228410243988037109375000000000000000000 733.8871431229680410979199223220348358154296875000000000000000000000 245.2199219195448733898956561461091041564941406250000000000000000000
0.0663014969771644757656758883967995643615722656250000000000000000 551.7399619672083872501389123499393463134765625000000000000000000000 5723.4544193574138262192718684673309326171875000000000000000000000000 -1.9087526479420173775025659779203124344348907470703125000000000000 694.1069181646001879926188848912715911865234375000000000000000000000 183.9407763144152738732373109087347984313964843750000000000000000000 298.2533689688131630646239500492811203002929687500000000000000000000 263.7452326269868194685841444879770278930664062500000000000000000000 -39.1050569892257300352866877801716327667236328125000000000000000000 735.5499585487415288298507221043109893798828125000000000000000000000 397.6153048618064644870173651725053787231445312500000000000000000000
0.4322702904088099873369799297506688162684440612792968750000000000 484.9051690720414740098931360989809036254882812500000000000000000000 5040.3868801511080164345912635326385498046875000000000000000000000000 -1.6648815080322898474207704566651955246925354003906250000000000000 611.2685010483166934136534109711647033691406250000000000000000000000 142.2272866178739434417366283014416694641113281250000000000000000000 263.7452326269868194685841444879770278930664062500000000000000000000 270.3508636367817530299362260848283767700195312500000000000000000000 -58.4400039404282765076459327246993780136108398437500000000000000000 646.4494174743296071028453297913074493408203125000000000000000000000 351.6109187279391221636615227907896041870117187500000000000000000000
0.3956053489623854724221985179610783234238624572753906250000000000 394.9861343886839790684462059289216995239257812500000000000000000000 2501.0878947480441638617776334285736083984375000000000000000000000000 0.9639089143453873909095364069798961281776428222656250000000000000 303.3172422603585118849878199398517608642578125000000000000000000000 33.6359025248080882875001407228410243988037109375000000000000000000 -39.1050569892257300352866877801716327667236328125000000000000000000 -58.4400039404282765076459327246993780136108398437500000000000000000 360.1534923217245705018285661935806274414062500000000000000000000000 526.5742103237238325164071284234523773193359375000000000000000000000 -52.1327528006403326799045316874980926513671875000000000000000000000
0.2997754140545660361816260319756111130118370056152343750000000000 2548.3903047945650541805662214756011962890625000000000000000000000000 22378.7303460358489246573299169540405273437500000000000000000000000000 -4.3708770755784112083119907765649259090423583984375000000000000000 2713.9609080118289057281799614429473876953125000000000000000000000000 733.8871431229680410979199223220348358154296875000000000000000000000 735.5499585487415288298507221043109893798828125000000000000000000000 646.4494174743296071028453297913074493408203125000000000000000000000 526.5742103237238325164071284234523773193359375000000000000000000000 3397.3765039137442727223969995975494384765625000000000000000000000000 980.5955319821674720515147782862186431884765625000000000000000000000
0.0883895797204754529730053036473691463470458984375000000000000000 735.5499585487415288298507221043109893798828125000000000000000000000 7630.2007306191180759924463927745819091796875000000000000000000000000 -2.5446460794097682800440907158190384507179260253906250000000000000 925.3459058213188654917757958173751831054687500000000000000000000000 245.2199219195448733898956561461091041564941406250000000000000000000 397.6153048618064644870173651725053787231445312500000000000000000000 351.6109187279391221636615227907896041870117187500000000000000000000 -52.1327528006403326799045316874980926513671875000000000000000000000 980.5955319821674720515147782862186431884765625000000000000000000000 530.0792785910786051317700184881687164306640625000000000000000000000
