1.172147655461361815e+01 2.126763228051001420e+01 1.290970217656634986e+02 -2.605175330891141422e-02 2.456074925872981751e+01 4.710342146643029082e+00 5.770251060797514597e+00 1.570112054249959321e+01 1.358632012843728454e+01 3.259191145209317853e+01 8.842710328511914852e+00
2.126763228051001420e+01 5.408149011754075764e+04 3.317646037982979324e+05 -1.082458752406777478e+02 6.311832089823711431e+04 1.712478963304404897e+04 1.541065272589219057e+04 1.461604656478813376e+04 1.212023624202443716e+04 8.287801452742975380e+04 2.361629270417274165e+04
1.290970217656634986e+02 3.317646037982979324e+05 2.124339847143337596e+06 -8.144955963397743517e+02 4.041563284141799086e+05 1.086963385599520843e+05 1.134035135740701808e+05 1.082003069829185260e+05 5.158380917712893279e+04 5.084177894048869493e+05 1.737869652819534822e+05
-2.605175330891141422e-02 -1.082458752406777478e+02 -8.144955963397743517e+02 6.908980527641372937e-01 -1.549580450457887082e+02 -5.819006747314052319e+01 -6.269650883027576072e+01 -5.858864545802242674e+01 4.356891105102771178e+01 -1.658830627860515392e+02 -9.608023296624000409e+01
2.456074925872981751e+01 6.311832089823711431e+04 4.041563284141799086e+05 -1.549580450457887082e+02 7.689086942321478273e+04 2.067951282066721978e+04 2.157505435723783376e+04 2.058514265610952498e+04 9.813836025662711108e+03 9.672664538239878311e+04 3.306302516004996141e+04
4.710342146643029082e+00 1.712478963304404897e+04 1.086963385599520843e+05 -5.819006747314052319e+01 2.067951282066721978e+04 8.407106256411638242e+03 5.651129886598570010e+03 4.443870683582251331e+03 4.819161538807799730e+02 2.624314827313307615e+04 8.660161245926967240e+03
5.770251060797514597e+00 1.541065272589219057e+04 1.134035135740701808e+05 -6.269650883027576072e+01 2.157505435723783376e+04 5.651129886598570010e+03 8.385271973296481519e+03 8.089268311324880415e+03 -1.366276209785669153e+03 2.361629270417273801e+04 1.285013950075895082e+04
1.570112054249959321e+01 1.461604656478813376e+04 1.082003069829185260e+05 -5.858864545802242674e+01 2.058514265610952498e+04 4.443870683582251331e+03 8.089268311324880415e+03 9.344466101990974494e+03 -2.231611687971624178e+03 2.239858622418416780e+04 1.239652411879117608e+04
1.358632012843728454e+01 1.212023624202443716e+04 5.158380917712893279e+04 4.356891105102771178e+01 9.813836025662711108e+03 4.819161538807799730e+02 -1.366276209785669153e+03 -2.231611687971624178e+03 1.356436022506460176e+04 1.857384316074128583e+04 -2.093771072450017982e+03
3.259191145209317853e+01 8.287801452742975380e+04 5.084177894048869493e+05 -1.658830627860515392e+02 9.672664538239878311e+04 2.624314827313307615e+04 2.361629270417273801e+04 2.239858622418416780e+04 1.857384316074128583e+04 1.270076929663046758e+05 3.619115238072261127e+04
8.842710328511914852e+00 2.361629270417274165e+04 1.737869652819534822e+05 -9.608023296624000409e+01 3.306302516004996141e+04 8.660161245926967240e+03 1.285013950075895082e+04 1.239652411879117608e+04 -2.093771072450017982e+03 3.619115238072261127e+04 1.969239467900644377e+04
