7.9100717359173229326074761047493666410446166992187500000000000000 -68.1193855437297628441228880546987056732177734375000000000000000000 -592.6620590316390462248818948864936828613281250000000000000000000000 0.2713041557836598505204506182053592056035995483398437500000000000 -72.6886878511618022002949146553874015808105468750000000000000000000 -36.0132390429375135454392875544726848602294921875000000000000000000 -19.6632738517917537990342680132016539573669433593750000000000000000 -0.8088390125321228696364528332196641713380813598632812500000000000 10.4916706690808538837700325530022382736206054687500000000000000000 -91.0620899009833522086410084739327430725097656250000000000000000000 -26.2858919960462742437812266871333122253417968750000000000000000000
-68.1193855437297628441228880546987056732177734375000000000000000000 57323.1602563611668301746249198913574218750000000000000000000000000000 484383.4240886498591862618923187255859375000000000000000000000000000000 -111.7936587488354831521064625121653079986572265625000000000000000000 59408.5532847939393832348287105560302734375000000000000000000000000000 20580.6916653166408650577068328857421875000000000000000000000000000000 14259.4711271486939949681982398033142089843750000000000000000000000000 11024.4843581884560990147292613983154296875000000000000000000000000000 10345.5836977994313201634213328361511230468750000000000000000000000000 76629.6808317837712820619344711303710937500000000000000000000000000000 19062.0809532597813813481479883193969726562500000000000000000000000000
-592.6620590316390462248818948864936828613281250000000000000000000000 484383.4240886498591862618923187255859375000000000000000000000000000000 4239832.3899835944175720214843750000000000000000000000000000000000000000 -1159.5396198756652665906585752964019775390625000000000000000000000000 520006.0446594412787817418575286865234375000000000000000000000000000000 179692.7686630545358639210462570190429687500000000000000000000000000000 143891.7527426640153862535953521728515625000000000000000000000000000000 113290.6556382976414170116186141967773437500000000000000000000000000000 56296.0034186107659479603171348571777343750000000000000000000000000000 647524.4390246398979797959327697753906250000000000000000000000000000000 192354.6963859636161942034959793090820312500000000000000000000000000000
0.2713041557836598505204506182053592056035995483398437500000000000 -111.7936587488354831521064625121653079986572265625000000000000000000 -1159.5396198756652665906585752964019775390625000000000000000000000000 0.6468598005193048061656213576497975736856460571289062500000000000 -142.2149641532857913261977955698966979980468750000000000000000000000 -56.9501857195297134239808656275272369384765625000000000000000000000 -62.0659742553284416999304085038602352142333984375000000000000000000 -51.1340348226209400195330090355128049850463867187500000000000000000 41.6943053964961407586997665930539369583129882812500000000000000000 -149.4459194264322547951451269909739494323730468750000000000000000000 -82.9698812212946847921557491645216941833496093750000000000000000000
-72.6886878511618022002949146553874015808105468750000000000000000000 59408.5532847939393832348287105560302734375000000000000000000000000000 520006.0446594412787817418575286865234375000000000000000000000000000000 -142.2149641532857913261977955698966979980468750000000000000000000000 63777.5887370404234388843178749084472656250000000000000000000000000000 22038.9197712460882030427455902099609375000000000000000000000000000000 17648.0045248007008922286331653594970703125000000000000000000000000000 13894.8477950502092426177114248275756835937500000000000000000000000000 6904.5800341082449449459090828895568847656250000000000000000000000000 79417.4371498750551836565136909484863281250000000000000000000000000000 23591.8771401526355475652962923049926757812500000000000000000000000000
-36.0132390429375135454392875544726848602294921875000000000000000000 20580.6916653166408650577068328857421875000000000000000000000000000000 179692.7686630545358639210462570190429687500000000000000000000000000000 -56.9501857195297134239808656275272369384765625000000000000000000000 22038.9197712460882030427455902099609375000000000000000000000000000000 8815.5840743045555427670478820800781250000000000000000000000000000000 6041.8255759608382504666224122047424316406250000000000000000000000000 4337.0795672956937778508290648460388183593750000000000000000000000000 1379.3146022502062351122731342911720275878906250000000000000000000000 27512.2974127295528887771070003509521484375000000000000000000000000000 8076.7208830886065697995945811271667480468750000000000000000000000000
-19.6632738517917537990342680132016539573669433593750000000000000000 14259.4711271486939949681982398033142089843750000000000000000000000000 143891.7527426640153862535953521728515625000000000000000000000000000000 -62.0659742553284416999304085038602352142333984375000000000000000000 17648.0045248007008922286331653594970703125000000000000000000000000000 6041.8255759608382504666224122047424316406250000000000000000000000000 7277.4114412347753386711701750755310058593750000000000000000000000000 5952.1222237109095658524893224239349365234375000000000000000000000000 -2388.4882919239603324967902153730392456054687500000000000000000000000 19062.0809532597813813481479883193969726562500000000000000000000000000 9728.4537965003073622938245534896850585937500000000000000000000000000
-0.8088390125321228696364528332196641713380813598632812500000000000 11024.4843581884560990147292613983154296875000000000000000000000000000 113290.6556382976414170116186141967773437500000000000000000000000000000 -51.1340348226209400195330090355128049850463867187500000000000000000 13894.8477950502092426177114248275756835937500000000000000000000000000 4337.0795672956937778508290648460388183593750000000000000000000000000 5952.1222237109095658524893224239349365234375000000000000000000000000 5898.8811377004185487749055027961730957031250000000000000000000000000 -3030.7374195010484072554390877485275268554687500000000000000000000000 14737.5461144298260478535667061805725097656250000000000000000000000000 7956.8053162965561568853445351123809814453125000000000000000000000000
10.4916706690808538837700325530022382736206054687500000000000000000 10345.5836977994313201634213328361511230468750000000000000000000000000 56296.0034186107659479603171348571777343750000000000000000000000000000 41.6943053964961407586997665930539369583129882812500000000000000000 6904.5800341082449449459090828895568847656250000000000000000000000000 1379.3146022502062351122731342911720275878906250000000000000000000000 -2388.4882919239603324967902153730392456054687500000000000000000000000 -3030.7374195010484072554390877485275268554687500000000000000000000000 11492.9572832237554393941536545753479003906250000000000000000000000000 13829.9907617689459584653377532958984375000000000000000000000000000000 -3192.9344903881947175250388681888580322265625000000000000000000000000
-91.0620899009833522086410084739327430725097656250000000000000000000 76629.6808317837712820619344711303710937500000000000000000000000000000 647524.4390246398979797959327697753906250000000000000000000000000000000 -149.4459194264322547951451269909739494323730468750000000000000000000 79417.4371498750551836565136909484863281250000000000000000000000000000 27512.2974127295528887771070003509521484375000000000000000000000000000 19062.0809532597813813481479883193969726562500000000000000000000000000 14737.5461144298260478535667061805725097656250000000000000000000000000 13829.9907617689459584653377532958984375000000000000000000000000000000 102438.6645488446956733241677284240722656250000000000000000000000000000 25482.2164881571516161784529685974121093750000000000000000000000000000
-26.2858919960462742437812266871333122253417968750000000000000000000 19062.0809532597813813481479883193969726562500000000000000000000000000 192354.6963859636161942034959793090820312500000000000000000000000000000 -82.9698812212946847921557491645216941833496093750000000000000000000 23591.8771401526355475652962923049926757812500000000000000000000000000 8076.7208830886065697995945811271667480468750000000000000000000000000 9728.4537965003073622938245534896850585937500000000000000000000000000 7956.8053162965561568853445351123809814453125000000000000000000000000 -3192.9344903881947175250388681888580322265625000000000000000000000000 25482.2164881571516161784529685974121093750000000000000000000000000000 13005.0106462831754470244050025939941406250000000000000000000000000000
