0.1077946222303521606189491421901038847863674163818359375000000000 -0.0696427284557123577046766627063334453850984573364257812500000000 -0.5234595427463004657653300455422140657901763916015625000000000000 0.0009774434594237912596326189884621271630749106407165527343750000 -0.0755057035837422979573929637808760162442922592163085937500000000 -0.1130695908621771467172933967049175407737493515014648437500000000 -0.0187540647110892022553230162884574383497238159179687500000000000 0.1028835785967467941759423410985618829727172851562500000000000000 0.1472909207440424028678904733169474638998508453369140625000000000 -0.0972227687435660015147220747167011722922325134277343750000000000 -0.0261810836082850689754408790577144827693700790405273437500000000
-0.0696427284557123577046766627063334453850984573364257812500000000 530.6497770313642377004725858569145202636718750000000000000000000000 4074.0400916451967532339040189981460571289062500000000000000000000000 -0.9645960037697718369997801346471533179283142089843750000000000000 587.6543236448989091513794846832752227783203125000000000000000000000 152.6094157027432061113358940929174423217773437500000000000000000000 158.0343815999535763694439083337783813476562500000000000000000000000 143.1371031863219513979856856167316436767578125000000000000000000000 112.4040879839470505885401507839560508728027343750000000000000000000 740.7986691525643436762038618326187133789062500000000000000000000000 220.6194455117514507946907542645931243896484375000000000000000000000
-0.5234595427463004657653300455422140657901763916015625000000000000 4074.0400916451967532339040189981460571289062500000000000000000000000 32543.9679736260477511677891016006469726562500000000000000000000000000 -8.9866700952674261060337812523357570171356201171875000000000000000 4694.2600116974981574458070099353790283203125000000000000000000000000 1210.5171402629644035187084227800369262695312500000000000000000000000 1437.4003724181404777482384815812110900878906250000000000000000000000 1309.0647655805626072833547368645668029785156250000000000000000000000 611.5675797248396747818333096802234649658203125000000000000000000000 5687.4488760721196740632876753807067871093750000000000000000000000000 2006.6422884105388675379799678921699523925781250000000000000000000000
0.0009774434594237912596326189884621271630749106407165527343750000 -0.9645960037697718369997801346471533179283142089843750000000000000 -8.9866700952674261060337812523357570171356201171875000000000000000 0.0052520187557367897790427946347335819154977798461914062500000000 -1.2962698986404914691661360848229378461837768554687500000000000000 -0.4605706390532374183699459990748437121510505676269531250000000000 -0.5671964848002198911203208808728959411382675170898437500000000000 -0.5095483216218141819808806758373975753784179687500000000000000000 0.3232363147733337549460941318102413788437843322753906250000000000 -1.3465970717260733469089473146595992147922515869140625000000000000 -0.7918186707599065288221140690438915044069290161132812500000000000
-0.0755057035837422979573929637808760162442922592163085937500000000 587.6543236448989091513794846832752227783203125000000000000000000000 4694.2600116974981574458070099353790283203125000000000000000000000000 -1.2962698986404914691661360848229378461837768554687500000000000000 677.1170951028606168620171956717967987060546875000000000000000000000 174.6093841296791140393906971439719200134277343750000000000000000000 207.3358446797217879975505638867616653442382812500000000000000000000 188.8242511413186832669452996924519538879394531250000000000000000000 88.2147264979952012708963593468070030212402343750000000000000000000 820.3782602402957309095654636621475219726562500000000000000000000000 289.4453638812750568831688724458217620849609375000000000000000000000
-0.1130695908621771467172933967049175407737493515014648437500000000 152.6094157027432061113358940929174423217773437500000000000000000000 1210.5171402629644035187084227800369262695312500000000000000000000000 -0.4605706390532374183699459990748437121510505676269531250000000000 174.6093841296791140393906971439719200134277343750000000000000000000 67.3748537566674343679551384411752223968505859375000000000000000000 52.3302916380104008453599817585200071334838867187500000000000000000 40.4910146694430750358151271939277648925781250000000000000000000000 5.4171047933688427633569517638534307479858398437500000000000000000 213.0460747297376826736581278964877128601074218750000000000000000000 73.0542291352218740030366461724042892456054687500000000000000000000
-0.0187540647110892022553230162884574383497238159179687500000000000 158.0343815999535763694439083337783813476562500000000000000000000000 1437.4003724181404777482384815812110900878906250000000000000000000000 -0.5671964848002198911203208808728959411382675170898437500000000000 207.3358446797217879975505638867616653442382812500000000000000000000 52.3302916380104008453599817585200071334838867187500000000000000000 86.7422266274835749300109455361962318420410156250000000000000000000 79.8335218319012653864774620160460472106933593750000000000000000000 -11.0377371009892737419022523681633174419403076171875000000000000000 220.6194455117514507946907542645931243896484375000000000000000000000 121.0940413552118570805760100483894348144531250000000000000000000000
0.1028835785967467941759423410985618829727172851562500000000000000 143.1371031863219513979856856167316436767578125000000000000000000000 1309.0647655805626072833547368645668029785156250000000000000000000000 -0.5095483216218141819808806758373975753784179687500000000000000000 188.8242511413186832669452996924519538879394531250000000000000000000 40.4910146694430750358151271939277648925781250000000000000000000000 79.8335218319012653864774620160460472106933593750000000000000000000 85.6828635495142520994704682379961013793945312500000000000000000000 -17.8340865836003743538640264887362718582153320312500000000000000000 199.8225197417039566971652675420045852661132812500000000000000000000 111.4493386913062664689277880825102329254150390625000000000000000000
0.1472909207440424028678904733169474638998508453369140625000000000 112.4040879839470505885401507839560508728027343750000000000000000000 611.5675797248396747818333096802234649658203125000000000000000000000 0.3232363147733337549460941318102413788437843322753906250000000000 88.2147264979952012708963593468070030212402343750000000000000000000 5.4171047933688427633569517638534307479858398437500000000000000000 -11.0377371009892737419022523681633174419403076171875000000000000000 -17.8340865836003743538640264887362718582153320312500000000000000000 112.4321408521918925771387876011431217193603515625000000000000000000 156.9185598298934110061964020133018493652343750000000000000000000000 -15.4089218704890758004921735846437513828277587890625000000000000000
-0.0972227687435660015147220747167011722922325134277343750000000000 740.7986691525643436762038618326187133789062500000000000000000000000 5687.4488760721196740632876753807067871093750000000000000000000000000 -1.3465970717260733469089473146595992147922515869140625000000000000 820.3782602402957309095654636621475219726562500000000000000000000000 213.0460747297376826736581278964877128601074218750000000000000000000 220.6194455117514507946907542645931243896484375000000000000000000000 199.8225197417039566971652675420045852661132812500000000000000000000 156.9185598298934110061964020133018493652343750000000000000000000000 1034.1711086515251736273057758808135986328125000000000000000000000000 307.9895605319783840059244539588689804077148437500000000000000000000
-0.0261810836082850689754408790577144827693700790405273437500000000 220.6194455117514507946907542645931243896484375000000000000000000000 2006.6422884105388675379799678921699523925781250000000000000000000000 -0.7918186707599065288221140690438915044069290161132812500000000000 289.4453638812750568831688724458217620849609375000000000000000000000 73.0542291352218740030366461724042892456054687500000000000000000000 121.0940413552118570805760100483894348144531250000000000000000000000 111.4493386913062664689277880825102329254150390625000000000000000000 -15.4089218704890758004921735846437513828277587890625000000000000000 307.9895605319783840059244539588689804077148437500000000000000000000 169.0499243777962306012341286987066268920898437500000000000000000000
