# A b_HI Tb sigma_NL sigma8tot n_s f DA H omegak omegaDE w0 wa h gamma sigma_8 fs8 bs8 pk0 pk1 pk2 pk3 pk4 pk5 pk6 pk7 pk8 pk9 pk10 pk11 pk12 pk13 pk14 pk15 pk16 pk17 pk18 pk19 pk20 pk21 pk22 pk23 pk24 pk25 pk26 pk27 pk28 pk29 pk30 pk31 pk32 pk33 pk34 pk35 pk36 pk37 pk38 pk39 pk40 pk41 pk42 pk43 pk44 pk45 pk46 pk47 pk48 pk49 pk50 pk51 pk52 pk53 pk54 pk55 pk56 pk57 pk58 pk59 pk60 pk61 pk62 pk63 pk64 pk65 pk66 pk67 pk68 pk69 pk70 pk71 pk72 pk73 pk74 pk75 pk76 pk77 pk78 pk79 pk80 pk81 pk82 pk83 pk84 pk85 pk86 pk87 pk88 pk89
1.693769811005691572e+00 6.729733348248341684e+00 7.270322517245766392e+01 -1.969512290029943463e-02 6.902685352430064647e+00 2.926371544335937269e+00 1.949441429049391106e+00 -8.572612190130779908e+00 1.845003062594382293e+00 8.804978621489270907e+00 -4.877413682953223723e-02 -1.015966957459980557e-01 -7.417479610813742727e-03 7.074639974167183709e+00 -3.591857422014471446e+00 4.749517895014454538e+00 8.516292830651101653e+00 2.466964619082395505e+00 0.000000000000000000e+00 0.000000000000000000e+00 0.000000000000000000e+00 0.000000000000000000e+00 0.000000000000000000e+00 0.000000000000000000e+00 0.000000000000000000e+00 0.000000000000000000e+00 0.000000000000000000e+00 0.000000000000000000e+00 0.000000000000000000e+00 0.000000000000000000e+00 -2.963974818855424060e-20 1.588675588813730997e-18 2.549308761710832682e-18 -3.205477447132664328e-18 -4.624946400205031360e-17 -3.633293643285120771e-17 -7.981329573730144462e-17 8.813659926624782971e-17 -5.008441626161714131e-16 -1.563310848943966402e-16 -1.406878638029006568e-16 -6.547023226620067318e-16 -1.415213621999387207e-15 -1.130969020935960877e-15 -4.678878647555532663e-03 -1.056473675949128471e-01 -2.718858029494484185e-01 -3.452600462351120836e-01 -7.770390796747657369e-02 6.811448628024068253e-01 1.580126435061276036e+00 1.324600634589903292e+00 -1.461930557965669841e+00 -4.256734751523822524e+00 2.029824443820550384e-01 7.208711825011919316e+00 -1.679013756134623669e+00 -1.029184781857236963e+01 1.107486268097643567e+01 -6.988050211836043246e-01 0.000000000000000000e+00 0.000000000000000000e+00 0.000000000000000000e+00 0.000000000000000000e+00 0.000000000000000000e+00 0.000000000000000000e+00 0.000000000000000000e+00 0.000000000000000000e+00 0.000000000000000000e+00 0.000000000000000000e+00 0.000000000000000000e+00 0.000000000000000000e+00 0.000000000000000000e+00 0.000000000000000000e+00 0.000000000000000000e+00 0.000000000000000000e+00 0.000000000000000000e+00 0.000000000000000000e+00 0.000000000000000000e+00 0.000000000000000000e+00 0.000000000000000000e+00 0.000000000000000000e+00 0.000000000000000000e+00 0.000000000000000000e+00 0.000000000000000000e+00 0.000000000000000000e+00 0.000000000000000000e+00 0.000000000000000000e+00 0.000000000000000000e+00 0.000000000000000000e+00 0.000000000000000000e+00 0.000000000000000000e+00 0.000000000000000000e+00 0.000000000000000000e+00 0.000000000000000000e+00 0.000000000000000000e+00 0.000000000000000000e+00 0.000000000000000000e+00 0.000000000000000000e+00 0.000000000000000000e+00 0.000000000000000000e+00 0.000000000000000000e+00 0.000000000000000000e+00 0.000000000000000000e+00 0.000000000000000000e+00 0.000000000000000000e+00 0.000000000000000000e+00 0.000000000000000000e+00
6.729733348248341684e+00 1.288828042608983196e+04 1.352208087852816388e+05 -2.140101135236221097e+01 1.283831210970140455e+04 4.159351708561846863e+03 3.193310516505720898e+03 -6.562342723537745769e+03 3.559643624199563874e+03 1.479753384028813343e+04 2.013907236466180848e+02 -3.774242156515254010e+02 -1.988898102252655775e+01 7.673811980662583665e+03 -6.878855863955436689e+03 9.095920351080638284e+03 1.630976511434867098e+04 4.041046806830608602e+03 0.000000000000000000e+00 0.000000000000000000e+00 0.000000000000000000e+00 0.000000000000000000e+00 0.000000000000000000e+00 0.000000000000000000e+00 0.000000000000000000e+00 0.000000000000000000e+00 0.000000000000000000e+00 0.000000000000000000e+00 0.000000000000000000e+00 0.000000000000000000e+00 2.321789533782809829e-04 3.095106456192675028e-03 1.163277586315421622e-02 2.928645625111087752e-02 6.031607217408693766e-02 1.118543298343494252e-01 1.956182441856724186e-01 3.269942357668783606e-01 5.277317757999179237e-01 8.316220130654108367e-01 1.296998204750648531e+00 1.984040900722253031e+00 3.001053527913223107e+00 4.508549836693400259e+00 6.734185742562923238e+00 9.968171448230926046e+00 1.468578022584851972e+01 2.165258406495025412e+01 3.172311312224237767e+01 4.628507690592601165e+01 6.736371743399769230e+01 9.806842968353221579e+01 1.417944068575571919e+02 2.045241831475735239e+02 2.955822262948823322e+02 4.265279072130791747e+02 6.108052218711641217e+02 8.717783549472884488e+02 1.248650676967068648e+03 1.245475237276473763e+03 0.000000000000000000e+00 0.000000000000000000e+00 0.000000000000000000e+00 0.000000000000000000e+00 0.000000000000000000e+00 0.000000000000000000e+00 0.000000000000000000e+00 0.000000000000000000e+00 0.000000000000000000e+00 0.000000000000000000e+00 0.000000000000000000e+00 0.000000000000000000e+00 0.000000000000000000e+00 0.000000000000000000e+00 0.000000000000000000e+00 0.000000000000000000e+00 0.000000000000000000e+00 0.000000000000000000e+00 0.000000000000000000e+00 0.000000000000000000e+00 0.000000000000000000e+00 0.000000000000000000e+00 0.000000000000000000e+00 0.000000000000000000e+00 0.000000000000000000e+00 0.000000000000000000e+00 0.000000000000000000e+00 0.000000000000000000e+00 0.000000000000000000e+00 0.000000000000000000e+00 0.000000000000000000e+00 0.000000000000000000e+00 0.000000000000000000e+00 0.000000000000000000e+00 0.000000000000000000e+00 0.000000000000000000e+00 0.000000000000000000e+00 0.000000000000000000e+00 0.000000000000000000e+00 0.000000000000000000e+00 0.000000000000000000e+00 0.000000000000000000e+00 0.000000000000000000e+00 0.000000000000000000e+00 0.000000000000000000e+00 0.000000000000000000e+00 0.000000000000000000e+00 0.000000000000000000e+00
7.270322517245766392e+01 1.352208087852816388e+05 1.465163144605551381e+06 -2.732929727265969291e+02 1.391074488538710575e+05 4.497044262080018234e+04 3.975327408170401031e+04 -8.137945622406693292e+04 2.703699567594488690e+04 1.539081183183595422e+05 2.835512094047360279e+03 -4.374691637274324421e+03 -2.316561768418261806e+02 7.717342081810794480e+04 -7.217133882022720354e+04 9.543225828868646931e+04 1.711182218999326869e+05 5.030667717986834759e+04 0.000000000000000000e+00 0.000000000000000000e+00 0.000000000000000000e+00 0.000000000000000000e+00 0.000000000000000000e+00 0.000000000000000000e+00 0.000000000000000000e+00 0.000000000000000000e+00 0.000000000000000000e+00 0.000000000000000000e+00 0.000000000000000000e+00 0.000000000000000000e+00 3.536892472436919694e-03 4.513972854870743762e-02 1.626052369675268228e-01 3.942865656138627717e-01 7.869931057278344300e-01 1.421392215892199662e+00 2.428927447111675963e+00 3.980931207279310602e+00 6.317673162310818213e+00 9.813025747827891720e+00 1.510878294844409453e+01 2.286423559813547257e+01 3.426045659292746137e+01 5.104749101483403706e+01 7.572096473650253756e+01 1.114197172038822288e+02 1.632996435201205543e+02 2.396550228211927731e+02 3.498151628457382571e+02 5.087020954557766572e+02 7.381577190918749238e+02 1.071900159758353766e+03 1.546369562478643957e+03 2.226248011849094837e+03 3.212249906198961980e+03 4.628313323604806101e+03 6.619019704426869794e+03 9.435002245597685032e+03 1.349771367166835807e+04 1.344568393391315840e+04 0.000000000000000000e+00 0.000000000000000000e+00 0.000000000000000000e+00 0.000000000000000000e+00 0.000000000000000000e+00 0.000000000000000000e+00 0.000000000000000000e+00 0.000000000000000000e+00 0.000000000000000000e+00 0.000000000000000000e+00 0.000000000000000000e+00 0.000000000000000000e+00 0.000000000000000000e+00 0.000000000000000000e+00 0.000000000000000000e+00 0.000000000000000000e+00 0.000000000000000000e+00 0.000000000000000000e+00 0.000000000000000000e+00 0.000000000000000000e+00 0.000000000000000000e+00 0.000000000000000000e+00 0.000000000000000000e+00 0.000000000000000000e+00 0.000000000000000000e+00 0.000000000000000000e+00 0.000000000000000000e+00 0.000000000000000000e+00 0.000000000000000000e+00 0.000000000000000000e+00 0.000000000000000000e+00 0.000000000000000000e+00 0.000000000000000000e+00 0.000000000000000000e+00 0.000000000000000000e+00 0.000000000000000000e+00 0.000000000000000000e+00 0.000000000000000000e+00 0.000000000000000000e+00 0.000000000000000000e+00 0.000000000000000000e+00 0.000000000000000000e+00 0.000000000000000000e+00 0.000000000000000000e+00 0.000000000000000000e+00 0.000000000000000000e+00 0.000000000000000000e+00 0.000000000000000000e+00
-1.969512290029943463e-02 -2.140101135236221097e+01 -2.732929727265969291e+02 1.044863827021805663e-01 -2.594734133578165469e+01 -9.767723033578485925e+00 -1.186176909757623044e+01 2.420235849919444959e+01 8.528818330605728804e+00 -2.179561242958601142e+01 -1.474492690228614622e+00 1.287138836099187333e+00 6.769773721258054433e-02 -5.526239696997207851e+00 1.142235174661209385e+01 -1.510379106118794645e+01 -2.708239243925527617e+01 -1.501074320438281262e+01 0.000000000000000000e+00 0.000000000000000000e+00 0.000000000000000000e+00 0.000000000000000000e+00 0.000000000000000000e+00 0.000000000000000000e+00 0.000000000000000000e+00 0.000000000000000000e+00 0.000000000000000000e+00 0.000000000000000000e+00 0.000000000000000000e+00 0.000000000000000000e+00 -2.766170828132348133e-09 -3.840773399781460549e-08 -1.556432746571807832e-07 -4.359977747858240817e-07 -1.018445222232913093e-06 -2.174296572652745123e-06 -4.436595988952157638e-06 -8.765824946187334533e-06 -1.684196471532319715e-05 -3.180818370744381318e-05 -6.008981040235516054e-05 -1.118427273315454460e-04 -2.065260786900810703e-04 -3.807182958840089134e-04 -7.035258973232427120e-04 -1.289242866468728920e-03 -2.355481986959429529e-03 -4.333797944223430690e-03 -7.946656192337638730e-03 -1.450490401905898084e-02 -2.643150777315864466e-02 -4.850774457616866681e-02 -8.820245495513863443e-02 -1.600522415896366013e-01 -2.921437534673563263e-01 -5.330406819451127820e-01 -9.632410649036363681e-01 -1.733199143101032513e+00 -3.147486988902238547e+00 -3.797661246004351288e+00 0.000000000000000000e+00 0.000000000000000000e+00 0.000000000000000000e+00 0.000000000000000000e+00 0.000000000000000000e+00 0.000000000000000000e+00 0.000000000000000000e+00 0.000000000000000000e+00 0.000000000000000000e+00 0.000000000000000000e+00 0.000000000000000000e+00 0.000000000000000000e+00 0.000000000000000000e+00 0.000000000000000000e+00 0.000000000000000000e+00 0.000000000000000000e+00 0.000000000000000000e+00 0.000000000000000000e+00 0.000000000000000000e+00 0.000000000000000000e+00 0.000000000000000000e+00 0.000000000000000000e+00 0.000000000000000000e+00 0.000000000000000000e+00 0.000000000000000000e+00 0.000000000000000000e+00 0.000000000000000000e+00 0.000000000000000000e+00 0.000000000000000000e+00 0.000000000000000000e+00 0.000000000000000000e+00 0.000000000000000000e+00 0.000000000000000000e+00 0.000000000000000000e+00 0.000000000000000000e+00 0.000000000000000000e+00 0.000000000000000000e+00 0.000000000000000000e+00 0.000000000000000000e+00 0.000000000000000000e+00 0.000000000000000000e+00 0.000000000000000000e+00 0.000000000000000000e+00 0.000000000000000000e+00 0.000000000000000000e+00 0.000000000000000000e+00 0.000000000000000000e+00 0.000000000000000000e+00
6.902685352430064647e+00 1.283831210970140455e+04 1.391074488538710575e+05 -2.594734133578165469e+01 1.320732260968928131e+04 4.269642988114512264e+03 3.774307701811137122e+03 -7.726435507284692903e+03 2.566982050429870469e+03 1.461254726205294355e+04 2.692129235228726429e+02 -4.153477347721770911e+02 -2.199420582639841371e+01 7.327100554541577367e+03 -6.852186297897213080e+03 9.060655148049621857e+03 1.624653158151794923e+04 4.776282797292677969e+03 0.000000000000000000e+00 0.000000000000000000e+00 0.000000000000000000e+00 0.000000000000000000e+00 0.000000000000000000e+00 0.000000000000000000e+00 0.000000000000000000e+00 0.000000000000000000e+00 0.000000000000000000e+00 0.000000000000000000e+00 0.000000000000000000e+00 0.000000000000000000e+00 3.358043031062032079e-04 4.285715555626698134e-03 1.543828055470329239e-02 3.743487437684968333e-02 7.471973589183951436e-02 1.349516916948836631e-01 2.306104285129386422e-01 3.779628134561577868e-01 5.998208455743160306e-01 9.316812140297103806e-01 1.434477968534182413e+00 2.170806367714605223e+00 3.252801389905278118e+00 4.846618120043014954e+00 7.189199556397906754e+00 1.057855752741072664e+01 1.550420981613359039e+01 2.275364279562704795e+01 3.321261188764936634e+01 4.829786429314157203e+01 7.008314229901498038e+01 1.017697566301971221e+02 1.468174555261508658e+02 2.113673706471122387e+02 3.049816610372926107e+02 4.394274189284064960e+02 6.284316858408349162e+02 8.957904088346296021e+02 1.281517707525528522e+03 1.276577831641870034e+03 0.000000000000000000e+00 0.000000000000000000e+00 0.000000000000000000e+00 0.000000000000000000e+00 0.000000000000000000e+00 0.000000000000000000e+00 0.000000000000000000e+00 0.000000000000000000e+00 0.000000000000000000e+00 0.000000000000000000e+00 0.000000000000000000e+00 0.000000000000000000e+00 0.000000000000000000e+00 0.000000000000000000e+00 0.000000000000000000e+00 0.000000000000000000e+00 0.000000000000000000e+00 0.000000000000000000e+00 0.000000000000000000e+00 0.000000000000000000e+00 0.000000000000000000e+00 0.000000000000000000e+00 0.000000000000000000e+00 0.000000000000000000e+00 0.000000000000000000e+00 0.000000000000000000e+00 0.000000000000000000e+00 0.000000000000000000e+00 0.000000000000000000e+00 0.000000000000000000e+00 0.000000000000000000e+00 0.000000000000000000e+00 0.000000000000000000e+00 0.000000000000000000e+00 0.000000000000000000e+00 0.000000000000000000e+00 0.000000000000000000e+00 0.000000000000000000e+00 0.000000000000000000e+00 0.000000000000000000e+00 0.000000000000000000e+00 0.000000000000000000e+00 0.000000000000000000e+00 0.000000000000000000e+00 0.000000000000000000e+00 0.000000000000000000e+00 0.000000000000000000e+00 0.000000000000000000e+00
2.926371544335937269e+00 4.159351708561846863e+03 4.497044262080018234e+04 -9.767723033578485925e+00 4.269642988114512264e+03 1.620931889568369115e+03 1.209677460295786886e+03 -2.286068325611309774e+03 5.754543303069605145e+02 4.589485806115588275e+03 1.211332241874464728e+02 -1.547667157662318402e+02 -8.005762471514287881e+00 1.974356335830181479e+03 -2.219968835623340055e+03 2.935467774011486654e+03 5.263545418928311847e+03 1.530813622087820022e+03 0.000000000000000000e+00 0.000000000000000000e+00 0.000000000000000000e+00 0.000000000000000000e+00 0.000000000000000000e+00 0.000000000000000000e+00 0.000000000000000000e+00 0.000000000000000000e+00 0.000000000000000000e+00 0.000000000000000000e+00 0.000000000000000000e+00 0.000000000000000000e+00 -3.304750352332801568e-04 -4.052170551638582807e-03 -1.388884483723096773e-02 -3.182381043465741521e-02 -5.982497296616030164e-02 -1.013957550407232483e-01 -1.617425771753306651e-01 -2.460852322940909886e-01 -3.606669388824424449e-01 -5.140191003664419389e-01 -7.187010275305997231e-01 -9.789896931294396198e-01 -1.305001400098162456e+00 -1.702095583183176553e+00 -2.161166104539539834e+00 -2.651842014536159642e+00 -3.115709620758265075e+00 -3.423171906835422718e+00 -3.327980825389118102e+00 -2.431962747656426949e+00 -3.758671067441773928e-02 5.109806062495330536e+00 1.470853240226790426e+01 3.169698759144264599e+01 6.107762200420364707e+01 1.101508478473187722e+02 1.888647307695888458e+02 3.137456831325854978e+02 5.139071431544767847e+02 5.648378158240700486e+02 0.000000000000000000e+00 0.000000000000000000e+00 0.000000000000000000e+00 0.000000000000000000e+00 0.000000000000000000e+00 0.000000000000000000e+00 0.000000000000000000e+00 0.000000000000000000e+00 0.000000000000000000e+00 0.000000000000000000e+00 0.000000000000000000e+00 0.000000000000000000e+00 0.000000000000000000e+00 0.000000000000000000e+00 0.000000000000000000e+00 0.000000000000000000e+00 0.000000000000000000e+00 0.000000000000000000e+00 0.000000000000000000e+00 0.000000000000000000e+00 0.000000000000000000e+00 0.000000000000000000e+00 0.000000000000000000e+00 0.000000000000000000e+00 0.000000000000000000e+00 0.000000000000000000e+00 0.000000000000000000e+00 0.000000000000000000e+00 0.000000000000000000e+00 0.000000000000000000e+00 0.000000000000000000e+00 0.000000000000000000e+00 0.000000000000000000e+00 0.000000000000000000e+00 0.000000000000000000e+00 0.000000000000000000e+00 0.000000000000000000e+00 0.000000000000000000e+00 0.000000000000000000e+00 0.000000000000000000e+00 0.000000000000000000e+00 0.000000000000000000e+00 0.000000000000000000e+00 0.000000000000000000e+00 0.000000000000000000e+00 0.000000000000000000e+00 0.000000000000000000e+00 0.000000000000000000e+00
1.949441429049391106e+00 3.193310516505720898e+03 3.975327408170401031e+04 -1.186176909757623044e+01 3.774307701811137122e+03 1.209677460295786886e+03 1.631960519593464824e+03 -3.311397900964418568e+03 -5.049827507420402526e+02 3.485543966295011160e+03 1.471020679959985102e+02 -1.493211253328199746e+02 -8.020020618582160310e+00 1.452228035977173704e+03 -1.704364123504744157e+03 2.253682970429942543e+03 4.041046806830608602e+03 2.065201242562900916e+03 0.000000000000000000e+00 0.000000000000000000e+00 0.000000000000000000e+00 0.000000000000000000e+00 0.000000000000000000e+00 0.000000000000000000e+00 0.000000000000000000e+00 0.000000000000000000e+00 0.000000000000000000e+00 0.000000000000000000e+00 0.000000000000000000e+00 0.000000000000000000e+00 2.056291376784581855e-04 2.470849997064999363e-03 8.338169504031916340e-03 1.896266085458495065e-02 3.568435622903298743e-02 6.105516001726080805e-02 9.912317779996397682e-02 1.550327113361669729e-01 2.357975723179484007e-01 3.523923572129571413e-01 5.232757294755195909e-01 7.671105388611660914e-01 1.116754856109787308e+00 1.620853926027659542e+00 2.350223218519821966e+00 3.389416074710076998e+00 4.878984207727340205e+00 7.043868407875963022e+00 1.014473179658223323e+01 1.457417194907119118e+01 2.091382573253165944e+01 3.008142019765044495e+01 4.302829673657865328e+01 6.149432069703813397e+01 8.817781023958762887e+01 1.263006348582865428e+02 1.796686949413231105e+02 2.548110143000446044e+02 3.628050668368664446e+02 3.595008142749656486e+02 0.000000000000000000e+00 0.000000000000000000e+00 0.000000000000000000e+00 0.000000000000000000e+00 0.000000000000000000e+00 0.000000000000000000e+00 0.000000000000000000e+00 0.000000000000000000e+00 0.000000000000000000e+00 0.000000000000000000e+00 0.000000000000000000e+00 0.000000000000000000e+00 0.000000000000000000e+00 0.000000000000000000e+00 0.000000000000000000e+00 0.000000000000000000e+00 0.000000000000000000e+00 0.000000000000000000e+00 0.000000000000000000e+00 0.000000000000000000e+00 0.000000000000000000e+00 0.000000000000000000e+00 0.000000000000000000e+00 0.000000000000000000e+00 0.000000000000000000e+00 0.000000000000000000e+00 0.000000000000000000e+00 0.000000000000000000e+00 0.000000000000000000e+00 0.000000000000000000e+00 0.000000000000000000e+00 0.000000000000000000e+00 0.000000000000000000e+00 0.000000000000000000e+00 0.000000000000000000e+00 0.000000000000000000e+00 0.000000000000000000e+00 0.000000000000000000e+00 0.000000000000000000e+00 0.000000000000000000e+00 0.000000000000000000e+00 0.000000000000000000e+00 0.000000000000000000e+00 0.000000000000000000e+00 0.000000000000000000e+00 0.000000000000000000e+00 0.000000000000000000e+00 0.000000000000000000e+00
-8.572612190130779908e+00 -6.562342723537745769e+03 -8.137945622406693292e+04 2.420235849919444959e+01 -7.726435507284692903e+03 -2.286068325611309774e+03 -3.311397900964418568e+03 7.876286651610050285e+03 1.479616430499741455e+03 -7.217793903912262977e+03 -3.171320731126455712e+02 3.146354173122296061e+02 1.715416559828174314e+01 -3.161304094473324767e+03 3.502516102436199162e+03 -4.631381748100465302e+03 -8.304464589713123132e+03 -4.190483150533245862e+03 -0.000000000000000000e+00 -0.000000000000000000e+00 -0.000000000000000000e+00 -0.000000000000000000e+00 -0.000000000000000000e+00 -0.000000000000000000e+00 -0.000000000000000000e+00 -0.000000000000000000e+00 -0.000000000000000000e+00 -0.000000000000000000e+00 -0.000000000000000000e+00 -0.000000000000000000e+00 -6.527592950094271949e-04 -7.969220219370468788e-03 -2.769269430496772155e-02 -6.544788401402436284e-02 -1.279818936121542017e-01 -2.269487722587936185e-01 -3.798850173761320614e-01 -6.053855307834528077e-01 -9.280881236363143216e-01 -1.378818813413459798e+00 -2.005951419734311791e+00 -2.830876793914583800e+00 -3.927532790408653440e+00 -5.407518595317371890e+00 -7.764093784572426493e+00 -1.238405883323290979e+01 -1.747792328587022936e+01 -2.448667422207745403e+01 -3.398113398469608626e+01 -4.640013654535821530e+01 -6.250114281132486838e+01 -8.411585636735821936e+01 -1.114562651946288128e+02 -1.501132299780070127e+02 -2.104976767672496010e+02 -2.981839334038947413e+02 -3.652420360507877604e+02 -4.466562443677872807e+02 -7.145380467770833093e+02 -6.187653958271192778e+02 -0.000000000000000000e+00 -0.000000000000000000e+00 -0.000000000000000000e+00 -0.000000000000000000e+00 -0.000000000000000000e+00 -0.000000000000000000e+00 -0.000000000000000000e+00 -0.000000000000000000e+00 -0.000000000000000000e+00 -0.000000000000000000e+00 -0.000000000000000000e+00 -0.000000000000000000e+00 -0.000000000000000000e+00 -0.000000000000000000e+00 -0.000000000000000000e+00 -0.000000000000000000e+00 -0.000000000000000000e+00 -0.000000000000000000e+00 -0.000000000000000000e+00 -0.000000000000000000e+00 -0.000000000000000000e+00 -0.000000000000000000e+00 -0.000000000000000000e+00 -0.000000000000000000e+00 -0.000000000000000000e+00 -0.000000000000000000e+00 -0.000000000000000000e+00 -0.000000000000000000e+00 -0.000000000000000000e+00 -0.000000000000000000e+00 -0.000000000000000000e+00 -0.000000000000000000e+00 -0.000000000000000000e+00 -0.000000000000000000e+00 -0.000000000000000000e+00 -0.000000000000000000e+00 -0.000000000000000000e+00 -0.000000000000000000e+00 -0.000000000000000000e+00 -0.000000000000000000e+00 -0.000000000000000000e+00 -0.000000000000000000e+00 -0.000000000000000000e+00 -0.000000000000000000e+00 -0.000000000000000000e+00 -0.000000000000000000e+00 -0.000000000000000000e+00 -0.000000000000000000e+00
1.845003062594382293e+00 3.559643624199563874e+03 2.703699567594488690e+04 8.528818330605728804e+00 2.566982050429870469e+03 5.754543303069605145e+02 -5.049827507420402526e+02 1.479616430499741455e+03 4.277625065739456659e+03 4.666282060900271972e+03 -1.967530235623712827e+02 4.163896582455975448e+01 2.267601003509767565e+00 3.612319797285077584e+03 -1.899886921171347240e+03 2.512223028481578694e+03 4.504631299297199803e+03 -6.390418100096476337e+02 0.000000000000000000e+00 0.000000000000000000e+00 0.000000000000000000e+00 0.000000000000000000e+00 0.000000000000000000e+00 0.000000000000000000e+00 0.000000000000000000e+00 0.000000000000000000e+00 0.000000000000000000e+00 0.000000000000000000e+00 0.000000000000000000e+00 0.000000000000000000e+00 3.376976408301970967e-04 4.420575504125585399e-03 1.601183415796713846e-02 3.841435222382898890e-02 7.486440764483996702e-02 1.311876351210725933e-01 2.160479978335985984e-01 3.386159111058224536e-01 5.119073367977881039e-01 7.534016466393721467e-01 1.092246546152648046e+00 1.548233978888304385e+00 2.172766239195754068e+00 3.042395534513590682e+00 4.386887401746804471e+00 6.759685652345441831e+00 9.576209096198079251e+00 1.349890794920421477e+01 1.885294031520713176e+01 2.598318123623554854e+01 3.538349422075427242e+01 4.788575573855325018e+01 6.352997434819074840e+01 8.378443785576853031e+01 1.106597980102588252e+02 1.425773206412100365e+02 1.579913816656857080e+02 1.539571482313643855e+02 1.517278374461728276e+02 3.412208395038759789e+01 0.000000000000000000e+00 0.000000000000000000e+00 0.000000000000000000e+00 0.000000000000000000e+00 0.000000000000000000e+00 0.000000000000000000e+00 0.000000000000000000e+00 0.000000000000000000e+00 0.000000000000000000e+00 0.000000000000000000e+00 0.000000000000000000e+00 0.000000000000000000e+00 0.000000000000000000e+00 0.000000000000000000e+00 0.000000000000000000e+00 0.000000000000000000e+00 0.000000000000000000e+00 0.000000000000000000e+00 0.000000000000000000e+00 0.000000000000000000e+00 0.000000000000000000e+00 0.000000000000000000e+00 0.000000000000000000e+00 0.000000000000000000e+00 0.000000000000000000e+00 0.000000000000000000e+00 0.000000000000000000e+00 0.000000000000000000e+00 0.000000000000000000e+00 0.000000000000000000e+00 0.000000000000000000e+00 0.000000000000000000e+00 0.000000000000000000e+00 0.000000000000000000e+00 0.000000000000000000e+00 0.000000000000000000e+00 0.000000000000000000e+00 0.000000000000000000e+00 0.000000000000000000e+00 0.000000000000000000e+00 0.000000000000000000e+00 0.000000000000000000e+00 0.000000000000000000e+00 0.000000000000000000e+00 0.000000000000000000e+00 0.000000000000000000e+00 0.000000000000000000e+00 0.000000000000000000e+00
8.804978621489270907e+00 1.479753384028813343e+04 1.539081183183595422e+05 -2.179561242958601142e+01 1.461254726205294355e+04 4.589485806115588275e+03 3.485543966295011160e+03 -7.217793903912262977e+03 4.666282060900271972e+03 1.714670547183475719e+04 1.789275422210254760e+02 -4.027740040518936553e+02 -2.131734522016249755e+01 9.230159622415263584e+03 -7.897880792793013825e+03 1.044337838360618480e+04 1.872587290374055010e+04 4.410860216148639665e+03 0.000000000000000000e+00 0.000000000000000000e+00 0.000000000000000000e+00 0.000000000000000000e+00 0.000000000000000000e+00 0.000000000000000000e+00 0.000000000000000000e+00 0.000000000000000000e+00 0.000000000000000000e+00 0.000000000000000000e+00 0.000000000000000000e+00 0.000000000000000000e+00 4.848026557280876031e-04 6.277157411647549604e-03 2.288383938477220672e-02 5.597999361067046431e-02 1.122162049100412229e-01 2.029603542838779029e-01 3.461981758868937775e-01 5.637619997083255230e-01 8.861866187774849468e-01 1.358283739094520826e+00 2.055995365233826533e+00 3.047693713024447248e+00 4.469984040849381834e+00 6.525893392128449655e+00 9.620722727635895311e+00 1.453139199935997006e+01 2.109930420132874929e+01 3.059899621647609536e+01 4.407459866487722167e+01 6.304818237829342564e+01 8.976206835647805349e+01 1.278282018054027134e+02 1.804785983686378188e+02 2.550467933268552940e+02 3.632129473703428175e+02 5.163402647134762447e+02 7.085737437889141574e+02 9.679703077087326619e+02 1.375606245321332153e+03 1.307046012632302791e+03 0.000000000000000000e+00 0.000000000000000000e+00 0.000000000000000000e+00 0.000000000000000000e+00 0.000000000000000000e+00 0.000000000000000000e+00 0.000000000000000000e+00 0.000000000000000000e+00 0.000000000000000000e+00 0.000000000000000000e+00 0.000000000000000000e+00 0.000000000000000000e+00 0.000000000000000000e+00 0.000000000000000000e+00 0.000000000000000000e+00 0.000000000000000000e+00 0.000000000000000000e+00 0.000000000000000000e+00 0.000000000000000000e+00 0.000000000000000000e+00 0.000000000000000000e+00 0.000000000000000000e+00 0.000000000000000000e+00 0.000000000000000000e+00 0.000000000000000000e+00 0.000000000000000000e+00 0.000000000000000000e+00 0.000000000000000000e+00 0.000000000000000000e+00 0.000000000000000000e+00 0.000000000000000000e+00 0.000000000000000000e+00 0.000000000000000000e+00 0.000000000000000000e+00 0.000000000000000000e+00 0.000000000000000000e+00 0.000000000000000000e+00 0.000000000000000000e+00 0.000000000000000000e+00 0.000000000000000000e+00 0.000000000000000000e+00 0.000000000000000000e+00 0.000000000000000000e+00 0.000000000000000000e+00 0.000000000000000000e+00 0.000000000000000000e+00 0.000000000000000000e+00 0.000000000000000000e+00
-4.877413682953223723e-02 2.013907236466180848e+02 2.835512094047360279e+03 -1.474492690228614622e+00 2.692129235228726429e+02 1.211332241874464728e+02 1.471020679959985102e+02 -3.171320731126455712e+02 -1.967530235623712827e+02 1.789275422210254192e+02 2.361577873866700727e+01 -1.777683743656973903e+01 -9.272822235903069865e-01 -1.697347351849282759e+01 -1.074881764287514869e+02 1.421317601088146034e+02 2.548544328874111784e+02 1.861536293075192248e+02 0.000000000000000000e+00 0.000000000000000000e+00 0.000000000000000000e+00 0.000000000000000000e+00 0.000000000000000000e+00 0.000000000000000000e+00 0.000000000000000000e+00 0.000000000000000000e+00 0.000000000000000000e+00 0.000000000000000000e+00 0.000000000000000000e+00 0.000000000000000000e+00 -4.172571437957436701e-05 -5.254457511921603770e-04 -1.842287028399404751e-03 -4.306608768832029255e-03 -8.210028525844516659e-03 -1.409504825478091229e-02 -2.270756098699930683e-02 -3.465752508891673661e-02 -5.076308484347043931e-02 -7.177741465673952159e-02 -9.874489918248342823e-02 -1.307843531943220783e-01 -1.690656171756520498e-01 -2.154229404560536187e-01 -2.955141631412525061e-01 -4.927579011998419189e-01 -6.619439508985035525e-01 -8.710107537579576675e-01 -1.120222673614853948e+00 -1.375709993290495259e+00 -1.590567199470661608e+00 -1.720836946007362478e+00 -1.571806139566087612e+00 -1.107183489667771026e+00 -2.919786650485002855e-01 1.573323657335395032e+00 9.049996545450209595e+00 2.280944808880520824e+01 3.775652946279014088e+01 5.301451446630144204e+01 0.000000000000000000e+00 0.000000000000000000e+00 0.000000000000000000e+00 0.000000000000000000e+00 0.000000000000000000e+00 0.000000000000000000e+00 0.000000000000000000e+00 0.000000000000000000e+00 0.000000000000000000e+00 0.000000000000000000e+00 0.000000000000000000e+00 0.000000000000000000e+00 0.000000000000000000e+00 0.000000000000000000e+00 0.000000000000000000e+00 0.000000000000000000e+00 0.000000000000000000e+00 0.000000000000000000e+00 0.000000000000000000e+00 0.000000000000000000e+00 0.000000000000000000e+00 0.000000000000000000e+00 0.000000000000000000e+00 0.000000000000000000e+00 0.000000000000000000e+00 0.000000000000000000e+00 0.000000000000000000e+00 0.000000000000000000e+00 0.000000000000000000e+00 0.000000000000000000e+00 0.000000000000000000e+00 0.000000000000000000e+00 0.000000000000000000e+00 0.000000000000000000e+00 0.000000000000000000e+00 0.000000000000000000e+00 0.000000000000000000e+00 0.000000000000000000e+00 0.000000000000000000e+00 0.000000000000000000e+00 0.000000000000000000e+00 0.000000000000000000e+00 0.000000000000000000e+00 0.000000000000000000e+00 0.000000000000000000e+00 0.000000000000000000e+00 0.000000000000000000e+00 0.000000000000000000e+00
-1.015966957459980557e-01 -3.774242156515254010e+02 -4.374691637274324421e+03 1.287138836099187333e+00 -4.153477347721770343e+02 -1.547667157662318402e+02 -1.493211253328199746e+02 3.146354173122296061e+02 4.163896582455975448e+01 -4.027740040518935984e+02 -1.777683743656973547e+01 1.794869619346697576e+01 9.397118970209902278e-01 -1.446546517751265526e+02 2.014424495123242025e+02 -2.663676216406551021e+02 -4.776199851519860999e+02 -1.889617854573160400e+02 0.000000000000000000e+00 0.000000000000000000e+00 0.000000000000000000e+00 0.000000000000000000e+00 0.000000000000000000e+00 0.000000000000000000e+00 0.000000000000000000e+00 0.000000000000000000e+00 0.000000000000000000e+00 0.000000000000000000e+00 0.000000000000000000e+00 0.000000000000000000e+00 2.044003479898447186e-05 2.536533942997175567e-04 8.730873426919892990e-04 1.998641391789111790e-03 3.721013483107530120e-03 6.224376772172139811e-03 9.724113680673463281e-03 1.428105147028109478e-02 1.995368410497072240e-02 2.652059423792108364e-02 3.344425340141710806e-02 3.898882363472360585e-02 4.168814751721269807e-02 3.943036313775982044e-02 4.312522171733982473e-02 9.728248078574845692e-02 1.048614904704415485e-01 9.153077024110142790e-02 4.042189093686977125e-02 -9.653462563826221976e-02 -3.878965691019990447e-01 -9.217635783736176647e-01 -1.882503043383591645e+00 -3.409260532524541532e+00 -5.704642217897087697e+00 -9.413524213403293928e+00 -1.754608777633906413e+01 -3.094624930624414461e+01 -4.725687542927025220e+01 -5.627916928699190890e+01 0.000000000000000000e+00 0.000000000000000000e+00 0.000000000000000000e+00 0.000000000000000000e+00 0.000000000000000000e+00 0.000000000000000000e+00 0.000000000000000000e+00 0.000000000000000000e+00 0.000000000000000000e+00 0.000000000000000000e+00 0.000000000000000000e+00 0.000000000000000000e+00 0.000000000000000000e+00 0.000000000000000000e+00 0.000000000000000000e+00 0.000000000000000000e+00 0.000000000000000000e+00 0.000000000000000000e+00 0.000000000000000000e+00 0.000000000000000000e+00 0.000000000000000000e+00 0.000000000000000000e+00 0.000000000000000000e+00 0.000000000000000000e+00 0.000000000000000000e+00 0.000000000000000000e+00 0.000000000000000000e+00 0.000000000000000000e+00 0.000000000000000000e+00 0.000000000000000000e+00 0.000000000000000000e+00 0.000000000000000000e+00 0.000000000000000000e+00 0.000000000000000000e+00 0.000000000000000000e+00 0.000000000000000000e+00 0.000000000000000000e+00 0.000000000000000000e+00 0.000000000000000000e+00 0.000000000000000000e+00 0.000000000000000000e+00 0.000000000000000000e+00 0.000000000000000000e+00 0.000000000000000000e+00 0.000000000000000000e+00 0.000000000000000000e+00 0.000000000000000000e+00 0.000000000000000000e+00
-7.417479610813742727e-03 -1.988898102252655775e+01 -2.316561768418261806e+02 6.769773721258054433e-02 -2.199420582639841371e+01 -8.005762471514287881e+00 -8.020020618582160310e+00 1.715416559828174314e+01 2.267601003509767565e+00 -2.131734522016249400e+01 -9.272822235903070975e-01 9.397118970209903388e-01 4.939984394566720310e-02 -7.889404305411570562e+00 1.061533650819335506e+01 -1.403667372715148787e+01 -2.516895955991867240e+01 -1.014911595471802741e+01 0.000000000000000000e+00 0.000000000000000000e+00 0.000000000000000000e+00 0.000000000000000000e+00 0.000000000000000000e+00 0.000000000000000000e+00 0.000000000000000000e+00 0.000000000000000000e+00 0.000000000000000000e+00 0.000000000000000000e+00 0.000000000000000000e+00 0.000000000000000000e+00 7.584049938290868818e-07 9.443270670654354534e-06 3.239980051363415309e-05 7.349673740560943658e-05 1.348914128819562650e-04 2.216008007626642316e-04 3.382633858369699553e-04 4.818911414259064926e-04 6.474537911155134676e-04 8.147161071678164475e-04 9.428983228896587604e-04 9.430438698488493796e-04 7.221811120877802631e-04 1.447868479829879926e-04 -4.292662223532003386e-04 6.678025909267404836e-04 -5.893517491881875101e-04 -3.441838073366515136e-03 -8.866957034532956319e-03 -1.927559252916987223e-02 -3.814560548522885619e-02 -7.020923682488432183e-02 -1.242315837773537296e-01 -2.084983742284766128e-01 -3.357487698382817798e-01 -5.380297928489758963e-01 -9.423613592491565383e-01 -1.598930906199934388e+00 -2.448651175141136171e+00 -2.841946577515468420e+00 0.000000000000000000e+00 0.000000000000000000e+00 0.000000000000000000e+00 0.000000000000000000e+00 0.000000000000000000e+00 0.000000000000000000e+00 0.000000000000000000e+00 0.000000000000000000e+00 0.000000000000000000e+00 0.000000000000000000e+00 0.000000000000000000e+00 0.000000000000000000e+00 0.000000000000000000e+00 0.000000000000000000e+00 0.000000000000000000e+00 0.000000000000000000e+00 0.000000000000000000e+00 0.000000000000000000e+00 0.000000000000000000e+00 0.000000000000000000e+00 0.000000000000000000e+00 0.000000000000000000e+00 0.000000000000000000e+00 0.000000000000000000e+00 0.000000000000000000e+00 0.000000000000000000e+00 0.000000000000000000e+00 0.000000000000000000e+00 0.000000000000000000e+00 0.000000000000000000e+00 0.000000000000000000e+00 0.000000000000000000e+00 0.000000000000000000e+00 0.000000000000000000e+00 0.000000000000000000e+00 0.000000000000000000e+00 0.000000000000000000e+00 0.000000000000000000e+00 0.000000000000000000e+00 0.000000000000000000e+00 0.000000000000000000e+00 0.000000000000000000e+00 0.000000000000000000e+00 0.000000000000000000e+00 0.000000000000000000e+00 0.000000000000000000e+00 0.000000000000000000e+00 0.000000000000000000e+00
7.074639974167183709e+00 7.673811980662583665e+03 7.717342081810794480e+04 -5.526239696997206963e+00 7.327100554541577367e+03 1.974356335830181251e+03 1.452228035977173477e+03 -3.161304094473324767e+03 3.612319797285077584e+03 9.230159622415263584e+03 -1.697347351849290931e+01 -1.446546517751265526e+02 -7.889404305411570562e+00 5.692234061656839003e+03 -4.095740067481393908e+03 5.415802594113163650e+03 9.710998426362850296e+03 1.837754717946148730e+03 0.000000000000000000e+00 0.000000000000000000e+00 0.000000000000000000e+00 0.000000000000000000e+00 0.000000000000000000e+00 0.000000000000000000e+00 0.000000000000000000e+00 0.000000000000000000e+00 0.000000000000000000e+00 0.000000000000000000e+00 0.000000000000000000e+00 0.000000000000000000e+00 7.460900083659603027e-04 9.421815450052890839e-03 3.342451606209370651e-02 7.959640252896488244e-02 1.553818827080211129e-01 2.738873258362979901e-01 4.547271453782030237e-01 7.186822648468400576e-01 1.094196982661638007e+00 1.618115761421618171e+00 2.350063750494534531e+00 3.323666418676840539e+00 4.637263621690387083e+00 6.438200145558729659e+00 9.263532076309431318e+00 1.452587286293956836e+01 2.053868196167792348e+01 2.886166164283717350e+01 4.017864063587509804e+01 5.511513129473237882e+01 7.464416181659308336e+01 1.007376198101340492e+02 1.335645450305595716e+02 1.780175586912245080e+02 2.424465187008271130e+02 3.285297880156331303e+02 3.849026727458195865e+02 4.294213019080510776e+02 5.875185386344596736e+02 4.064793288203530324e+02 0.000000000000000000e+00 0.000000000000000000e+00 0.000000000000000000e+00 0.000000000000000000e+00 0.000000000000000000e+00 0.000000000000000000e+00 0.000000000000000000e+00 0.000000000000000000e+00 0.000000000000000000e+00 0.000000000000000000e+00 0.000000000000000000e+00 0.000000000000000000e+00 0.000000000000000000e+00 0.000000000000000000e+00 0.000000000000000000e+00 0.000000000000000000e+00 0.000000000000000000e+00 0.000000000000000000e+00 0.000000000000000000e+00 0.000000000000000000e+00 0.000000000000000000e+00 0.000000000000000000e+00 0.000000000000000000e+00 0.000000000000000000e+00 0.000000000000000000e+00 0.000000000000000000e+00 0.000000000000000000e+00 0.000000000000000000e+00 0.000000000000000000e+00 0.000000000000000000e+00 0.000000000000000000e+00 0.000000000000000000e+00 0.000000000000000000e+00 0.000000000000000000e+00 0.000000000000000000e+00 0.000000000000000000e+00 0.000000000000000000e+00 0.000000000000000000e+00 0.000000000000000000e+00 0.000000000000000000e+00 0.000000000000000000e+00 0.000000000000000000e+00 0.000000000000000000e+00 0.000000000000000000e+00 0.000000000000000000e+00 0.000000000000000000e+00 0.000000000000000000e+00 0.000000000000000000e+00
