# A b_HI Tb sigma_NL sigma8tot n_s f DA H omegak omegaDE w0 wa h gamma sigma_8 fs8 bs8 pk0 pk1 pk2 pk3 pk4 pk5 pk6 pk7 pk8 pk9 pk10 pk11 pk12 pk13 pk14 pk15 pk16 pk17 pk18 pk19 pk20 pk21 pk22 pk23 pk24 pk25 pk26 pk27 pk28 pk29 pk30 pk31 pk32 pk33 pk34 pk35 pk36 pk37 pk38 pk39 pk40 pk41 pk42 pk43 pk44 pk45 pk46 pk47 pk48 pk49 pk50 pk51 pk52 pk53 pk54 pk55 pk56 pk57 pk58 pk59 pk60 pk61 pk62 pk63 pk64 pk65 pk66 pk67 pk68 pk69 pk70 pk71 pk72 pk73 pk74 pk75 pk76 pk77 pk78 pk79 pk80 pk81 pk82 pk83 pk84 pk85 pk86 pk87 pk88 pk89
1.777560761612258178e+00 -4.019204531117598123e+00 -2.642006853573129987e+01 1.237131842208027618e-02 -4.732615784610413101e+00 -2.090703637989973274e+00 -1.270606545608374605e+00 -1.403145797764804747e+00 1.467605134205882456e+00 -1.463433203630778445e+00 -2.127380541162735117e+00 1.143733969890665447e+00 1.722578195659549838e-01 4.339389888168421194e+00 1.121474771516302260e+00 -3.536621767015007745e+00 -6.021728114494472095e+00 -1.903672007461413296e+00 0.000000000000000000e+00 0.000000000000000000e+00 0.000000000000000000e+00 0.000000000000000000e+00 0.000000000000000000e+00 0.000000000000000000e+00 0.000000000000000000e+00 0.000000000000000000e+00 0.000000000000000000e+00 0.000000000000000000e+00 0.000000000000000000e+00 0.000000000000000000e+00 0.000000000000000000e+00 0.000000000000000000e+00 0.000000000000000000e+00 0.000000000000000000e+00 0.000000000000000000e+00 4.723718986338414508e-19 -1.474814000896983677e-17 3.559130388594885138e-17 -2.414621893078364153e-16 -7.603329369986269877e-17 -9.219123098171498856e-17 -4.671429572647353438e-16 -1.049517509946042503e-15 -8.617089393397286954e-16 -3.862278923602953905e-03 -8.828612792334578074e-02 -2.319132176200031925e-01 -2.996646220649666348e-01 -6.786477327714296459e-02 6.098381405899959695e-01 1.425894637107983920e+00 1.200931895020180828e+00 -1.326459477682546684e+00 -3.857703334349929403e+00 1.820256366100393153e-01 6.487676968970533586e+00 -1.445140807493600965e+00 -8.916867620265248817e+00 9.307179877086619868e+00 -4.661770648571429199e+00 -1.942889472568474885e+00 1.655030822953539760e+00 0.000000000000000000e+00 0.000000000000000000e+00 0.000000000000000000e+00 0.000000000000000000e+00 0.000000000000000000e+00 0.000000000000000000e+00 0.000000000000000000e+00 0.000000000000000000e+00 0.000000000000000000e+00 0.000000000000000000e+00 0.000000000000000000e+00 0.000000000000000000e+00 0.000000000000000000e+00 0.000000000000000000e+00 0.000000000000000000e+00 0.000000000000000000e+00 0.000000000000000000e+00 0.000000000000000000e+00 0.000000000000000000e+00 0.000000000000000000e+00 0.000000000000000000e+00 0.000000000000000000e+00 0.000000000000000000e+00 0.000000000000000000e+00 0.000000000000000000e+00 0.000000000000000000e+00 0.000000000000000000e+00 0.000000000000000000e+00 0.000000000000000000e+00 0.000000000000000000e+00 0.000000000000000000e+00 0.000000000000000000e+00 0.000000000000000000e+00 0.000000000000000000e+00 0.000000000000000000e+00 0.000000000000000000e+00 0.000000000000000000e+00 0.000000000000000000e+00 0.000000000000000000e+00 0.000000000000000000e+00 0.000000000000000000e+00 0.000000000000000000e+00 0.000000000000000000e+00 0.000000000000000000e+00 0.000000000000000000e+00 0.000000000000000000e+00
-4.019204531117598123e+00 1.320181496761639210e+04 8.283447710089424800e+04 -3.397447439098489497e+01 1.483810510587649878e+04 5.677427342042898090e+03 3.370058272672189560e+03 -2.096302670029601359e+03 2.413477754748152620e+03 1.329830687160243178e+04 1.063084494499329594e+03 -1.269177240757243453e+03 -2.340358553069752929e+02 6.761554182048424082e+03 -3.683689722625582817e+03 1.161668330563754716e+04 1.977947122057606248e+04 5.049152012772003218e+03 0.000000000000000000e+00 0.000000000000000000e+00 0.000000000000000000e+00 0.000000000000000000e+00 0.000000000000000000e+00 0.000000000000000000e+00 0.000000000000000000e+00 0.000000000000000000e+00 0.000000000000000000e+00 0.000000000000000000e+00 0.000000000000000000e+00 0.000000000000000000e+00 0.000000000000000000e+00 0.000000000000000000e+00 0.000000000000000000e+00 0.000000000000000000e+00 0.000000000000000000e+00 1.122818746821109331e-03 2.435854635437235613e-02 8.293535287363267006e-02 1.865711383237079746e-01 3.602306689082865332e-01 6.476719970169763085e-01 1.098834335867385548e+00 1.796690714291430124e+00 2.872158702298623467e+00 4.514558200656235698e+00 6.955544754571962862e+00 1.057606408997667558e+01 1.600406362777325953e+01 2.399613600036557770e+01 3.562204785144941610e+01 5.254415572298675841e+01 7.719021631814258910e+01 1.119991508817575010e+02 1.616424662377241077e+02 2.337890694269091796e+02 3.359941553804635532e+02 4.732766150259794813e+02 6.606919910306393149e+02 9.244600954058162188e+02 1.247136425924839159e+03 1.597926970887435573e+03 2.071768758491663505e+02 0.000000000000000000e+00 0.000000000000000000e+00 0.000000000000000000e+00 0.000000000000000000e+00 0.000000000000000000e+00 0.000000000000000000e+00 0.000000000000000000e+00 0.000000000000000000e+00 0.000000000000000000e+00 0.000000000000000000e+00 0.000000000000000000e+00 0.000000000000000000e+00 0.000000000000000000e+00 0.000000000000000000e+00 0.000000000000000000e+00 0.000000000000000000e+00 0.000000000000000000e+00 0.000000000000000000e+00 0.000000000000000000e+00 0.000000000000000000e+00 0.000000000000000000e+00 0.000000000000000000e+00 0.000000000000000000e+00 0.000000000000000000e+00 0.000000000000000000e+00 0.000000000000000000e+00 0.000000000000000000e+00 0.000000000000000000e+00 0.000000000000000000e+00 0.000000000000000000e+00 0.000000000000000000e+00 0.000000000000000000e+00 0.000000000000000000e+00 0.000000000000000000e+00 0.000000000000000000e+00 0.000000000000000000e+00 0.000000000000000000e+00 0.000000000000000000e+00 0.000000000000000000e+00 0.000000000000000000e+00 0.000000000000000000e+00 0.000000000000000000e+00 0.000000000000000000e+00 0.000000000000000000e+00 0.000000000000000000e+00 0.000000000000000000e+00
-2.642006853573129987e+01 8.283447710089424800e+04 5.402586790648846654e+05 -2.629309344842838527e+02 9.677631035882055585e+04 3.687839068402679550e+04 2.532159578585321287e+04 -1.654597545223352790e+04 6.999025499065164695e+03 8.140751780794595834e+04 9.526752055583139736e+03 -8.963913545733834326e+03 -1.654519079700246266e+03 3.817423461793697788e+04 -2.311322441074337257e+04 7.288860581894006464e+04 1.241058263509676181e+05 3.793779691155394539e+04 0.000000000000000000e+00 0.000000000000000000e+00 0.000000000000000000e+00 0.000000000000000000e+00 0.000000000000000000e+00 0.000000000000000000e+00 0.000000000000000000e+00 0.000000000000000000e+00 0.000000000000000000e+00 0.000000000000000000e+00 0.000000000000000000e+00 0.000000000000000000e+00 0.000000000000000000e+00 0.000000000000000000e+00 0.000000000000000000e+00 0.000000000000000000e+00 0.000000000000000000e+00 1.084716234242844718e-02 2.264297822182942954e-01 7.353495114452686110e-01 1.584676007280136023e+00 2.945984151282559527e+00 5.119428820197557961e+00 8.435541889566515295e+00 1.345143643473094208e+01 2.103677276811452757e+01 3.244420940286978805e+01 4.919318263090050891e+01 7.379283857035535732e+01 1.103542610809536484e+02 1.637843413926557048e+02 2.410941765946784301e+02 3.530329465955023807e+02 5.154359185004010442e+02 7.441002838094721028e+02 1.069339716874402939e+03 1.540698251666847455e+03 2.207159018604763787e+03 3.101879043678387461e+03 4.319810579064125704e+03 6.027451107415074148e+03 8.103184429485900182e+03 1.032289673175907410e+04 1.333550536866403490e+03 0.000000000000000000e+00 0.000000000000000000e+00 0.000000000000000000e+00 0.000000000000000000e+00 0.000000000000000000e+00 0.000000000000000000e+00 0.000000000000000000e+00 0.000000000000000000e+00 0.000000000000000000e+00 0.000000000000000000e+00 0.000000000000000000e+00 0.000000000000000000e+00 0.000000000000000000e+00 0.000000000000000000e+00 0.000000000000000000e+00 0.000000000000000000e+00 0.000000000000000000e+00 0.000000000000000000e+00 0.000000000000000000e+00 0.000000000000000000e+00 0.000000000000000000e+00 0.000000000000000000e+00 0.000000000000000000e+00 0.000000000000000000e+00 0.000000000000000000e+00 0.000000000000000000e+00 0.000000000000000000e+00 0.000000000000000000e+00 0.000000000000000000e+00 0.000000000000000000e+00 0.000000000000000000e+00 0.000000000000000000e+00 0.000000000000000000e+00 0.000000000000000000e+00 0.000000000000000000e+00 0.000000000000000000e+00 0.000000000000000000e+00 0.000000000000000000e+00 0.000000000000000000e+00 0.000000000000000000e+00 0.000000000000000000e+00 0.000000000000000000e+00 0.000000000000000000e+00 0.000000000000000000e+00 0.000000000000000000e+00 0.000000000000000000e+00
1.237131842208027618e-02 -3.397447439098489497e+01 -2.629309344842838527e+02 2.555039018562802466e-01 -4.709870790531027041e+01 -2.055827156388750154e+01 -1.880182926104056662e+01 1.373748141030998582e+01 2.099034904127468337e+01 -2.537846999571126716e+01 -1.331796270209855848e+01 7.099503855597399493e+00 1.274941155196934295e+00 2.099075937444889295e+00 9.479864886204616425e+00 -2.989518565770530145e+01 -5.090187524208381831e+01 -2.816962983310787294e+01 0.000000000000000000e+00 0.000000000000000000e+00 0.000000000000000000e+00 0.000000000000000000e+00 0.000000000000000000e+00 0.000000000000000000e+00 0.000000000000000000e+00 0.000000000000000000e+00 0.000000000000000000e+00 0.000000000000000000e+00 0.000000000000000000e+00 0.000000000000000000e+00 0.000000000000000000e+00 0.000000000000000000e+00 0.000000000000000000e+00 0.000000000000000000e+00 0.000000000000000000e+00 -5.798856073674742716e-08 -1.312646380386639454e-06 -4.828097284598813630e-06 -1.197566903200454504e-05 -2.587974931866560878e-05 -5.298073325944580828e-05 -1.035283831821632341e-04 -1.970702924732442812e-04 -3.704977514519893519e-04 -6.932140115492438142e-04 -1.279608713117600998e-03 -2.346929326173066190e-03 -4.325511540129874620e-03 -7.934396582185667540e-03 -1.447105158784215903e-02 -2.631772638763700545e-02 -4.810561030202797905e-02 -8.690866070703799628e-02 -1.564813987558384412e-01 -2.835093389904346783e-01 -5.119928624769928271e-01 -9.073266948927001252e-01 -1.590996295036320340e+00 -2.803500832329445913e+00 -4.724184811356468394e+00 -7.422820686283215785e+00 -1.049617123694149390e+00 0.000000000000000000e+00 0.000000000000000000e+00 0.000000000000000000e+00 0.000000000000000000e+00 0.000000000000000000e+00 0.000000000000000000e+00 0.000000000000000000e+00 0.000000000000000000e+00 0.000000000000000000e+00 0.000000000000000000e+00 0.000000000000000000e+00 0.000000000000000000e+00 0.000000000000000000e+00 0.000000000000000000e+00 0.000000000000000000e+00 0.000000000000000000e+00 0.000000000000000000e+00 0.000000000000000000e+00 0.000000000000000000e+00 0.000000000000000000e+00 0.000000000000000000e+00 0.000000000000000000e+00 0.000000000000000000e+00 0.000000000000000000e+00 0.000000000000000000e+00 0.000000000000000000e+00 0.000000000000000000e+00 0.000000000000000000e+00 0.000000000000000000e+00 0.000000000000000000e+00 0.000000000000000000e+00 0.000000000000000000e+00 0.000000000000000000e+00 0.000000000000000000e+00 0.000000000000000000e+00 0.000000000000000000e+00 0.000000000000000000e+00 0.000000000000000000e+00 0.000000000000000000e+00 0.000000000000000000e+00 0.000000000000000000e+00 0.000000000000000000e+00 0.000000000000000000e+00 0.000000000000000000e+00 0.000000000000000000e+00 0.000000000000000000e+00
-4.732615784610413101e+00 1.483810510587649878e+04 9.677631035882055585e+04 -4.709870790531027041e+01 1.733549984403295821e+04 6.606010640215156855e+03 4.535846822107278967e+03 -2.963873636100288422e+03 1.253732499178382341e+03 1.458249448682491311e+04 1.706523096007344975e+03 -1.605702070040022136e+03 -2.963733081138176999e+02 6.838134620049686418e+03 -4.140262184845953925e+03 1.305650535881222277e+04 2.223102456968892511e+04 6.795781632971243198e+03 0.000000000000000000e+00 0.000000000000000000e+00 0.000000000000000000e+00 0.000000000000000000e+00 0.000000000000000000e+00 0.000000000000000000e+00 0.000000000000000000e+00 0.000000000000000000e+00 0.000000000000000000e+00 0.000000000000000000e+00 0.000000000000000000e+00 0.000000000000000000e+00 0.000000000000000000e+00 0.000000000000000000e+00 0.000000000000000000e+00 0.000000000000000000e+00 0.000000000000000000e+00 1.943047636329211375e-03 4.056027182453843249e-02 1.317228492562311781e-01 2.838623478741018613e-01 5.277129041779763385e-01 9.170411352222395118e-01 1.511055077102198441e+00 2.409550161105557198e+00 3.768308273878800296e+00 5.811717608967093440e+00 8.811954151419392645e+00 1.321848019194038848e+01 1.976771245632512475e+01 2.933862031048842312e+01 4.318709863248436420e+01 6.323864350638599063e+01 9.232981968048628119e+01 1.332903714359087530e+02 1.915503745323855469e+02 2.759846309747037481e+02 3.953674683495661952e+02 5.556382908019675142e+02 7.738058553995349484e+02 1.079694786307656614e+03 1.451520024814833278e+03 1.849136157597554075e+03 2.388783477913463855e+02 0.000000000000000000e+00 0.000000000000000000e+00 0.000000000000000000e+00 0.000000000000000000e+00 0.000000000000000000e+00 0.000000000000000000e+00 0.000000000000000000e+00 0.000000000000000000e+00 0.000000000000000000e+00 0.000000000000000000e+00 0.000000000000000000e+00 0.000000000000000000e+00 0.000000000000000000e+00 0.000000000000000000e+00 0.000000000000000000e+00 0.000000000000000000e+00 0.000000000000000000e+00 0.000000000000000000e+00 0.000000000000000000e+00 0.000000000000000000e+00 0.000000000000000000e+00 0.000000000000000000e+00 0.000000000000000000e+00 0.000000000000000000e+00 0.000000000000000000e+00 0.000000000000000000e+00 0.000000000000000000e+00 0.000000000000000000e+00 0.000000000000000000e+00 0.000000000000000000e+00 0.000000000000000000e+00 0.000000000000000000e+00 0.000000000000000000e+00 0.000000000000000000e+00 0.000000000000000000e+00 0.000000000000000000e+00 0.000000000000000000e+00 0.000000000000000000e+00 0.000000000000000000e+00 0.000000000000000000e+00 0.000000000000000000e+00 0.000000000000000000e+00 0.000000000000000000e+00 0.000000000000000000e+00 0.000000000000000000e+00 0.000000000000000000e+00
-2.090703637989973274e+00 5.677427342042898090e+03 3.687839068402679550e+04 -2.055827156388750154e+01 6.606010640215156855e+03 2.846661583298847745e+03 1.704865263252518389e+03 -1.028688250477252268e+03 1.066925473131087188e+02 5.307149211875688707e+03 8.746725147077381735e+02 -7.031048797268313137e+02 -1.263891503254834987e+02 1.959212637473283394e+03 -1.584167086278511533e+03 4.995743053895245794e+03 8.506141844459167260e+03 2.554295261081927947e+03 0.000000000000000000e+00 0.000000000000000000e+00 0.000000000000000000e+00 0.000000000000000000e+00 0.000000000000000000e+00 0.000000000000000000e+00 0.000000000000000000e+00 0.000000000000000000e+00 0.000000000000000000e+00 0.000000000000000000e+00 0.000000000000000000e+00 0.000000000000000000e+00 0.000000000000000000e+00 0.000000000000000000e+00 0.000000000000000000e+00 0.000000000000000000e+00 0.000000000000000000e+00 -1.416629755186314937e-03 -2.821428372639396900e-02 -8.546096284185890346e-02 -1.703203410861378608e-01 -2.907579608725024412e-01 -4.589914330343504156e-01 -6.808404390156719277e-01 -9.659556069869720263e-01 -1.322551348118806480e+00 -1.745997043540020277e+00 -2.207674118028551291e+00 -2.654955663779534181e+00 -2.972149057538116868e+00 -2.937420604982672323e+00 -2.172037558210461849e+00 -3.135869128569792469e-02 4.638007933754441758e+00 1.335168982483091860e+01 2.872399857864807871e+01 5.526761461843127421e+01 9.908051707580634115e+01 1.669170019588119089e+02 2.709320132642053522e+02 4.327910732835475187e+02 6.541191635904903023e+02 9.234273930181112746e+02 1.246637070422317208e+02 0.000000000000000000e+00 0.000000000000000000e+00 0.000000000000000000e+00 0.000000000000000000e+00 0.000000000000000000e+00 0.000000000000000000e+00 0.000000000000000000e+00 0.000000000000000000e+00 0.000000000000000000e+00 0.000000000000000000e+00 0.000000000000000000e+00 0.000000000000000000e+00 0.000000000000000000e+00 0.000000000000000000e+00 0.000000000000000000e+00 0.000000000000000000e+00 0.000000000000000000e+00 0.000000000000000000e+00 0.000000000000000000e+00 0.000000000000000000e+00 0.000000000000000000e+00 0.000000000000000000e+00 0.000000000000000000e+00 0.000000000000000000e+00 0.000000000000000000e+00 0.000000000000000000e+00 0.000000000000000000e+00 0.000000000000000000e+00 0.000000000000000000e+00 0.000000000000000000e+00 0.000000000000000000e+00 0.000000000000000000e+00 0.000000000000000000e+00 0.000000000000000000e+00 0.000000000000000000e+00 0.000000000000000000e+00 0.000000000000000000e+00 0.000000000000000000e+00 0.000000000000000000e+00 0.000000000000000000e+00 0.000000000000000000e+00 0.000000000000000000e+00 0.000000000000000000e+00 0.000000000000000000e+00 0.000000000000000000e+00 0.000000000000000000e+00
-1.270606545608374605e+00 3.370058272672189560e+03 2.532159578585321287e+04 -1.880182926104056662e+01 4.535846822107278967e+03 1.704865263252518389e+03 1.710412847940154279e+03 -1.225772355820272423e+03 -1.041783266356332888e+03 2.980968833063336660e+03 8.528451944801252012e+02 -5.276490803018897395e+02 -9.761921866862653019e+01 8.606946625100096071e+02 -9.403441158767643628e+02 2.965417995268656341e+03 5.049152012772003218e+03 2.562606867625571795e+03 0.000000000000000000e+00 0.000000000000000000e+00 0.000000000000000000e+00 0.000000000000000000e+00 0.000000000000000000e+00 0.000000000000000000e+00 0.000000000000000000e+00 0.000000000000000000e+00 0.000000000000000000e+00 0.000000000000000000e+00 0.000000000000000000e+00 0.000000000000000000e+00 0.000000000000000000e+00 0.000000000000000000e+00 0.000000000000000000e+00 0.000000000000000000e+00 0.000000000000000000e+00 1.060585023339993089e-03 2.119882824083148265e-02 6.493183872246539867e-02 1.319097639560965207e-01 2.315454418214276111e-01 3.802195010722042023e-01 5.941791848749691241e-01 9.020354285313635367e-01 1.347023914587679672e+00 1.990658643525632598e+00 2.905493565661165789e+00 4.212979533970691470e+00 6.108232148724246358e+00 8.816891250112645295e+00 1.267287794635876175e+01 1.816543433017402265e+01 2.603691893313855132e+01 3.701052954258020833e+01 5.248282754043935228e+01 7.470168434803164814e+01 1.059170036014692045e+02 1.477491288540754226e+02 2.041403785757665617e+02 2.821873857083730286e+02 3.749615013503579348e+02 4.683122659527612655e+02 5.973116195507562054e+01 0.000000000000000000e+00 0.000000000000000000e+00 0.000000000000000000e+00 0.000000000000000000e+00 0.000000000000000000e+00 0.000000000000000000e+00 0.000000000000000000e+00 0.000000000000000000e+00 0.000000000000000000e+00 0.000000000000000000e+00 0.000000000000000000e+00 0.000000000000000000e+00 0.000000000000000000e+00 0.000000000000000000e+00 0.000000000000000000e+00 0.000000000000000000e+00 0.000000000000000000e+00 0.000000000000000000e+00 0.000000000000000000e+00 0.000000000000000000e+00 0.000000000000000000e+00 0.000000000000000000e+00 0.000000000000000000e+00 0.000000000000000000e+00 0.000000000000000000e+00 0.000000000000000000e+00 0.000000000000000000e+00 0.000000000000000000e+00 0.000000000000000000e+00 0.000000000000000000e+00 0.000000000000000000e+00 0.000000000000000000e+00 0.000000000000000000e+00 0.000000000000000000e+00 0.000000000000000000e+00 0.000000000000000000e+00 0.000000000000000000e+00 0.000000000000000000e+00 0.000000000000000000e+00 0.000000000000000000e+00 0.000000000000000000e+00 0.000000000000000000e+00 0.000000000000000000e+00 0.000000000000000000e+00 0.000000000000000000e+00 0.000000000000000000e+00
-1.403145797764804747e+00 -2.096302670029601359e+03 -1.654597545223352790e+04 1.373748141030998582e+01 -2.963873636100288422e+03 -1.028688250477252268e+03 -1.225772355820272423e+03 1.095640294787255243e+03 1.199681472023308970e+03 -1.787713622993973331e+03 -6.879597067783367947e+02 3.789818020794886024e+02 7.155535476546118900e+01 -4.307739610110420472e+02 5.849293161616590169e+02 -1.844601237801857224e+03 -3.140761965924871674e+03 -1.836499685414262331e+03 -0.000000000000000000e+00 -0.000000000000000000e+00 -0.000000000000000000e+00 -0.000000000000000000e+00 -0.000000000000000000e+00 -0.000000000000000000e+00 -0.000000000000000000e+00 -0.000000000000000000e+00 -0.000000000000000000e+00 -0.000000000000000000e+00 -0.000000000000000000e+00 -0.000000000000000000e+00 -0.000000000000000000e+00 -0.000000000000000000e+00 -0.000000000000000000e+00 -0.000000000000000000e+00 -0.000000000000000000e+00 -1.300268679533646624e-03 -2.548573771559634049e-02 -7.670002375975712439e-02 -1.542213629890793192e-01 -2.681979097216582453e-01 -4.345082206606006858e-01 -6.634791818995623425e-01 -9.765657193097029287e-01 -1.408065465314038978e+00 -2.087345967267669522e+00 -3.371582106958675329e+00 -4.865793484963373494e+00 -6.946716244811938168e+00 -9.804204887000620872e+00 -1.355961096241452424e+01 -1.844295478704698965e+01 -2.496947032819923962e+01 -3.313575484465447119e+01 -4.455956238531040725e+01 -6.233670352081956167e+01 -8.775590944863007792e+01 -1.058436495013271781e+02 -1.265024901789673208e+02 -1.967012595612656582e+02 -2.126719101476436720e+02 -2.433446505590023889e+02 -3.524241090991142755e+01 -0.000000000000000000e+00 -0.000000000000000000e+00 -0.000000000000000000e+00 -0.000000000000000000e+00 -0.000000000000000000e+00 -0.000000000000000000e+00 -0.000000000000000000e+00 -0.000000000000000000e+00 -0.000000000000000000e+00 -0.000000000000000000e+00 -0.000000000000000000e+00 -0.000000000000000000e+00 -0.000000000000000000e+00 -0.000000000000000000e+00 -0.000000000000000000e+00 -0.000000000000000000e+00 -0.000000000000000000e+00 -0.000000000000000000e+00 -0.000000000000000000e+00 -0.000000000000000000e+00 -0.000000000000000000e+00 -0.000000000000000000e+00 -0.000000000000000000e+00 -0.000000000000000000e+00 -0.000000000000000000e+00 -0.000000000000000000e+00 -0.000000000000000000e+00 -0.000000000000000000e+00 -0.000000000000000000e+00 -0.000000000000000000e+00 -0.000000000000000000e+00 -0.000000000000000000e+00 -0.000000000000000000e+00 -0.000000000000000000e+00 -0.000000000000000000e+00 -0.000000000000000000e+00 -0.000000000000000000e+00 -0.000000000000000000e+00 -0.000000000000000000e+00 -0.000000000000000000e+00 -0.000000000000000000e+00 -0.000000000000000000e+00 -0.000000000000000000e+00 -0.000000000000000000e+00 -0.000000000000000000e+00 -0.000000000000000000e+00
1.467605134205882456e+00 2.413477754748152620e+03 6.999025499065164695e+03 2.099034904127468337e+01 1.253732499178382341e+03 1.066925473131087188e+02 -1.041783266356332888e+03 1.199681472023308970e+03 5.148320118549584549e+03 3.865807768557820509e+03 -1.588326346071816943e+03 4.084108402137060239e+02 7.123047073162885567e+01 4.363489467324649013e+03 -6.734303747446349462e+02 2.123693356624321041e+03 3.615965979574751145e+03 -1.560840095510992569e+03 0.000000000000000000e+00 0.000000000000000000e+00 0.000000000000000000e+00 0.000000000000000000e+00 0.000000000000000000e+00 0.000000000000000000e+00 0.000000000000000000e+00 0.000000000000000000e+00 0.000000000000000000e+00 0.000000000000000000e+00 0.000000000000000000e+00 0.000000000000000000e+00 0.000000000000000000e+00 0.000000000000000000e+00 0.000000000000000000e+00 0.000000000000000000e+00 0.000000000000000000e+00 1.252820633455878005e-03 2.730152025317632639e-02 9.018194535039376902e-02 1.928208379790800064e-01 3.480992976999964794e-01 5.777931357383701005e-01 8.974429877958872703e-01 1.344218603642744592e+00 1.979391960009748042e+00 2.990516684242725987e+00 4.828538180342810904e+00 7.002126268506225770e+00 1.004717585078207698e+01 1.424797392746427960e+01 1.983408508704180662e+01 2.718353814117291734e+01 3.687919018212127042e+01 4.876317207303379320e+01 6.393593533853574229e+01 8.408425809217149549e+01 1.072338856260641506e+02 1.146627258874978423e+02 1.053780349723202647e+02 9.821882936103125417e+01 -1.350088231523267801e+01 -1.844027685803453949e+02 -2.994735618891670370e+01 0.000000000000000000e+00 0.000000000000000000e+00 0.000000000000000000e+00 0.000000000000000000e+00 0.000000000000000000e+00 0.000000000000000000e+00 0.000000000000000000e+00 0.000000000000000000e+00 0.000000000000000000e+00 0.000000000000000000e+00 0.000000000000000000e+00 0.000000000000000000e+00 0.000000000000000000e+00 0.000000000000000000e+00 0.000000000000000000e+00 0.000000000000000000e+00 0.000000000000000000e+00 0.000000000000000000e+00 0.000000000000000000e+00 0.000000000000000000e+00 0.000000000000000000e+00 0.000000000000000000e+00 0.000000000000000000e+00 0.000000000000000000e+00 0.000000000000000000e+00 0.000000000000000000e+00 0.000000000000000000e+00 0.000000000000000000e+00 0.000000000000000000e+00 0.000000000000000000e+00 0.000000000000000000e+00 0.000000000000000000e+00 0.000000000000000000e+00 0.000000000000000000e+00 0.000000000000000000e+00 0.000000000000000000e+00 0.000000000000000000e+00 0.000000000000000000e+00 0.000000000000000000e+00 0.000000000000000000e+00 0.000000000000000000e+00 0.000000000000000000e+00 0.000000000000000000e+00 0.000000000000000000e+00 0.000000000000000000e+00 0.000000000000000000e+00
-1.463433203630778445e+00 1.329830687160243178e+04 8.140751780794595834e+04 -2.537846999571126716e+01 1.458249448682491311e+04 5.307149211875688707e+03 2.980968833063336660e+03 -1.787713622993973331e+03 3.865807768557820509e+03 1.394186270959254398e+04 4.722467760571382769e+02 -1.057169175150515684e+03 -1.982790256869731422e+02 8.045412639860942363e+03 -3.710613765713738303e+03 1.170158950171084689e+04 1.992403913359349099e+04 4.466203123407066414e+03 0.000000000000000000e+00 0.000000000000000000e+00 0.000000000000000000e+00 0.000000000000000000e+00 0.000000000000000000e+00 0.000000000000000000e+00 0.000000000000000000e+00 0.000000000000000000e+00 0.000000000000000000e+00 0.000000000000000000e+00 0.000000000000000000e+00 0.000000000000000000e+00 0.000000000000000000e+00 0.000000000000000000e+00 0.000000000000000000e+00 0.000000000000000000e+00 0.000000000000000000e+00 2.464536101830165204e-03 5.165876904615358117e-02 1.674695050530989882e-01 3.587441970852791595e-01 6.593436185803389638e-01 1.126875298114269563e+00 1.816729776345741287e+00 2.829978337167649460e+00 4.327807959382365510e+00 6.651239630134876180e+00 1.047310235728358485e+01 1.556302101539472993e+01 2.296988199355152105e+01 3.358203068771155841e+01 4.846190266000337488e+01 6.930039512875964647e+01 9.870679930960805848e+01 1.385454042694742895e+02 1.942566158269106040e+02 2.750101193624455505e+02 3.866785984354183370e+02 5.129385862300753161e+02 6.721156463214979340e+02 9.276000491858058012e+02 1.136848363324352931e+03 1.346974028311408574e+03 1.739421336239323637e+02 0.000000000000000000e+00 0.000000000000000000e+00 0.000000000000000000e+00 0.000000000000000000e+00 0.000000000000000000e+00 0.000000000000000000e+00 0.000000000000000000e+00 0.000000000000000000e+00 0.000000000000000000e+00 0.000000000000000000e+00 0.000000000000000000e+00 0.000000000000000000e+00 0.000000000000000000e+00 0.000000000000000000e+00 0.000000000000000000e+00 0.000000000000000000e+00 0.000000000000000000e+00 0.000000000000000000e+00 0.000000000000000000e+00 0.000000000000000000e+00 0.000000000000000000e+00 0.000000000000000000e+00 0.000000000000000000e+00 0.000000000000000000e+00 0.000000000000000000e+00 0.000000000000000000e+00 0.000000000000000000e+00 0.000000000000000000e+00 0.000000000000000000e+00 0.000000000000000000e+00 0.000000000000000000e+00 0.000000000000000000e+00 0.000000000000000000e+00 0.000000000000000000e+00 0.000000000000000000e+00 0.000000000000000000e+00 0.000000000000000000e+00 0.000000000000000000e+00 0.000000000000000000e+00 0.000000000000000000e+00 0.000000000000000000e+00 0.000000000000000000e+00 0.000000000000000000e+00 0.000000000000000000e+00 0.000000000000000000e+00 0.000000000000000000e+00
-2.127380541162735117e+00 1.063084494499329594e+03 9.526752055583139736e+03 -1.331796270209855848e+01 1.706523096007345430e+03 8.746725147077381735e+02 8.528451944801252012e+02 -6.879597067783367947e+02 -1.588326346071816943e+03 4.722467760571383906e+02 7.887373595883954067e+02 -3.579621262799257124e+02 -6.340201960657577729e+01 -7.824085409768323416e+02 -2.966314431974536774e+02 9.354407655330306852e+02 1.592754421688933689e+03 1.277765748209992353e+03 0.000000000000000000e+00 0.000000000000000000e+00 0.000000000000000000e+00 0.000000000000000000e+00 0.000000000000000000e+00 0.000000000000000000e+00 0.000000000000000000e+00 0.000000000000000000e+00 0.000000000000000000e+00 0.000000000000000000e+00 0.000000000000000000e+00 0.000000000000000000e+00 0.000000000000000000e+00 0.000000000000000000e+00 0.000000000000000000e+00 0.000000000000000000e+00 0.000000000000000000e+00 -8.201605822533307357e-04 -1.690460368288811827e-02 -5.266988539309318262e-02 -1.071144597181059172e-01 -1.845081968796310479e-01 -2.912721206347114178e-01 -4.273997754681115313e-01 -6.000066026160827404e-01 -8.217762853786453325e-01 -1.187925683551854350e+00 -1.994106884039106520e+00 -2.772687586841680485e+00 -3.778493272264634051e+00 -5.047289717586658675e+00 -6.492883018140495288e+00 -8.006341540942955248e+00 -9.506335455623977637e+00 -1.036088753643308458e+01 -1.062135344057940856e+01 -1.046602552166223887e+01 -7.653485242797468224e+00 1.345706125461973812e+01 5.331702395897584523e+01 9.215236850508672717e+01 2.150882545796393117e+02 3.686188253138527102e+02 4.950078964210525356e+01 0.000000000000000000e+00 0.000000000000000000e+00 0.000000000000000000e+00 0.000000000000000000e+00 0.000000000000000000e+00 0.000000000000000000e+00 0.000000000000000000e+00 0.000000000000000000e+00 0.000000000000000000e+00 0.000000000000000000e+00 0.000000000000000000e+00 0.000000000000000000e+00 0.000000000000000000e+00 0.000000000000000000e+00 0.000000000000000000e+00 0.000000000000000000e+00 0.000000000000000000e+00 0.000000000000000000e+00 0.000000000000000000e+00 0.000000000000000000e+00 0.000000000000000000e+00 0.000000000000000000e+00 0.000000000000000000e+00 0.000000000000000000e+00 0.000000000000000000e+00 0.000000000000000000e+00 0.000000000000000000e+00 0.000000000000000000e+00 0.000000000000000000e+00 0.000000000000000000e+00 0.000000000000000000e+00 0.000000000000000000e+00 0.000000000000000000e+00 0.000000000000000000e+00 0.000000000000000000e+00 0.000000000000000000e+00 0.000000000000000000e+00 0.000000000000000000e+00 0.000000000000000000e+00 0.000000000000000000e+00 0.000000000000000000e+00 0.000000000000000000e+00 0.000000000000000000e+00 0.000000000000000000e+00 0.000000000000000000e+00 0.000000000000000000e+00
1.143733969890665447e+00 -1.269177240757243453e+03 -8.963913545733834326e+03 7.099503855597399493e+00 -1.605702070040022136e+03 -7.031048797268313137e+02 -5.276490803018897395e+02 3.789818020794886024e+02 4.084108402137060239e+02 -1.057169175150515684e+03 -3.579621262799257124e+02 2.153879659619628057e+02 3.866160597936878673e+01 -1.572745752809999544e+02 3.541373038052721540e+02 -1.116788115934470625e+03 -1.901530567497459288e+03 -7.905443171257388713e+02 0.000000000000000000e+00 0.000000000000000000e+00 0.000000000000000000e+00 0.000000000000000000e+00 0.000000000000000000e+00 0.000000000000000000e+00 0.000000000000000000e+00 0.000000000000000000e+00 0.000000000000000000e+00 0.000000000000000000e+00 0.000000000000000000e+00 0.000000000000000000e+00 0.000000000000000000e+00 0.000000000000000000e+00 0.000000000000000000e+00 0.000000000000000000e+00 0.000000000000000000e+00 2.771287239478938949e-04 5.587644889254947574e-03 1.683660763168845151e-02 3.293727696916735198e-02 5.409879460123790534e-02 8.022015845625932173e-02 1.081217182491031742e-01 1.353995519221531108e-01 1.588361912480745208e-01 2.058396417521589083e-01 3.850484603727433730e-01 4.775449057429785871e-01 5.491274617808427072e-01 5.664660091437249134e-01 4.252412786802448608e-01 -2.575788448065728306e-02 -9.719761313047274864e-01 -2.827702596532017942e+00 -5.850760969258587352e+00 -1.041492620810111980e+01 -1.787405322302796051e+01 -3.506390031302699839e+01 -6.291273521143214964e+01 -9.421074454182097213e+01 -1.637047051223881908e+02 -2.465272068394419875e+02 -3.251146192957595105e+01 0.000000000000000000e+00 0.000000000000000000e+00 0.000000000000000000e+00 0.000000000000000000e+00 0.000000000000000000e+00 0.000000000000000000e+00 0.000000000000000000e+00 0.000000000000000000e+00 0.000000000000000000e+00 0.000000000000000000e+00 0.000000000000000000e+00 0.000000000000000000e+00 0.000000000000000000e+00 0.000000000000000000e+00 0.000000000000000000e+00 0.000000000000000000e+00 0.000000000000000000e+00 0.000000000000000000e+00 0.000000000000000000e+00 0.000000000000000000e+00 0.000000000000000000e+00 0.000000000000000000e+00 0.000000000000000000e+00 0.000000000000000000e+00 0.000000000000000000e+00 0.000000000000000000e+00 0.000000000000000000e+00 0.000000000000000000e+00 0.000000000000000000e+00 0.000000000000000000e+00 0.000000000000000000e+00 0.000000000000000000e+00 0.000000000000000000e+00 0.000000000000000000e+00 0.000000000000000000e+00 0.000000000000000000e+00 0.000000000000000000e+00 0.000000000000000000e+00 0.000000000000000000e+00 0.000000000000000000e+00 0.000000000000000000e+00 0.000000000000000000e+00 0.000000000000000000e+00 0.000000000000000000e+00 0.000000000000000000e+00 0.000000000000000000e+00
1.722578195659549838e-01 -2.340358553069752929e+02 -1.654519079700246266e+03 1.274941155196934295e+00 -2.963733081138176999e+02 -1.263891503254834987e+02 -9.761921866862653019e+01 7.155535476546118900e+01 7.123047073162885567e+01 -1.982790256869731707e+02 -6.340201960657577729e+01 3.866160597936878673e+01 6.978212859497621601e+00 -3.711070300618324325e+01 6.530279942833114148e+01 -2.059353520659148273e+02 -3.506415955671446341e+02 -1.462568995980891202e+02 0.000000000000000000e+00 0.000000000000000000e+00 0.000000000000000000e+00 0.000000000000000000e+00 0.000000000000000000e+00 0.000000000000000000e+00 0.000000000000000000e+00 0.000000000000000000e+00 0.000000000000000000e+00 0.000000000000000000e+00 0.000000000000000000e+00 0.000000000000000000e+00 0.000000000000000000e+00 0.000000000000000000e+00 0.000000000000000000e+00 0.000000000000000000e+00 0.000000000000000000e+00 3.072619674009978078e-05 6.236150922305849298e-04 1.867532561834660699e-03 3.585887968210746228e-03 5.691439605676042700e-03 7.974515587563209620e-03 9.783107435894687620e-03 1.044782170075237750e-02 8.998783009458180548e-03 8.366877083672239271e-03 2.218544312174349636e-02 1.907824788280350695e-02 5.285242957755328062e-03 -2.703502475550639134e-02 -9.665876077136027755e-02 -2.314144457948084377e-01 -4.679491075345902917e-01 -8.742940463913360105e-01 -1.510867438371079841e+00 -2.472905662971116580e+00 -3.993425611118263330e+00 -7.020442807792340645e+00 -1.180445022590545712e+01 -1.765577513451921732e+01 -2.909866341019236913e+01 -4.279313036449615026e+01 -5.666095408770136288e+00 0.000000000000000000e+00 0.000000000000000000e+00 0.000000000000000000e+00 0.000000000000000000e+00 0.000000000000000000e+00 0.000000000000000000e+00 0.000000000000000000e+00 0.000000000000000000e+00 0.000000000000000000e+00 0.000000000000000000e+00 0.000000000000000000e+00 0.000000000000000000e+00 0.000000000000000000e+00 0.000000000000000000e+00 0.000000000000000000e+00 0.000000000000000000e+00 0.000000000000000000e+00 0.000000000000000000e+00 0.000000000000000000e+00 0.000000000000000000e+00 0.000000000000000000e+00 0.000000000000000000e+00 0.000000000000000000e+00 0.000000000000000000e+00 0.000000000000000000e+00 0.000000000000000000e+00 0.000000000000000000e+00 0.000000000000000000e+00 0.000000000000000000e+00 0.000000000000000000e+00 0.000000000000000000e+00 0.000000000000000000e+00 0.000000000000000000e+00 0.000000000000000000e+00 0.000000000000000000e+00 0.000000000000000000e+00 0.000000000000000000e+00 0.000000000000000000e+00 0.000000000000000000e+00 0.000000000000000000e+00 0.000000000000000000e+00 0.000000000000000000e+00 0.000000000000000000e+00 0.000000000000000000e+00 0.000000000000000000e+00 0.000000000000000000e+00
4.339389888168421194e+00 6.761554182048424082e+03 3.817423461793697788e+04 2.099075937444890627e+00 6.838134620049686418e+03 1.959212637473283394e+03 8.606946625100097208e+02 -4.307739610110421040e+02 4.363489467324649013e+03 8.045412639860941454e+03 -7.824085409768324553e+02 -1.572745752809998976e+02 -3.711070300618324325e+01 6.265999787362602547e+03 -1.886669954887641552e+03 5.949699626864821767e+03 1.013042272431875244e+04 1.289526125656181648e+03 0.000000000000000000e+00 0.000000000000000000e+00 0.000000000000000000e+00 0.000000000000000000e+00 0.000000000000000000e+00 0.000000000000000000e+00 0.000000000000000000e+00 0.000000000000000000e+00 0.000000000000000000e+00 0.000000000000000000e+00 0.000000000000000000e+00 0.000000000000000000e+00 0.000000000000000000e+00 0.000000000000000000e+00 0.000000000000000000e+00 0.000000000000000000e+00 0.000000000000000000e+00 3.886086398676410428e-03 7.963083988423952375e-02 2.497601140543158627e-01 5.166839549868758041e-01 9.146448245024521029e-01 1.499265039339567673e+00 2.308457486210466314e+00 3.427145943670815598e+00 4.993424885007369696e+00 7.473251237228914157e+00 1.206877491394378232e+01 1.745986577848715626e+01 2.499048370342752889e+01 3.535584767447618759e+01 4.906066719654272390e+01 6.698960568963588003e+01 9.079150443570972584e+01 1.202612715475077891e+02 1.596560270400496790e+02 2.165939591977753480e+02 2.908716920722240502e+02 3.323226555059695784e+02 3.572602540652242737e+02 4.727516684328704741e+02 3.602137508276211975e+02 1.991319661807894477e+02 2.475248714933638894e+01 0.000000000000000000e+00 0.000000000000000000e+00 0.000000000000000000e+00 0.000000000000000000e+00 0.000000000000000000e+00 0.000000000000000000e+00 0.000000000000000000e+00 0.000000000000000000e+00 0.000000000000000000e+00 0.000000000000000000e+00 0.000000000000000000e+00 0.000000000000000000e+00 0.000000000000000000e+00 0.000000000000000000e+00 0.000000000000000000e+00 0.000000000000000000e+00 0.000000000000000000e+00 0.000000000000000000e+00 0.000000000000000000e+00 0.000000000000000000e+00 0.000000000000000000e+00 0.000000000000000000e+00 0.000000000000000000e+00 0.000000000000000000e+00 0.000000000000000000e+00 0.000000000000000000e+00 0.000000000000000000e+00 0.000000000000000000e+00 0.000000000000000000e+00 0.000000000000000000e+00 0.000000000000000000e+00 0.000000000000000000e+00 0.000000000000000000e+00 0.000000000000000000e+00 0.000000000000000000e+00 0.000000000000000000e+00 0.000000000000000000e+00 0.000000000000000000e+00 0.000000000000000000e+00 0.000000000000000000e+00 0.000000000000000000e+00 0.000000000000000000e+00 0.000000000000000000e+00 0.000000000000000000e+00 0.000000000000000000e+00 0.000000000000000000e+00
