0.0090931351823043959914372180719510652124881744384765625000000000 0.0454363246981447990724412022700562374666333198547363281250000000 0.5161098214304036257971119994181208312511444091796875000000000000 -0.0001110111338526129244998544298717035871959524229168891906738281 0.0472096011089386813353030447615310549736022949218750000000000000 0.0154871382912476381055189023072671261616051197052001953125000000 0.0143743057434328226629194347196971648372709751129150390625000000 0.0184972948771948419999233692578854970633983612060546875000000000 0.0087993349243729000741520707151721580885350704193115234375000000 0.0571086636341518461001953710365341976284980773925781250000000000 0.0180669848877473109005631357604215736500918865203857421875000000
0.0454363246981447990724412022700562374666333198547363281250000000 48.1322229268265147084093769080936908721923828125000000000000000000 543.2913580217556273055379278957843780517578125000000000000000000000 -0.0715132909276088302163998378091491758823394775390625000000000000 49.6959508095687922946126491297036409378051757812500000000000000000 11.6829718823388777337868305039592087268829345703125000000000000000 14.7758291101516867627196916146203875541687011718750000000000000000 13.2808193885778766940575223998166620731353759765625000000000000000 10.1320407482701781987088907044380903244018554687500000000000000000 60.4971231135774587528430856764316558837890625000000000000000000000 18.5716573726707245839406823506578803062438964843750000000000000000
0.5161098214304036257971119994181208312511444091796875000000000000 543.2913580217556273055379278957843780517578125000000000000000000000 6342.1890637726028217002749443054199218750000000000000000000000000000 -0.9619090722288983208443369221640750765800476074218750000000000000 580.1327613343102029830333776772022247314453125000000000000000000000 135.5299747269332328869495540857315063476562500000000000000000000000 194.3005848962398260937334271147847175598144531250000000000000000000 173.4595648535663201528222998604178428649902343750000000000000000000 87.8487677347609832168018328957259654998779296875000000000000000000 682.8598841726480941360932774841785430908203125000000000000000000000 244.2153237630021180848416406661272048950195312500000000000000000000
-0.0001110111338526129244998544298717035871959524229168891906738281 -0.0715132909276088302163998378091491758823394775390625000000000000 -0.9619090722288983208443369221640750765800476074218750000000000000 0.0002978344642748707946783293110115664603654295206069946289062500 -0.0879877532210830010095392594848817680031061172485351562500000000 -0.0281782584325106187639331523087093955837190151214599609375000000 -0.0422454678204623526593941562623513163998723030090332031250000000 -0.0364753445318741209568713657063199207186698913574218750000000000 0.0158625052004427273544262533278015325777232646942138671875000000 -0.0898846573548411909015953824564348906278610229492187500000000000 -0.0530980933835230942130500864095665747299790382385253906250000000
0.0472096011089386813353030447615310549736022949218750000000000000 49.6959508095687922946126491297036409378051757812500000000000000000 580.1327613343102029830333776772022247314453125000000000000000000000 -0.0879877532210830010095392594848817680031061172485351562500000000 53.0659079048607082995658856816589832305908203125000000000000000000 12.3971987733735797831968739046715199947357177734375000000000000000 17.7730644279589604650482215220108628273010253906250000000000000000 15.8666945003510431178028738941065967082977294921875000000000000000 8.0357030819052592818252378492616117000579833984375000000000000000 62.4625639863626531678164610639214515686035156250000000000000000000 22.3388657623062627521903777960687875747680664062500000000000000000
0.0154871382912476381055189023072671261616051197052001953125000000 11.6829718823388777337868305039592087268829345703125000000000000000 135.5299747269332328869495540857315063476562500000000000000000000000 -0.0281782584325106187639331523087093955837190151214599609375000000 12.3971987733735797831968739046715199947357177734375000000000000000 4.4285147983213466460483687114901840686798095703125000000000000000 4.0663853230798370219645221368409693241119384765625000000000000000 3.1849073210763383379173774301307275891304016113281250000000000000 0.7784837328520168853174254763871431350708007812500000000000000000 14.6842623365394491230517814983613789081573486328125000000000000000 5.1110170808357695548806987062562257051467895507812500000000000000
0.0143743057434328226629194347196971648372709751129150390625000000 14.7758291101516867627196916146203875541687011718750000000000000000 194.3005848962398260937334271147847175598144531250000000000000000000 -0.0422454678204623526593941562623513163998723030090332031250000000 17.7730644279589604650482215220108628273010253906250000000000000000 4.0663853230798370219645221368409693241119384765625000000000000000 8.1454804287741495727459550835192203521728515625000000000000000000 7.1663129642426293131052261742297559976577758789062500000000000000 -0.3676854198229497217020877997128991410136222839355468750000000000 18.5716573726707210312270035501569509506225585937500000000000000000 10.2380090167025166181247186614200472831726074218750000000000000000
0.0184972948771948419999233692578854970633983612060546875000000000 13.2808193885778766940575223998166620731353759765625000000000000000 173.4595648535663201528222998604178428649902343750000000000000000000 -0.0364753445318741209568713657063199207186698913574218750000000000 15.8666945003510431178028738941065967082977294921875000000000000000 3.1849073210763383379173774301307275891304016113281250000000000000 7.1663129642426293131052261742297559976577758789062500000000000000 7.0858907946292655211095734557602554559707641601562500000000000000 -0.6194720891165866882843715757189784198999404907226562500000000000 16.6925879742025848884168226504698395729064941406250000000000000000 9.0072988801557745119907849584706127643585205078125000000000000000
0.0087993349243729000741520707151721580885350704193115234375000000 10.1320407482701781987088907044380903244018554687500000000000000000 87.8487677347609832168018328957259654998779296875000000000000000000 0.0158625052004427273544262533278015325777232646942138671875000000 8.0357030819052592818252378492616117000579833984375000000000000000 0.7784837328520168853174254763871431350708007812500000000000000000 -0.3676854198229497217020877997128991410136222839355468750000000000 -0.6194720891165866882843715757189784198999404907226562500000000000 7.7276774672847539093822888389695435762405395507812500000000000000 12.7349056259409003644123004050925374031066894531250000000000000000 -0.4621417577973266910262850615254137665033340454101562500000000000
0.0571086636341518461001953710365341976284980773925781250000000000 60.4971231135774587528430856764316558837890625000000000000000000000 682.8598841726480941360932774841785430908203125000000000000000000000 -0.0898846573548411909015953824564348906278610229492187500000000000 62.4625639863626531678164610639214515686035156250000000000000000000 14.6842623365394491230517814983613789081573486328125000000000000000 18.5716573726707210312270035501569509506225585937500000000000000000 16.6925879742025848884168226504698395729064941406250000000000000000 12.7349056259409003644123004050925374031066894531250000000000000000 76.0384973406142279372943448834121227264404296875000000000000000000 23.3426127898912838531941815745085477828979492187500000000000000000
0.0180669848877473109005631357604215736500918865203857421875000000 18.5716573726707245839406823506578803062438964843750000000000000000 244.2153237630021180848416406661272048950195312500000000000000000000 -0.0530980933835230942130500864095665747299790382385253906250000000 22.3388657623062627521903777960687875747680664062500000000000000000 5.1110170808357695548806987062562257051467895507812500000000000000 10.2380090167025166181247186614200472831726074218750000000000000000 9.0072988801557745119907849584706127643585205078125000000000000000 -0.4621417577973266910262850615254137665033340454101562500000000000 23.3426127898912838531941815745085477828979492187500000000000000000 12.8680965527599155961979704443365335464477539062500000000000000000
