1.126317877568597581e+00 2.166551135031551834e+00 1.275778823504204773e+01 -1.726945204573342510e-02 2.476102861716269032e+00 1.570023515188286645e+00 5.452624680036777249e-01 1.834589358091441413e+00 9.262456896756615654e-02 3.346171428804795678e+00 8.421410702623111089e-01
2.166551135031551834e+00 8.286272968343913817e+03 4.937470051389768923e+04 -2.394756198938384273e+01 9.582917899753221718e+03 3.790607632646507682e+03 2.209994862002936770e+03 1.583237425503234135e+03 1.098302398689149868e+03 1.279789311667740185e+04 3.413268925652164853e+03
1.275778823504204773e+01 4.937470051389768923e+04 3.058005678328522481e+05 -1.746274612460051969e+02 5.935148375057566591e+04 2.334423821343606687e+04 1.565551268172292112e+04 1.196928802088489647e+04 2.129750025686702429e+03 7.625770261960227799e+04 2.417945664509297058e+04
-1.726945204573342510e-02 -2.394756198938384273e+01 -1.746274612460051969e+02 1.938657644723446594e-01 -3.389267391488836267e+01 -1.516638272731536041e+01 -1.323581366400075687e+01 -1.163871251252021821e+01 1.372746894231353032e+01 -3.698627113974900027e+01 -2.044230611654520047e+01
2.476102861716269032e+00 9.582917899753221718e+03 5.935148375057566591e+04 -3.389267391488836267e+01 1.151926776447409247e+04 4.530780255946510806e+03 3.038509421748652130e+03 2.323066332125992176e+03 4.133537911264559739e+02 1.480052123499466688e+04 4.692884118362361733e+03
1.570023515188286645e+00 3.790607632646507682e+03 2.334423821343606687e+04 -1.516638272731536041e+01 4.530780255946510806e+03 1.995496218135132267e+03 1.173434581778203210e+03 8.355233373775827204e+02 -5.023628329623034006e+01 5.854476616351085795e+03 1.812333532141877868e+03
5.452624680036777249e-01 2.209994862002936770e+03 1.565551268172292112e+04 -1.323581366400075687e+01 3.038509421748652130e+03 1.173434581778203210e+03 1.122818321958983233e+03 9.660351221539643802e+02 -6.538995439219207810e+02 3.413268925652164853e+03 1.734158279455046113e+03
1.834589358091441413e+00 1.583237425503234135e+03 1.196928802088489647e+04 -1.163871251252021821e+01 2.323066332125992176e+03 8.355233373775827204e+02 9.660351221539643802e+02 1.038328541849940393e+03 -9.105748833456436842e+02 2.445261389206135846e+03 1.492011461306437241e+03
9.262456896756615654e-02 1.098302398689149868e+03 2.129750025686702429e+03 1.372746894231353032e+01 4.133537911264559739e+02 -5.023628329623034006e+01 -6.538995439219207810e+02 -9.105748833456436842e+02 2.584224696584407866e+03 1.696294191841395786e+03 -1.009927684512349174e+03
3.346171428804795678e+00 1.279789311667740185e+04 7.625770261960227799e+04 -3.698627113974900027e+01 1.480052123499466688e+04 5.854476616351085795e+03 3.413268925652164853e+03 2.445261389206135846e+03 1.696294191841395786e+03 1.976595133320027526e+04 5.271688617530912779e+03
8.421410702623111089e-01 3.413268925652164853e+03 2.417945664509297058e+04 -2.044230611654520047e+01 4.692884118362361733e+03 1.812333532141877868e+03 1.734158279455046113e+03 1.492011461306437241e+03 -1.009927684512349174e+03 5.271688617530912779e+03 2.678353994932710975e+03
