3.369733338224324970e-01 1.327379724137264017e+00 1.431726546339404393e+01 -3.853578214653386510e-03 1.359328673062252912e+00 5.755687313605483135e-01 3.814433047656471398e-01 6.789900401975288435e-01 2.582940027954277462e-01 1.679762606220375876e+00 4.827060321076581673e-01
1.327379724137264017e+00 2.554036884483291033e+03 2.674665350287771435e+04 -4.179676094027832356e+00 2.539416001462036093e+03 8.170096253961770572e+02 6.261239383538933225e+02 5.230258610954093683e+02 5.022457168250696782e+02 3.232063572653288702e+03 7.923426577800744326e+02
1.431726546339404393e+01 2.674665350287771435e+04 2.893283997514274670e+05 -5.340610344937017118e+01 2.746979796658035048e+04 8.824007868194741604e+03 7.798534478297558053e+03 6.467467066009791779e+03 3.828153430522492727e+03 3.384715585049965739e+04 9.868831323665697710e+03
-3.853578214653386510e-03 -4.179676094027832356e+00 -5.340610344937017118e+01 2.039948649987851151e-02 -5.070552608029106345e+00 -1.905372694577825543e+00 -2.320838256661936772e+00 -1.902599200151505521e+00 1.175587786988749217e+00 -5.289265370860196214e+00 -2.936957110114234659e+00
1.359328673062252912e+00 2.539416001462036093e+03 2.746979796658035048e+04 -5.070552608029106345e+00 2.608073735495850087e+03 8.377805759927962299e+02 7.404187308895109254e+02 6.140427756536699917e+02 3.634575845712689102e+02 3.213561246512222169e+03 9.369795805052804099e+02
5.755687313605483135e-01 8.170096253961770572e+02 8.824007868194741604e+03 -1.905372694577825543e+00 8.377805759927962299e+02 3.178799278872834293e+02 2.363478518746750865e+02 1.800441917916502064e+02 8.060718334801509855e+01 1.033903255192933557e+03 2.990917191368345698e+02
3.814433047656471398e-01 6.261239383538933225e+02 7.798534478297558053e+03 -2.320838256661936772e+00 7.404187308895109254e+02 2.363478518746750865e+02 3.205179679178260699e+02 2.614246595287203263e+02 -6.944957387440165064e+01 7.923426577800745463e+02 4.056066906401164260e+02
6.789900401975288435e-01 5.230258610954093683e+02 6.467467066009791779e+03 -1.902599200151505521e+00 6.140427756536699917e+02 1.800441917916502064e+02 2.614246595287203263e+02 2.509317774431071655e+02 -7.964370558609242323e+01 6.618748709042579321e+02 3.308257309005175557e+02
2.582940027954277462e-01 5.022457168250696782e+02 3.828153430522492727e+03 1.175587786988749217e+00 3.634575845712689102e+02 8.060718334801509855e+01 -6.944957387440165064e+01 -7.964370558609242323e+01 4.196980068789272309e+02 6.355781687153884150e+02 -8.788652944656233501e+01
1.679762606220375876e+00 3.232063572653288702e+03 3.384715585049965739e+04 -5.289265370860196214e+00 3.213561246512222169e+03 1.033903255192933557e+03 7.923426577800745463e+02 6.618748709042579321e+02 6.355781687153884150e+02 4.090087735669379526e+03 1.002687884747744079e+03
4.827060321076581673e-01 7.923426577800744326e+02 9.868831323665697710e+03 -2.936957110114234659e+00 9.369795805052804099e+02 2.990917191368345698e+02 4.056066906401164260e+02 3.308257309005175557e+02 -8.788652944656233501e+01 1.002687884747744079e+03 5.132841336814094575e+02
