3.1371025743862359647096127446275204420089721679687500000000000000 7.6086732714539966337952137109823524951934814453125000000000000000 38.7953500858913287174800643697381019592285156250000000000000000000 -0.0019306207092159566578865037556056449830066412687301635742187500 9.4449213765837800593772044521756470203399658203125000000000000000 0.8162464763698829006699497767840512096881866455078125000000000000 2.1001501613324911055258326086914166808128356933593750000000000000 3.2227784327990329771296273975167423486709594726562500000000000000 5.4590977388601249487010136363096535205841064453125000000000000000 12.9896255217587288655067823128774762153625488281250000000000000000 3.5854035469651628353915384650463238358497619628906250000000000000
7.6086732714539966337952137109823524951934814453125000000000000000 7256.1670178673766713473014533519744873046875000000000000000000000000 42931.3844081060960888862609863281250000000000000000000000000000000000 -20.3693456521253821733807853888720273971557617187500000000000000000 10451.8595508155704010277986526489257812500000000000000000000000000000 1170.9298226235714537324383854866027832031250000000000000000000000000 3483.8375405897977543645538389682769775390625000000000000000000000000 4611.9121859489705457235686480998992919921875000000000000000000000000 530.8498906628919939976185560226440429687500000000000000000000000000 12387.8222815870758495293557643890380859375000000000000000000000000000 5947.6525560228801623452454805374145507812500000000000000000000000000
38.7953500858913287174800643697381019592285156250000000000000000000 42931.3844081060960888862609863281250000000000000000000000000000000000 266501.5675727780326269567012786865234375000000000000000000000000000000 -148.6984349399026257287914631888270378112792968750000000000000000000 64881.1351589428159059025347232818603515625000000000000000000000000000 8807.7974735724237689282745122909545898437500000000000000000000000000 23731.3801990702340845018625259399414062500000000000000000000000000000 30966.3115377489048114512115716934204101562500000000000000000000000000 -2144.1366213959781816811300814151763916015625000000000000000000000000 73293.0153124318749178200960159301757812500000000000000000000000000000 40514.5195361364239943213760852813720703125000000000000000000000000000
-0.0019306207092159566578865037556056449830066412687301635742187500 -20.3693456521253821733807853888720273971557617187500000000000000000 -148.6984349399026257287914631888270378112792968750000000000000000000 0.1925038252854291975779688073089346289634704589843750000000000000 -36.2013752606705310199686209671199321746826171875000000000000000000 -11.7064844489900270474436183576472103595733642578125000000000000000 -16.8141257712980305427663552109152078628540039062500000000000000000 -22.7896209117184902481767494464293122291564941406250000000000000000 21.3498732023756296882766037015244364738464355468750000000000000000 -34.7748106278994200124543567653745412826538085937500000000000000000 -28.7052932164054332986324880039319396018981933593750000000000000000
9.4449213765837800593772044521756470203399658203125000000000000000 10451.8595508155704010277986526489257812500000000000000000000000000000 64881.1351589428159059025347232818603515625000000000000000000000000000 -36.2013752606705310199686209671199321746826171875000000000000000000 15795.6357925115371472202241420745849609375000000000000000000000000000 2144.3022025729337656230200082063674926757812500000000000000000000000 5777.5228124452132760779932141304016113281250000000000000000000000000 7538.9029136046256098779849708080291748046875000000000000000000000000 -522.0007491852416023903060704469680786132812500000000000000000000000 17843.5499498281133128330111503601074218750000000000000000000000000000 9863.4617494542599160922691226005554199218750000000000000000000000000
0.8162464763698829006699497767840512096881866455078125000000000000 1170.9298226235714537324383854866027832031250000000000000000000000000 8807.7974735724237689282745122909545898437500000000000000000000000000 -11.7064844489900270474436183576472103595733642578125000000000000000 2144.3022025729337656230200082063674926757812500000000000000000000000 960.7260620125817922598798759281635284423828125000000000000000000000 1031.4254379568385502352612093091011047363281250000000000000000000000 1269.2167543261434730084147304296493530273437500000000000000000000000 -1390.1574569447125213628169149160385131835937500000000000000000000000 1999.0265537099296579981455579400062561035156250000000000000000000000 1760.8628619842174884979613125324249267578125000000000000000000000000
2.1001501613324911055258326086914166808128356933593750000000000000 3483.8375405897977543645538389682769775390625000000000000000000000000 23731.3801990702340845018625259399414062500000000000000000000000000000 -16.8141257712980305427663552109152078628540039062500000000000000000 5777.5228124452132760779932141304016113281250000000000000000000000000 1031.4254379568385502352612093091011047363281250000000000000000000000 2451.2012783524128280987497419118881225585937500000000000000000000000 3132.7489054835473325510974973440170288085937500000000000000000000000 -1064.2539876582443412189604714512825012207031250000000000000000000000 5947.6525560228801623452454805374145507812500000000000000000000000000 4184.7225591498563517234288156032562255859375000000000000000000000000
3.2227784327990329771296273975167423486709594726562500000000000000 4611.9121859489705457235686480998992919921875000000000000000000000000 30966.3115377489048114512115716934204101562500000000000000000000000000 -22.7896209117184902481767494464293122291564941406250000000000000000 7538.9029136046256098779849708080291748046875000000000000000000000000 1269.2167543261434730084147304296493530273437500000000000000000000000 3132.7489054835473325510974973440170288085937500000000000000000000000 4311.0587793004224295145832002162933349609375000000000000000000000000 -1636.3800758240790855779778212308883666992187500000000000000000000000 7873.5161962428001061198301613330841064453125000000000000000000000000 5348.2694924754450767068192362785339355468750000000000000000000000000
5.4590977388601249487010136363096535205841064453125000000000000000 530.8498906628919939976185560226440429687500000000000000000000000000 -2144.1366213959781816811300814151763916015625000000000000000000000000 21.3498732023756296882766037015244364738464355468750000000000000000 -522.0007491852416023903060704469680786132812500000000000000000000000 -1390.1574569447125213628169149160385131835937500000000000000000000000 -1064.2539876582443412189604714512825012207031250000000000000000000000 -1636.3800758240790855779778212308883666992187500000000000000000000000 4156.9354103625482821371406316757202148437500000000000000000000000000 906.2738064792475825015571899712085723876953125000000000000000000000 -1816.9081870796683233493240550160408020019531250000000000000000000000
12.9896255217587288655067823128774762153625488281250000000000000000 12387.8222815870758495293557643890380859375000000000000000000000000000 73293.0153124318749178200960159301757812500000000000000000000000000000 -34.7748106278994200124543567653745412826538085937500000000000000000 17843.5499498281133128330111503601074218750000000000000000000000000000 1999.0265537099296579981455579400062561035156250000000000000000000000 5947.6525560228801623452454805374145507812500000000000000000000000000 7873.5161962428001061198301613330841064453125000000000000000000000000 906.2738064792475825015571899712085723876953125000000000000000000000 21148.6505895349946513306349515914916992187500000000000000000000000000 10153.9094504322802094975486397743225097656250000000000000000000000000
3.5854035469651628353915384650463238358497619628906250000000000000 5947.6525560228801623452454805374145507812500000000000000000000000000 40514.5195361364239943213760852813720703125000000000000000000000000000 -28.7052932164054332986324880039319396018981933593750000000000000000 9863.4617494542599160922691226005554199218750000000000000000000000000 1760.8628619842174884979613125324249267578125000000000000000000000000 4184.7225591498563517234288156032562255859375000000000000000000000000 5348.2694924754450767068192362785339355468750000000000000000000000000 -1816.9081870796683233493240550160408020019531250000000000000000000000 10153.9094504322802094975486397743225097656250000000000000000000000000 7144.2125343653697200352326035499572753906250000000000000000000000000
