# A b_HI Tb sigma_NL sigma8tot n_s f DA H omegak omegaDE w0 wa h gamma sigma_8 fs8 bs8 pk0 pk1 pk2 pk3 pk4 pk5 pk6 pk7 pk8 pk9 pk10 pk11 pk12 pk13 pk14 pk15 pk16 pk17 pk18 pk19 pk20 pk21 pk22 pk23 pk24 pk25 pk26 pk27 pk28 pk29 pk30 pk31 pk32 pk33 pk34 pk35 pk36 pk37 pk38 pk39 pk40 pk41 pk42 pk43 pk44 pk45 pk46 pk47 pk48 pk49 pk50 pk51 pk52 pk53 pk54 pk55 pk56 pk57 pk58 pk59 pk60 pk61 pk62 pk63 pk64 pk65 pk66 pk67 pk68 pk69 pk70 pk71 pk72 pk73 pk74 pk75 pk76 pk77 pk78 pk79 pk80 pk81 pk82 pk83 pk84 pk85 pk86 pk87 pk88 pk89
5.650965815304794582e+00 -4.926218922505553266e+00 -4.025602656802423951e+01 4.605991256199361977e-02 -7.357749885698728676e+00 -4.244180419278237970e+00 -3.282399344806234076e+00 -2.124598519543761554e+00 9.980929478633971286e+00 3.016901832520684223e+00 -7.058796015135469837e+00 3.094420793961134120e+00 4.844455734399482627e-01 1.653729231936607391e+01 1.322597493457570383e+00 -4.365391670835536253e+00 -7.435389086028458827e+00 -4.954289821116198311e+00 0.000000000000000000e+00 0.000000000000000000e+00 0.000000000000000000e+00 0.000000000000000000e+00 0.000000000000000000e+00 0.000000000000000000e+00 -1.836413665372014409e-25 1.716425766189632330e-20 1.958576692139177633e-19 -1.462575301680785625e-18 2.104580568913612020e-18 -9.666937567556793708e-18 -5.073521894801206591e-17 5.211389942980819891e-17 4.729706559096922239e-17 -3.466050304254242263e-17 -3.801692860438345581e-16 -2.715331131322893490e-16 -5.150450329099349856e-16 5.150311996056451695e-16 -2.823414204438907981e-15 -8.801940148070361200e-16 -7.284450467179462132e-16 -3.284377853714870176e-15 -6.985117132421598584e-15 -5.506532288227365988e-15 -2.197456089626496911e-02 -4.922049967941137805e-01 -1.250031022252788171e+00 -1.566156666587937396e+00 -3.512517712592487240e-01 3.007560021107637205e+00 6.883752344784442201e+00 5.686043369609741660e+00 -6.035022149471402919e+00 -1.714218739699783356e+01 6.220717688720653893e-01 2.609537865114733179e+01 -4.332163027668995525e+00 -2.780557969484701530e+01 2.135318553271968867e+01 -5.272608196265647251e+00 -3.743737401510732532e+00 1.296209271096493643e+00 0.000000000000000000e+00 0.000000000000000000e+00 0.000000000000000000e+00 0.000000000000000000e+00 0.000000000000000000e+00 0.000000000000000000e+00 0.000000000000000000e+00 0.000000000000000000e+00 0.000000000000000000e+00 0.000000000000000000e+00 0.000000000000000000e+00 0.000000000000000000e+00 0.000000000000000000e+00 0.000000000000000000e+00 0.000000000000000000e+00 0.000000000000000000e+00 0.000000000000000000e+00 0.000000000000000000e+00 0.000000000000000000e+00 0.000000000000000000e+00 0.000000000000000000e+00 0.000000000000000000e+00 0.000000000000000000e+00 0.000000000000000000e+00 0.000000000000000000e+00 0.000000000000000000e+00 0.000000000000000000e+00 0.000000000000000000e+00 0.000000000000000000e+00 0.000000000000000000e+00 0.000000000000000000e+00 0.000000000000000000e+00 0.000000000000000000e+00 0.000000000000000000e+00 0.000000000000000000e+00 0.000000000000000000e+00 0.000000000000000000e+00 0.000000000000000000e+00 0.000000000000000000e+00 0.000000000000000000e+00 0.000000000000000000e+00 0.000000000000000000e+00 0.000000000000000000e+00 0.000000000000000000e+00 0.000000000000000000e+00 0.000000000000000000e+00
-4.926218922505553266e+00 2.693574132290501075e+04 1.769805704171695688e+05 -8.217601607877067238e+01 3.234742429328979051e+04 9.689135839947883142e+03 9.051674300606135148e+03 -7.091429457540552903e+03 2.238284158610994382e+03 2.747681675130141957e+04 2.500776409099649300e+03 -2.633903021042470300e+03 -5.264029916804128106e+02 1.567345391617445421e+04 -7.231741934030032098e+03 2.386923169037409025e+04 4.065546420225862676e+04 1.366214562603723425e+04 0.000000000000000000e+00 0.000000000000000000e+00 0.000000000000000000e+00 0.000000000000000000e+00 0.000000000000000000e+00 0.000000000000000000e+00 3.019095729972028113e-10 3.075878670418772136e-05 7.351324791140535471e-04 3.767587442011749010e-03 1.141487362497620867e-02 2.720835611089352651e-02 5.578983687661935587e-02 1.037704370806842719e-01 1.810746848950834098e-01 3.046796079589577100e-01 4.924242864933194852e-01 7.774045519292746009e-01 1.206926789442518189e+00 1.848933737430999757e+00 2.791377899112351457e+00 4.173162087692017685e+00 6.232675216530724427e+00 9.204493538664522134e+00 1.352467845768754628e+01 1.978798190797156309e+01 2.892640212015518486e+01 4.201758526514048242e+01 6.082614377458386201e+01 8.816627602843621503e+01 1.273475255889325695e+02 1.831204307081340801e+02 2.619979739307347586e+02 3.737895889234962397e+02 5.239384210857014068e+02 7.269980838783785657e+02 1.002323210896422097e+03 1.343628376416532092e+03 1.670682978241891760e+03 1.906030775817803942e+03 1.986630119319782807e+03 1.713526893862804172e+03 1.267467001665400176e+03 1.230782568912366202e+02 0.000000000000000000e+00 0.000000000000000000e+00 0.000000000000000000e+00 0.000000000000000000e+00 0.000000000000000000e+00 0.000000000000000000e+00 0.000000000000000000e+00 0.000000000000000000e+00 0.000000000000000000e+00 0.000000000000000000e+00 0.000000000000000000e+00 0.000000000000000000e+00 0.000000000000000000e+00 0.000000000000000000e+00 0.000000000000000000e+00 0.000000000000000000e+00 0.000000000000000000e+00 0.000000000000000000e+00 0.000000000000000000e+00 0.000000000000000000e+00 0.000000000000000000e+00 0.000000000000000000e+00 0.000000000000000000e+00 0.000000000000000000e+00 0.000000000000000000e+00 0.000000000000000000e+00 0.000000000000000000e+00 0.000000000000000000e+00 0.000000000000000000e+00 0.000000000000000000e+00 0.000000000000000000e+00 0.000000000000000000e+00 0.000000000000000000e+00 0.000000000000000000e+00 0.000000000000000000e+00 0.000000000000000000e+00 0.000000000000000000e+00 0.000000000000000000e+00 0.000000000000000000e+00 0.000000000000000000e+00 0.000000000000000000e+00 0.000000000000000000e+00 0.000000000000000000e+00 0.000000000000000000e+00 0.000000000000000000e+00 0.000000000000000000e+00
-4.025602656802423951e+01 1.769805704171695688e+05 1.217255421559378738e+06 -6.721762771711170217e+02 2.224824877763453405e+05 6.880620162706254632e+04 7.069548492748441640e+04 -5.590423499544746301e+04 -8.401477376063050542e+03 1.745534193516004598e+05 2.491849459467420456e+04 -2.022469506477535469e+04 -4.013430529262157961e+03 9.043146696054810309e+04 -4.751596762276769005e+04 1.568321506113420182e+05 2.671256439106071484e+05 1.067042381449734094e+05 0.000000000000000000e+00 0.000000000000000000e+00 0.000000000000000000e+00 0.000000000000000000e+00 0.000000000000000000e+00 0.000000000000000000e+00 2.942288024643774640e-09 2.836164817519051763e-04 6.413329654845846550e-03 3.129377791196608083e-02 9.102743066023068208e-02 2.096730414488992555e-01 4.179003388846799227e-01 7.591809170228120962e-01 1.298720292733771986e+00 2.147214702035154410e+00 3.419673968737375613e+00 5.328977901910733728e+00 8.181987525674021100e+00 1.241227119718464422e+01 1.858294084008139890e+01 2.758193990949933649e+01 4.092382276104964944e+01 6.011057004998612285e+01 8.789242640782278215e+01 1.280851227711818865e+02 1.865740066718385037e+02 2.701844618230774699e+02 3.901316083785385445e+02 5.643097411887913495e+02 8.136675320766693176e+02 1.168468287692153126e+03 1.670582404985624407e+03 2.382744286897904203e+03 3.344295116812654214e+03 4.651202331644106380e+03 6.436377669267186320e+03 8.688475760042045295e+03 1.096947680104757455e+04 1.285297413539486115e+04 1.395962528417555586e+04 1.282962975106610793e+04 1.019154715581543314e+04 1.023603374629475070e+03 0.000000000000000000e+00 0.000000000000000000e+00 0.000000000000000000e+00 0.000000000000000000e+00 0.000000000000000000e+00 0.000000000000000000e+00 0.000000000000000000e+00 0.000000000000000000e+00 0.000000000000000000e+00 0.000000000000000000e+00 0.000000000000000000e+00 0.000000000000000000e+00 0.000000000000000000e+00 0.000000000000000000e+00 0.000000000000000000e+00 0.000000000000000000e+00 0.000000000000000000e+00 0.000000000000000000e+00 0.000000000000000000e+00 0.000000000000000000e+00 0.000000000000000000e+00 0.000000000000000000e+00 0.000000000000000000e+00 0.000000000000000000e+00 0.000000000000000000e+00 0.000000000000000000e+00 0.000000000000000000e+00 0.000000000000000000e+00 0.000000000000000000e+00 0.000000000000000000e+00 0.000000000000000000e+00 0.000000000000000000e+00 0.000000000000000000e+00 0.000000000000000000e+00 0.000000000000000000e+00 0.000000000000000000e+00 0.000000000000000000e+00 0.000000000000000000e+00 0.000000000000000000e+00 0.000000000000000000e+00 0.000000000000000000e+00 0.000000000000000000e+00 0.000000000000000000e+00 0.000000000000000000e+00 0.000000000000000000e+00 0.000000000000000000e+00
4.605991256199361977e-02 -8.217601607877067238e+01 -6.721762771711170217e+02 7.304006112645348159e-01 -1.228562614884006052e+02 -5.065793523173695689e+01 -5.488916797188493035e+01 4.583379319300768628e+01 7.517823342829080957e+01 -5.637662173494179285e+01 -4.098600054174006857e+01 1.990475374116774887e+01 3.735797849522863867e+00 1.271464526096857739e+01 2.206272084084150364e+01 -7.282065652702588920e+01 -1.240323791323956470e+02 -8.284697186615456133e+01 0.000000000000000000e+00 0.000000000000000000e+00 0.000000000000000000e+00 0.000000000000000000e+00 0.000000000000000000e+00 0.000000000000000000e+00 -1.259720965699917342e-15 -1.274054203823733325e-10 -3.113790390511035220e-09 -1.695412778164816946e-08 -5.633797361267465310e-08 -1.516135316815260607e-07 -3.582584561927983480e-07 -7.787970681226629876e-07 -1.607511713119720159e-06 -3.241683287705993345e-06 -6.316919193791381280e-06 -1.207233655426350332e-05 -2.288851122309434937e-05 -4.305502710750867509e-05 -7.998620149058414876e-05 -1.475291398521056210e-04 -2.738703477075413130e-04 -5.033674903698881486e-04 -9.207297936666818680e-04 -1.684567583027551680e-03 -3.093666958161408412e-03 -5.638764254673772625e-03 -1.025100271418618973e-02 -1.877035859205873278e-02 -3.426199622648314069e-02 -6.224566172448585399e-02 -1.127780815847489598e-01 -2.051849656264523036e-01 -3.681921958139728335e-01 -6.565407675637812135e-01 -1.173681476960708014e+00 -2.072227615509192766e+00 -3.510851970625554763e+00 -5.708227782621176694e+00 -8.934550497503616739e+00 -1.225128004795122827e+01 -1.437684168182905253e+01 -1.731662112265846432e+00 0.000000000000000000e+00 0.000000000000000000e+00 0.000000000000000000e+00 0.000000000000000000e+00 0.000000000000000000e+00 0.000000000000000000e+00 0.000000000000000000e+00 0.000000000000000000e+00 0.000000000000000000e+00 0.000000000000000000e+00 0.000000000000000000e+00 0.000000000000000000e+00 0.000000000000000000e+00 0.000000000000000000e+00 0.000000000000000000e+00 0.000000000000000000e+00 0.000000000000000000e+00 0.000000000000000000e+00 0.000000000000000000e+00 0.000000000000000000e+00 0.000000000000000000e+00 0.000000000000000000e+00 0.000000000000000000e+00 0.000000000000000000e+00 0.000000000000000000e+00 0.000000000000000000e+00 0.000000000000000000e+00 0.000000000000000000e+00 0.000000000000000000e+00 0.000000000000000000e+00 0.000000000000000000e+00 0.000000000000000000e+00 0.000000000000000000e+00 0.000000000000000000e+00 0.000000000000000000e+00 0.000000000000000000e+00 0.000000000000000000e+00 0.000000000000000000e+00 0.000000000000000000e+00 0.000000000000000000e+00 0.000000000000000000e+00 0.000000000000000000e+00 0.000000000000000000e+00 0.000000000000000000e+00 0.000000000000000000e+00 0.000000000000000000e+00
-7.357749885698728676e+00 3.234742429328979051e+04 2.224824877763453405e+05 -1.228562614884006052e+02 4.066398595599688997e+04 1.257597595484026169e+04 1.292128758077139901e+04 -1.021783354481765309e+04 -1.535570558583878437e+03 3.190380449278394735e+04 4.554449765327330169e+03 -3.696545846363846977e+03 -7.335502416772123979e+02 1.652850945356472948e+04 -8.684677429713914535e+03 2.866481957141463499e+04 4.882358850368114508e+04 1.950274686668564027e+04 0.000000000000000000e+00 0.000000000000000000e+00 0.000000000000000000e+00 0.000000000000000000e+00 0.000000000000000000e+00 0.000000000000000000e+00 5.377733776192208140e-10 5.183768280424147718e-05 1.172189099566323415e-03 5.719684988427081555e-03 1.663743604709751536e-02 3.832275384029441151e-02 7.638126344800669210e-02 1.387584364793261194e-01 2.373721377908343810e-01 3.924547471612321869e-01 6.250270555164546549e-01 9.739979300346325308e-01 1.495453548553516532e+00 2.268638878902381695e+00 3.396476068272974214e+00 5.041257980927159821e+00 7.479805582243949758e+00 1.098664169369058818e+01 1.606443917814817368e+01 2.341061395706509884e+01 3.410085379252198123e+01 4.938266050021368159e+01 7.130586502629931545e+01 1.031410769444524504e+02 1.487171661370381628e+02 2.135654743689595421e+02 3.053388162530859518e+02 4.355034015825576148e+02 6.112497708111189922e+02 8.501182640613443482e+02 1.176401674426081627e+03 1.588026364756126213e+03 2.004933759239715982e+03 2.349187861742604582e+03 2.551454778217595504e+03 2.344921118207042582e+03 1.862748545092552149e+03 1.870879531529104725e+02 0.000000000000000000e+00 0.000000000000000000e+00 0.000000000000000000e+00 0.000000000000000000e+00 0.000000000000000000e+00 0.000000000000000000e+00 0.000000000000000000e+00 0.000000000000000000e+00 0.000000000000000000e+00 0.000000000000000000e+00 0.000000000000000000e+00 0.000000000000000000e+00 0.000000000000000000e+00 0.000000000000000000e+00 0.000000000000000000e+00 0.000000000000000000e+00 0.000000000000000000e+00 0.000000000000000000e+00 0.000000000000000000e+00 0.000000000000000000e+00 0.000000000000000000e+00 0.000000000000000000e+00 0.000000000000000000e+00 0.000000000000000000e+00 0.000000000000000000e+00 0.000000000000000000e+00 0.000000000000000000e+00 0.000000000000000000e+00 0.000000000000000000e+00 0.000000000000000000e+00 0.000000000000000000e+00 0.000000000000000000e+00 0.000000000000000000e+00 0.000000000000000000e+00 0.000000000000000000e+00 0.000000000000000000e+00 0.000000000000000000e+00 0.000000000000000000e+00 0.000000000000000000e+00 0.000000000000000000e+00 0.000000000000000000e+00 0.000000000000000000e+00 0.000000000000000000e+00 0.000000000000000000e+00 0.000000000000000000e+00 0.000000000000000000e+00
-4.244180419278237970e+00 9.689135839947883142e+03 6.880620162706254632e+04 -5.065793523173695689e+01 1.257597595484026169e+04 4.941613194463511718e+03 4.316932660813802613e+03 -3.197638651443789968e+03 -2.682221450177746647e+03 8.447477836180967643e+03 2.458027580414206568e+03 -1.517536632259427051e+03 -2.868986761678492030e+02 2.372313763979526357e+03 -2.601351457837191447e+03 8.586072514980658525e+03 1.462429827230530464e+04 6.515762798257681425e+03 0.000000000000000000e+00 0.000000000000000000e+00 0.000000000000000000e+00 0.000000000000000000e+00 0.000000000000000000e+00 0.000000000000000000e+00 -6.827372743100672851e-10 -6.404848763796012969e-05 -1.399857056969893007e-03 -6.566864309254590200e-03 -1.830859322516011425e-02 -4.027499406068386217e-02 -7.646733892553833623e-02 -1.320481040643768367e-01 -2.141544993989741019e-01 -3.342029928509637204e-01 -5.010742132201305710e-01 -7.324632465127404179e-01 -1.049564337210278753e+00 -1.477882701679352095e+00 -2.043263034022032354e+00 -2.782370465307255181e+00 -3.748792372589153210e+00 -4.956381120825358977e+00 -6.447008818332037983e+00 -8.223936060849432295e+00 -1.025421510944542369e+01 -1.238384015819052841e+01 -1.433496921624001175e+01 -1.552393107119357296e+01 -1.491187798598885905e+01 -1.076847347109400843e+01 -1.893432147903693075e-01 2.181990266753773611e+01 6.112540271540930803e+01 1.273106912192461095e+02 2.353098670526993317e+02 3.973058368004033696e+02 6.007036997881616571e+02 8.200731477380923025e+02 1.018720778386232951e+03 1.050787661791169057e+03 9.254551639946779460e+02 9.763579662463753550e+01 0.000000000000000000e+00 0.000000000000000000e+00 0.000000000000000000e+00 0.000000000000000000e+00 0.000000000000000000e+00 0.000000000000000000e+00 0.000000000000000000e+00 0.000000000000000000e+00 0.000000000000000000e+00 0.000000000000000000e+00 0.000000000000000000e+00 0.000000000000000000e+00 0.000000000000000000e+00 0.000000000000000000e+00 0.000000000000000000e+00 0.000000000000000000e+00 0.000000000000000000e+00 0.000000000000000000e+00 0.000000000000000000e+00 0.000000000000000000e+00 0.000000000000000000e+00 0.000000000000000000e+00 0.000000000000000000e+00 0.000000000000000000e+00 0.000000000000000000e+00 0.000000000000000000e+00 0.000000000000000000e+00 0.000000000000000000e+00 0.000000000000000000e+00 0.000000000000000000e+00 0.000000000000000000e+00 0.000000000000000000e+00 0.000000000000000000e+00 0.000000000000000000e+00 0.000000000000000000e+00 0.000000000000000000e+00 0.000000000000000000e+00 0.000000000000000000e+00 0.000000000000000000e+00 0.000000000000000000e+00 0.000000000000000000e+00 0.000000000000000000e+00 0.000000000000000000e+00 0.000000000000000000e+00 0.000000000000000000e+00 0.000000000000000000e+00
-3.282399344806234076e+00 9.051674300606135148e+03 7.069548492748441640e+04 -5.488916797188493035e+01 1.292128758077139901e+04 4.316932660813802613e+03 5.356218419474693292e+03 -4.303242092010147644e+03 -4.013776910206630873e+03 7.999681286539584107e+03 2.590831349504928767e+03 -1.487086436839928183e+03 -2.913036088613217771e+02 2.678517285535104293e+03 -2.430204976657222232e+03 8.021183025070387885e+03 1.366214562603723425e+04 8.084408875253723636e+03 0.000000000000000000e+00 0.000000000000000000e+00 0.000000000000000000e+00 0.000000000000000000e+00 0.000000000000000000e+00 0.000000000000000000e+00 2.991630446686704251e-10 2.714888840003199124e-05 5.735597141753812295e-04 2.614717553782630773e-03 7.141295445367235907e-03 1.551654726253494203e-02 2.933558238336261142e-02 5.082693639950083137e-02 8.332502995197844931e-02 1.323594529139565101e-01 2.034709489272080174e-01 3.068375997346463602e-01 4.575389479583555907e-01 6.757571802093037538e-01 9.880006368465449329e-01 1.435850070221125874e+00 2.088737245875778914e+00 3.017386085933961848e+00 4.344639092963666016e+00 6.251371620864114576e+00 9.001625895223130058e+00 1.290489493990759051e+01 1.847595906246322883e+01 2.653753237372945151e+01 3.803748224589178051e+01 5.437628345300372246e+01 7.755224287007204964e+01 1.105074150889335556e+02 1.558087237568082912e+02 2.184176724160564333e+02 3.060227222578367900e+02 4.226893307698124431e+02 5.598396185083169030e+02 7.084635554698431861e+02 8.545681903050439132e+02 8.998270381869186849e+02 8.103068339131643825e+02 8.568666366935248391e+01 0.000000000000000000e+00 0.000000000000000000e+00 0.000000000000000000e+00 0.000000000000000000e+00 0.000000000000000000e+00 0.000000000000000000e+00 0.000000000000000000e+00 0.000000000000000000e+00 0.000000000000000000e+00 0.000000000000000000e+00 0.000000000000000000e+00 0.000000000000000000e+00 0.000000000000000000e+00 0.000000000000000000e+00 0.000000000000000000e+00 0.000000000000000000e+00 0.000000000000000000e+00 0.000000000000000000e+00 0.000000000000000000e+00 0.000000000000000000e+00 0.000000000000000000e+00 0.000000000000000000e+00 0.000000000000000000e+00 0.000000000000000000e+00 0.000000000000000000e+00 0.000000000000000000e+00 0.000000000000000000e+00 0.000000000000000000e+00 0.000000000000000000e+00 0.000000000000000000e+00 0.000000000000000000e+00 0.000000000000000000e+00 0.000000000000000000e+00 0.000000000000000000e+00 0.000000000000000000e+00 0.000000000000000000e+00 0.000000000000000000e+00 0.000000000000000000e+00 0.000000000000000000e+00 0.000000000000000000e+00 0.000000000000000000e+00 0.000000000000000000e+00 0.000000000000000000e+00 0.000000000000000000e+00 0.000000000000000000e+00 0.000000000000000000e+00
-2.124598519543761554e+00 -7.091429457540552903e+03 -5.590423499544746301e+04 4.583379319300768628e+01 -1.021783354481765309e+04 -3.197638651443789968e+03 -4.303242092010147644e+03 4.026046690091988694e+03 4.175104769543992916e+03 -6.168966102665299331e+03 -2.320576527834786702e+03 1.254268720066758760e+03 2.485889078769257594e+02 -1.971951300465884287e+03 1.903915959302098145e+03 -6.284102995674445083e+03 -1.070344985117300712e+04 -6.495098936690516894e+03 -0.000000000000000000e+00 -0.000000000000000000e+00 -0.000000000000000000e+00 -0.000000000000000000e+00 -0.000000000000000000e+00 -0.000000000000000000e+00 -3.680889789572831823e-10 -3.342854787446489066e-05 -7.221911307270553314e-04 -3.425858178391762675e-03 -9.831510771845377444e-03 -2.253416712044885653e-02 -4.481743251441754755e-02 -8.132177056593604958e-02 -1.386853143990505466e-01 -2.279725032249096950e-01 -3.588675846770201794e-01 -5.507246989197921438e-01 -8.270689713785817077e-01 -1.214889226124377775e+00 -1.747293772230274156e+00 -2.464519728951152455e+00 -3.430795972212151934e+00 -4.663858027702206144e+00 -6.268386505962372013e+00 -8.384623999508068692e+00 -1.179248874897113097e+01 -1.864064776568868353e+01 -2.585466594738375790e+01 -3.560414771835650782e+01 -4.868078754966708743e+01 -6.545465210304064385e+01 -8.664855823123716050e+01 -1.144095385191729406e+02 -1.477586745643280324e+02 -1.934056918770918401e+02 -2.629056694844261983e+02 -3.562840341205077834e+02 -4.097824843052834467e+02 -4.658746518683081490e+02 -6.249665512281638939e+02 -6.526968692417223110e+02 -6.372348316462333742e+02 -7.314315508455757708e+01 -0.000000000000000000e+00 -0.000000000000000000e+00 -0.000000000000000000e+00 -0.000000000000000000e+00 -0.000000000000000000e+00 -0.000000000000000000e+00 -0.000000000000000000e+00 -0.000000000000000000e+00 -0.000000000000000000e+00 -0.000000000000000000e+00 -0.000000000000000000e+00 -0.000000000000000000e+00 -0.000000000000000000e+00 -0.000000000000000000e+00 -0.000000000000000000e+00 -0.000000000000000000e+00 -0.000000000000000000e+00 -0.000000000000000000e+00 -0.000000000000000000e+00 -0.000000000000000000e+00 -0.000000000000000000e+00 -0.000000000000000000e+00 -0.000000000000000000e+00 -0.000000000000000000e+00 -0.000000000000000000e+00 -0.000000000000000000e+00 -0.000000000000000000e+00 -0.000000000000000000e+00 -0.000000000000000000e+00 -0.000000000000000000e+00 -0.000000000000000000e+00 -0.000000000000000000e+00 -0.000000000000000000e+00 -0.000000000000000000e+00 -0.000000000000000000e+00 -0.000000000000000000e+00 -0.000000000000000000e+00 -0.000000000000000000e+00 -0.000000000000000000e+00 -0.000000000000000000e+00 -0.000000000000000000e+00 -0.000000000000000000e+00 -0.000000000000000000e+00 -0.000000000000000000e+00 -0.000000000000000000e+00 -0.000000000000000000e+00
9.980929478633971286e+00 2.238284158610994382e+03 -8.401477376063050542e+03 7.517823342829080957e+01 -1.535570558583878437e+03 -2.682221450177746647e+03 -4.013776910206630873e+03 4.175104769543992916e+03 1.497463526237583756e+04 6.951718261180401896e+03 -5.660920990940196134e+03 1.853106680189527879e+03 3.330367863281463769e+02 1.149400637874881068e+04 -6.009373648215793082e+02 1.983465854171555975e+03 3.378354447126748710e+03 -6.058194631903261325e+03 0.000000000000000000e+00 0.000000000000000000e+00 0.000000000000000000e+00 0.000000000000000000e+00 0.000000000000000000e+00 0.000000000000000000e+00 4.713146524478566986e-10 4.788457697972250829e-05 1.117148775861448104e-03 5.502805381824684219e-03 1.592468633025713107e-02 3.612475225435018283e-02 7.039193016483322185e-02 1.246367482727990944e-01 2.072912552363556093e-01 3.324381969499546896e-01 5.123332072369625179e-01 7.720168249874022059e-01 1.143597622740476494e+00 1.665970160354302454e+00 2.389554673388866401e+00 3.383489852362992156e+00 4.762199139046079388e+00 6.603091217203319374e+00 9.106747845988836687e+00 1.254791017628026673e+01 1.779887929068763341e+01 2.685257215971643063e+01 3.757109549488108513e+01 5.233565039368112792e+01 7.238306565692883510e+01 9.876254608286311054e+01 1.327728060936264285e+02 1.765528718000692834e+02 2.270893454608963680e+02 2.865149864086880598e+02 3.559649316792539935e+02 4.105131576264095088e+02 3.353909791930559550e+02 9.008016970867605266e+01 -2.771924145349751143e+02 -9.859028137735300561e+02 -1.548228202969643462e+03 -1.933844277357351018e+02 0.000000000000000000e+00 0.000000000000000000e+00 0.000000000000000000e+00 0.000000000000000000e+00 0.000000000000000000e+00 0.000000000000000000e+00 0.000000000000000000e+00 0.000000000000000000e+00 0.000000000000000000e+00 0.000000000000000000e+00 0.000000000000000000e+00 0.000000000000000000e+00 0.000000000000000000e+00 0.000000000000000000e+00 0.000000000000000000e+00 0.000000000000000000e+00 0.000000000000000000e+00 0.000000000000000000e+00 0.000000000000000000e+00 0.000000000000000000e+00 0.000000000000000000e+00 0.000000000000000000e+00 0.000000000000000000e+00 0.000000000000000000e+00 0.000000000000000000e+00 0.000000000000000000e+00 0.000000000000000000e+00 0.000000000000000000e+00 0.000000000000000000e+00 0.000000000000000000e+00 0.000000000000000000e+00 0.000000000000000000e+00 0.000000000000000000e+00 0.000000000000000000e+00 0.000000000000000000e+00 0.000000000000000000e+00 0.000000000000000000e+00 0.000000000000000000e+00 0.000000000000000000e+00 0.000000000000000000e+00 0.000000000000000000e+00 0.000000000000000000e+00 0.000000000000000000e+00 0.000000000000000000e+00 0.000000000000000000e+00 0.000000000000000000e+00
3.016901832520684223e+00 2.747681675130141957e+04 1.745534193516004598e+05 -5.637662173494179285e+01 3.190380449278394735e+04 8.447477836180967643e+03 7.999681286539584107e+03 -6.168966102665299331e+03 6.951718261180401896e+03 2.981142212510705940e+04 5.376136178930011056e+02 -1.957677527865623688e+03 -4.100271119588057331e+02 1.999980588197357065e+04 -7.377010550107816016e+03 2.434870818250166849e+04 4.147213646110550326e+04 1.207431985166214872e+04 0.000000000000000000e+00 0.000000000000000000e+00 0.000000000000000000e+00 0.000000000000000000e+00 0.000000000000000000e+00 0.000000000000000000e+00 7.530154521334206521e-10 7.378030767728367689e-05 1.694549742135456009e-03 8.370151610936734515e-03 2.456861189106024357e-02 5.693404182478811054e-02 1.137686515960392164e-01 2.067640478689954930e-01 3.530016766073339474e-01 5.813116146655152860e-01 9.192429017651179146e-01 1.420131023239321610e+00 2.155302596453511299e+00 3.218499941544107124e+00 4.729825072183537316e+00 6.864787605281720495e+00 9.918909647581395816e+00 1.413191882565082302e+01 2.003064463187991606e+01 2.833248841625784564e+01 4.079530944127239422e+01 6.086268633707388886e+01 8.660594637168489385e+01 1.230655122251761782e+02 1.740830174011839233e+02 2.442398211857884576e+02 3.398927522597359143e+02 4.714598812645710382e+02 6.409172839081401207e+02 8.656365543013220076e+02 1.169648919119651737e+03 1.534489895962462015e+03 1.789695302463005874e+03 1.881996727741614450e+03 1.858396161425383525e+03 1.277852465242663129e+03 6.097090394914026774e+02 4.378739359588665536e+01 0.000000000000000000e+00 0.000000000000000000e+00 0.000000000000000000e+00 0.000000000000000000e+00 0.000000000000000000e+00 0.000000000000000000e+00 0.000000000000000000e+00 0.000000000000000000e+00 0.000000000000000000e+00 0.000000000000000000e+00 0.000000000000000000e+00 0.000000000000000000e+00 0.000000000000000000e+00 0.000000000000000000e+00 0.000000000000000000e+00 0.000000000000000000e+00 0.000000000000000000e+00 0.000000000000000000e+00 0.000000000000000000e+00 0.000000000000000000e+00 0.000000000000000000e+00 0.000000000000000000e+00 0.000000000000000000e+00 0.000000000000000000e+00 0.000000000000000000e+00 0.000000000000000000e+00 0.000000000000000000e+00 0.000000000000000000e+00 0.000000000000000000e+00 0.000000000000000000e+00 0.000000000000000000e+00 0.000000000000000000e+00 0.000000000000000000e+00 0.000000000000000000e+00 0.000000000000000000e+00 0.000000000000000000e+00 0.000000000000000000e+00 0.000000000000000000e+00 0.000000000000000000e+00 0.000000000000000000e+00 0.000000000000000000e+00 0.000000000000000000e+00 0.000000000000000000e+00 0.000000000000000000e+00 0.000000000000000000e+00 0.000000000000000000e+00
-7.058796015135469837e+00 2.500776409099649300e+03 2.491849459467420456e+04 -4.098600054174006857e+01 4.554449765327330169e+03 2.458027580414206568e+03 2.590831349504928767e+03 -2.320576527834786702e+03 -5.660920990940196134e+03 5.376136178930011056e+02 2.644783974316493641e+03 -1.105838829600690815e+03 -2.025612836736703741e+02 -3.002586021381192040e+03 -6.714116165772754812e+02 2.216074575376993380e+03 3.774547154993191725e+03 3.910471589446015059e+03 0.000000000000000000e+00 0.000000000000000000e+00 0.000000000000000000e+00 0.000000000000000000e+00 0.000000000000000000e+00 0.000000000000000000e+00 -3.073421298404995418e-10 -2.975259515585090798e-05 -6.689385636765297124e-04 -3.212904495944943466e-03 -9.148899212625852956e-03 -2.053399514818296523e-02 -3.970130529740547448e-02 -6.985858503997187385e-02 -1.154742689349024243e-01 -1.839099824326621002e-01 -2.808814779219655500e-01 -4.186865812992174862e-01 -6.114917532878071382e-01 -8.734371320028369023e-01 -1.222194138653326378e+00 -1.675859373127796426e+00 -2.261543680939972045e+00 -2.971166188408361553e+00 -3.845139511648458353e+00 -4.938254998693821562e+00 -6.768867117833612390e+00 -1.089952681247091348e+01 -1.469470114912105174e+01 -1.952160046023016804e+01 -2.553894120042095750e+01 -3.232017369217692959e+01 -3.928744025527644368e+01 -4.605208583901735153e+01 -4.944162291866953041e+01 -4.963392946367963532e+01 -4.695337609927263856e+01 -3.003592593989063531e+01 6.492831103635032264e+01 2.252774233875452410e+02 3.747994624664593744e+02 6.661208184130285872e+02 8.577711733197770627e+02 1.013284320837907444e+02 0.000000000000000000e+00 0.000000000000000000e+00 0.000000000000000000e+00 0.000000000000000000e+00 0.000000000000000000e+00 0.000000000000000000e+00 0.000000000000000000e+00 0.000000000000000000e+00 0.000000000000000000e+00 0.000000000000000000e+00 0.000000000000000000e+00 0.000000000000000000e+00 0.000000000000000000e+00 0.000000000000000000e+00 0.000000000000000000e+00 0.000000000000000000e+00 0.000000000000000000e+00 0.000000000000000000e+00 0.000000000000000000e+00 0.000000000000000000e+00 0.000000000000000000e+00 0.000000000000000000e+00 0.000000000000000000e+00 0.000000000000000000e+00 0.000000000000000000e+00 0.000000000000000000e+00 0.000000000000000000e+00 0.000000000000000000e+00 0.000000000000000000e+00 0.000000000000000000e+00 0.000000000000000000e+00 0.000000000000000000e+00 0.000000000000000000e+00 0.000000000000000000e+00 0.000000000000000000e+00 0.000000000000000000e+00 0.000000000000000000e+00 0.000000000000000000e+00 0.000000000000000000e+00 0.000000000000000000e+00 0.000000000000000000e+00 0.000000000000000000e+00 0.000000000000000000e+00 0.000000000000000000e+00 0.000000000000000000e+00 0.000000000000000000e+00
3.094420793961134120e+00 -2.633903021042470300e+03 -2.022469506477535469e+04 1.990475374116774887e+01 -3.696545846363847431e+03 -1.517536632259427051e+03 -1.487086436839928183e+03 1.254268720066758760e+03 1.853106680189527879e+03 -1.957677527865623233e+03 -1.105838829600690815e+03 5.660863135416133218e+02 1.062088957088107293e+02 8.824132325409824773e+01 7.071536179048414397e+02 -2.334045337960594679e+03 -3.975481821736777420e+03 -2.244534081087234881e+03 0.000000000000000000e+00 0.000000000000000000e+00 0.000000000000000000e+00 0.000000000000000000e+00 0.000000000000000000e+00 0.000000000000000000e+00 1.068981811125790267e-10 1.016873487382613360e-05 2.245877998183159303e-04 1.060497836651312989e-03 2.973496977095756687e-03 6.575965394481421075e-03 1.252816953480797094e-02 2.172565966938638793e-02 3.537072546371568260e-02 5.540371030437166860e-02 8.303538062007750908e-02 1.211987110134825352e-01 1.726595652284381721e-01 2.388190386233484952e-01 3.211920780455234659e-01 4.180642046616150354e-01 5.248414772767796554e-01 6.223651123592484069e-01 6.983406005025158958e-01 7.357934636084987323e-01 8.900889763499575391e-01 1.746098617127125996e+00 2.080493565859874217e+00 2.281390049267677522e+00 2.199276176445638331e+00 1.346833164134622507e+00 -9.345000030614825093e-01 -5.419990333414101968e+00 -1.373056187260659478e+01 -2.661716697316514413e+01 -4.496065214074133820e+01 -7.262212784566028745e+01 -1.301421590840864155e+02 -2.058532614774892977e+02 -2.631573397789864543e+02 -3.533136999097978901e+02 -3.947819284439751186e+02 -4.481098770104247109e+01 0.000000000000000000e+00 0.000000000000000000e+00 0.000000000000000000e+00 0.000000000000000000e+00 0.000000000000000000e+00 0.000000000000000000e+00 0.000000000000000000e+00 0.000000000000000000e+00 0.000000000000000000e+00 0.000000000000000000e+00 0.000000000000000000e+00 0.000000000000000000e+00 0.000000000000000000e+00 0.000000000000000000e+00 0.000000000000000000e+00 0.000000000000000000e+00 0.000000000000000000e+00 0.000000000000000000e+00 0.000000000000000000e+00 0.000000000000000000e+00 0.000000000000000000e+00 0.000000000000000000e+00 0.000000000000000000e+00 0.000000000000000000e+00 0.000000000000000000e+00 0.000000000000000000e+00 0.000000000000000000e+00 0.000000000000000000e+00 0.000000000000000000e+00 0.000000000000000000e+00 0.000000000000000000e+00 0.000000000000000000e+00 0.000000000000000000e+00 0.000000000000000000e+00 0.000000000000000000e+00 0.000000000000000000e+00 0.000000000000000000e+00 0.000000000000000000e+00 0.000000000000000000e+00 0.000000000000000000e+00 0.000000000000000000e+00 0.000000000000000000e+00 0.000000000000000000e+00 0.000000000000000000e+00 0.000000000000000000e+00 0.000000000000000000e+00
4.844455734399482627e-01 -5.264029916804128106e+02 -4.013430529262157961e+03 3.735797849522863867e+00 -7.335502416772122842e+02 -2.868986761678492030e+02 -2.913036088613217771e+02 2.485889078769257594e+02 3.330367863281463769e+02 -4.100271119588056763e+02 -2.025612836736703457e+02 1.062088957088107293e+02 2.009450786689167145e+01 -2.605775395196636168e+01 1.413293416913294038e+02 -4.664744445047530803e+02 -7.945264148355269072e+02 -4.396791348742039531e+02 0.000000000000000000e+00 0.000000000000000000e+00 0.000000000000000000e+00 0.000000000000000000e+00 0.000000000000000000e+00 0.000000000000000000e+00 1.335414545594608262e-11 1.282072561486125619e-06 2.838608213891297976e-05 1.334767894390035824e-04 3.709716844244331942e-04 8.103523087655708059e-04 1.520881863694257576e-03 2.594339888032032651e-03 4.148701950424542317e-03 6.369775628808978241e-03 9.337677939170133112e-03 1.329856905889599539e-02 1.841331388939593250e-02 2.456256458664272252e-02 3.156068897851393995e-02 3.856585163110449327e-02 4.391247115656249367e-02 4.402922420223834982e-02 3.536239282857941979e-02 1.305529598576331447e-02 -6.435451703302018205e-03 4.952017463524942265e-02 1.026367247059535408e-02 -8.581899264301273700e-02 -2.747018989817901491e-01 -6.447661868639859017e-01 -1.317634211835438940e+00 -2.451445635858730210e+00 -4.305226568405873699e+00 -7.081952929470161529e+00 -1.105689581908393926e+01 -1.684171399382557510e+01 -2.703542041301697907e+01 -4.004631430615125964e+01 -5.083212771128474117e+01 -6.518670820090154905e+01 -7.107821487703523644e+01 -8.046194403987804833e+00 0.000000000000000000e+00 0.000000000000000000e+00 0.000000000000000000e+00 0.000000000000000000e+00 0.000000000000000000e+00 0.000000000000000000e+00 0.000000000000000000e+00 0.000000000000000000e+00 0.000000000000000000e+00 0.000000000000000000e+00 0.000000000000000000e+00 0.000000000000000000e+00 0.000000000000000000e+00 0.000000000000000000e+00 0.000000000000000000e+00 0.000000000000000000e+00 0.000000000000000000e+00 0.000000000000000000e+00 0.000000000000000000e+00 0.000000000000000000e+00 0.000000000000000000e+00 0.000000000000000000e+00 0.000000000000000000e+00 0.000000000000000000e+00 0.000000000000000000e+00 0.000000000000000000e+00 0.000000000000000000e+00 0.000000000000000000e+00 0.000000000000000000e+00 0.000000000000000000e+00 0.000000000000000000e+00 0.000000000000000000e+00 0.000000000000000000e+00 0.000000000000000000e+00 0.000000000000000000e+00 0.000000000000000000e+00 0.000000000000000000e+00 0.000000000000000000e+00 0.000000000000000000e+00 0.000000000000000000e+00 0.000000000000000000e+00 0.000000000000000000e+00 0.000000000000000000e+00 0.000000000000000000e+00 0.000000000000000000e+00 0.000000000000000000e+00
1.653729231936607391e+01 1.567345391617445421e+04 9.043146696054810309e+04 1.271464526096858094e+01 1.652850945356472948e+04 2.372313763979526357e+03 2.678517285535103838e+03 -1.971951300465884287e+03 1.149400637874881068e+04 1.999980588197357429e+04 -3.002586021381192040e+03 8.824132325409846089e+01 -2.605775395196639010e+01 1.818562366820449461e+04 -4.208028751757467944e+03 1.388910364220936026e+04 2.365672943528467658e+04 4.042820366878212553e+03 0.000000000000000000e+00 0.000000000000000000e+00 0.000000000000000000e+00 0.000000000000000000e+00 0.000000000000000000e+00 0.000000000000000000e+00 1.265232131871580467e-09 1.213668483265841131e-04 2.727131095959599467e-03 1.319537286946376869e-02 3.803687210165207500e-02 8.670465579853911531e-02 1.705929043776247545e-01 3.056124828313264707e-01 5.144945884160170291e-01 8.351634545624705419e-01 1.300723043490794151e+00 1.978028477448478650e+00 2.950468765698443185e+00 4.316328771325393276e+00 6.199621129956402577e+00 8.761060130119542322e+00 1.226235143863059562e+01 1.683402782035907563e+01 2.292054411995934160e+01 3.112499896012636924e+01 4.396752388255029587e+01 6.786925518687588976e+01 9.455017889011729437e+01 1.309631477213828248e+02 1.801132243290054475e+02 2.440042174297766735e+02 3.255953172624284662e+02 4.314905352539107639e+02 5.560866071309199015e+02 7.142323645768177585e+02 9.282718506787023216e+02 1.166548467661302311e+03 1.167768598726112032e+03 9.572228130691172510e+02 7.778590780648555665e+02 -7.336900219257086064e+01 -8.165391715661976377e+02 -1.136612828178423058e+02 0.000000000000000000e+00 0.000000000000000000e+00 0.000000000000000000e+00 0.000000000000000000e+00 0.000000000000000000e+00 0.000000000000000000e+00 0.000000000000000000e+00 0.000000000000000000e+00 0.000000000000000000e+00 0.000000000000000000e+00 0.000000000000000000e+00 0.000000000000000000e+00 0.000000000000000000e+00 0.000000000000000000e+00 0.000000000000000000e+00 0.000000000000000000e+00 0.000000000000000000e+00 0.000000000000000000e+00 0.000000000000000000e+00 0.000000000000000000e+00 0.000000000000000000e+00 0.000000000000000000e+00 0.000000000000000000e+00 0.000000000000000000e+00 0.000000000000000000e+00 0.000000000000000000e+00 0.000000000000000000e+00 0.000000000000000000e+00 0.000000000000000000e+00 0.000000000000000000e+00 0.000000000000000000e+00 0.000000000000000000e+00 0.000000000000000000e+00 0.000000000000000000e+00 0.000000000000000000e+00 0.000000000000000000e+00 0.000000000000000000e+00 0.000000000000000000e+00 0.000000000000000000e+00 0.000000000000000000e+00 0.000000000000000000e+00 0.000000000000000000e+00 0.000000000000000000e+00 0.000000000000000000e+00 0.000000000000000000e+00 0.000000000000000000e+00
