3.657500056894491980e+00 -4.776700279600246013e+00 -4.277045938089366928e+01 6.109808065315763814e-02 -7.209159923158138028e+00 -4.412996591590111706e+00 -3.442796847952101835e+00 3.093031764288902141e-01 8.614418865761580335e+00 -7.004611826847909839e+00 -5.048559488144844565e+00
-4.776700279600246013e+00 1.756298379887151168e+04 1.218052304040160816e+05 -4.632930577966684638e+01 2.053083829751762460e+04 5.874050582464394211e+03 5.719763883262743548e+03 5.377647722212132976e+03 1.993676481883783026e+03 2.575457467107583943e+04 8.387531852183243245e+03
-4.277045938089366928e+01 1.218052304040160816e+05 8.831101348658653442e+05 -3.987892443785696059e+02 1.488523220036719867e+05 4.372063824492193089e+04 4.717407933184188005e+04 4.460812073538274853e+04 2.038450151587781420e+03 1.786166825462423149e+05 6.917664803455790388e+04
6.109808065315763814e-02 -4.632930577966684638e+01 -3.987892443785696059e+02 3.601358807941040241e-01 -6.721778255308566941e+01 -2.653447144905300803e+01 -3.025205377736934409e+01 -2.971583697389054990e+01 3.012309171671430974e+01 -6.793786174523502552e+01 -4.436198238779465441e+01
-7.209159923158138028e+00 2.053083829751762460e+04 1.488523220036719867e+05 -6.721778255308566941e+01 2.508975142636117744e+04 7.369316991507133025e+03 7.951410554241521822e+03 7.518906294389224968e+03 3.435902571751887535e+02 3.010667287794095682e+04 1.166004587857970182e+04
-4.412996591590111706e+00 5.874050582464394211e+03 4.372063824492193089e+04 -2.653447144905300803e+01 7.369316991507133025e+03 2.834126540529047361e+03 2.496653089254703445e+03 2.171459385435677632e+03 -9.152972434262944716e+02 8.613779758623721136e+03 3.661122685720063600e+03
-3.442796847952101835e+00 5.719763883262743548e+03 4.717407933184188005e+04 -3.025205377736934409e+01 7.951410554241521822e+03 2.496653089254703445e+03 3.331714592091174836e+03 3.182471901941511987e+03 -1.657869555742061038e+03 8.387531852183243245e+03 4.885667106875003810e+03
3.093031764288902141e-01 5.377647722212132976e+03 4.460812073538274853e+04 -2.971583697389054990e+01 7.518906294389224968e+03 2.171459385435677632e+03 3.182471901941511987e+03 3.545765449880277629e+03 -2.092321967666521687e+03 7.885848521101088409e+03 4.666815797120980278e+03
8.614418865761580335e+00 1.993676481883783026e+03 2.038450151587781420e+03 3.012309171671430974e+01 3.435902571751887535e+02 -9.152972434262944716e+02 -1.657869555742061038e+03 -2.092321967666521687e+03 5.826108388662634752e+03 2.923551624863588131e+03 -2.431120233169362564e+03
-7.004611826847909839e+00 2.575457467107583943e+04 1.786166825462423149e+05 -6.793786174523502552e+01 3.010667287794095682e+04 8.613779758623721136e+03 8.387531852183243245e+03 7.885848521101088409e+03 2.923551624863588131e+03 3.776682391124455171e+04 1.229957949440005541e+04
-5.048559488144844565e+00 8.387531852183243245e+03 6.917664803455790388e+04 -4.436198238779465441e+01 1.166004587857970182e+04 3.661122685720063600e+03 4.885667106875003810e+03 4.666815797120980278e+03 -2.431120233169362564e+03 1.229957949440005541e+04 7.164402117715119857e+03
