3.190691694516386789e+00 4.826525095685537003e+00 2.711810194517786599e+01 -1.544185251680068715e-03 5.641834538221035977e+00 4.130083127462874648e-01 1.241931033249283223e+00 2.642383274697623019e+00 4.386632256317447798e+00 7.668888172976276785e+00 1.973309995021342411e+00
4.826525095685537003e+00 9.283670255867633387e+03 5.922159183010731795e+04 -2.640105733892696094e+01 1.232086312202025692e+04 2.145845059880962253e+03 3.974057043829579015e+03 4.671530755855080315e+03 6.927313865591966078e+02 1.475086684842414252e+04 6.314397720505166035e+03
2.711810194517786599e+01 5.922159183010731795e+04 3.964159429314507288e+05 -2.089571926827525772e+02 8.247307141382773989e+04 1.589995344406465301e+04 2.953470298282570729e+04 3.442560500516150205e+04 -2.557948666307773237e+03 9.409746270183465094e+04 4.692782693698779622e+04
-1.544185251680068715e-03 -2.640105733892696094e+01 -2.089571926827525772e+02 2.424567655566822189e-01 -4.347287686544345320e+01 -1.537171281591693095e+01 -2.040369877174681790e+01 -2.474256137162595337e+01 2.481549428823235104e+01 -4.194876279863373725e+01 -3.241953187718689833e+01
5.641834538221035977e+00 1.232086312202025692e+04 8.247307141382773989e+04 -4.347287686544345320e+01 1.715825922169461046e+04 3.307934555234669460e+03 6.144600669378183738e+03 7.162137221473632053e+03 -5.321730540635354600e+02 1.957667671961005908e+04 9.763184582460657111e+03
4.130083127462874648e-01 2.145845059880962253e+03 1.589995344406465301e+04 -1.537171281591693095e+01 3.307934555234669460e+03 1.269673434193489129e+03 1.415052931875602098e+03 1.552247160902528094e+03 -1.334406846920624503e+03 3.409543196091746722e+03 2.248384184948459733e+03
1.241931033249283223e+00 3.974057043829579015e+03 2.953470298282570729e+04 -2.040369877174681790e+01 6.144600669378183738e+03 1.415052931875602098e+03 2.640481041191706026e+03 3.038202156314288004e+03 -1.269888043249670773e+03 6.314397720505166035e+03 4.195472607376345877e+03
2.642383274697623019e+00 4.671530755855080315e+03 3.442560500516150205e+04 -2.474256137162595337e+01 7.162137221473632053e+03 1.552247160902528094e+03 3.038202156314288004e+03 3.839492554213705716e+03 -1.803695417531520661e+03 7.422616945532215141e+03 4.827413537018044735e+03
4.386632256317447798e+00 6.927313865591966078e+02 -2.557948666307773237e+03 2.481549428823235104e+01 -5.321730540635354600e+02 -1.334406846920624503e+03 -1.269888043249670773e+03 -1.803695417531520661e+03 4.601078917028583419e+03 1.100684122036813733e+03 -2.017731018240600406e+03
7.668888172976276785e+00 1.475086684842414252e+04 9.409746270183465094e+04 -4.194876279863373725e+01 1.957667671961005908e+04 3.409543196091746722e+03 6.314397720505166035e+03 7.422616945532215141e+03 1.100684122036813733e+03 2.343772094257812932e+04 1.003297590673201921e+04
1.973309995021342411e+00 6.314397720505166035e+03 4.692782693698779622e+04 -3.241953187718689833e+01 9.763184582460657111e+03 2.248384184948459733e+03 4.195472607376345877e+03 4.827413537018044735e+03 -2.017731018240600406e+03 1.003297590673201921e+04 6.666205939240949192e+03
