5.102650971106268862e+00 1.081783582561667956e+01 4.814138176415755055e+01 1.036752235011744946e-02 1.267300475975133978e+01 1.288450206027151879e-01 1.887744897387923171e+00 4.019703527082707062e+00 1.061860361442784928e+01 1.922075414082845768e+01 3.354079423850778063e+00
1.081783582561667956e+01 1.144082257478345855e+04 6.489171669833000487e+04 -4.016335274329114213e+01 1.708245597550851744e+04 2.338953398273426501e+03 5.680218945734531189e+03 7.768523878789648734e+03 -2.869331310041014262e+02 2.032765531142798864e+04 1.009241530209814118e+04
4.814138176415755055e+01 6.489171669833000487e+04 3.864610031776156975e+05 -2.814992525290525123e+02 1.017341412575446739e+05 1.666113623887535505e+04 3.706672055045534216e+04 5.005811695273157966e+04 -1.126223583644866630e+04 1.152973434373406344e+05 6.585885883200506214e+04
1.036752235011744946e-02 -4.016335274329114213e+01 -2.814992525290525123e+02 4.696878779272745108e-01 -7.410342695695467796e+01 -2.637132319100887656e+01 -3.409140865970205425e+01 -4.842695821909619980e+01 5.417164586771131241e+01 -7.136084712268782937e+01 -6.057242823106807350e+01
1.267300475975133978e+01 1.708245597550851744e+04 1.017341412575446739e+05 -7.410342695695467796e+01 2.678106047521001892e+04 4.385970055710706220e+03 9.757649422394235444e+03 1.317757677820689059e+04 -2.964733523021125620e+03 3.035151316026355562e+04 1.733705184322715286e+04
1.288450206027151879e-01 2.338953398273426501e+03 1.666113623887535505e+04 -2.637132319100887656e+01 4.385970055710706220e+03 1.882867612846794827e+03 2.055908948990103909e+03 2.699499077554517953e+03 -3.120604898298758599e+03 4.155770982270937566e+03 3.652867457175998879e+03
1.887744897387923171e+00 5.680218945734531189e+03 3.706672055045534216e+04 -3.409140865970205425e+01 9.757649422394235444e+03 2.055908948990103909e+03 4.098021597706680950e+03 5.437026166479885433e+03 -2.681617313054872284e+03 1.009241530209814118e+04 7.281222128256412361e+03
4.019703527082707062e+00 7.768523878789648734e+03 5.005811695273157966e+04 -4.842695821909619980e+01 1.317757677820689059e+04 2.699499077554517953e+03 5.437026166479885433e+03 7.725626672372836765e+03 -4.169452748972986228e+03 1.380284281610078688e+04 9.660318837127815641e+03
1.061860361442784928e+01 -2.869331310041014262e+02 -1.126223583644866630e+04 5.417164586771131241e+01 -2.964733523021125620e+03 -3.120604898298758599e+03 -2.681617313054872284e+03 -4.169452748972986228e+03 9.070304122562056364e+03 -5.098127994167042516e+02 -4.764604298390568147e+03
1.922075414082845768e+01 2.032765531142798864e+04 1.152973434373406344e+05 -7.136084712268782937e+01 3.035151316026355562e+04 4.155770982270937566e+03 1.009241530209814118e+04 1.380284281610078688e+04 -5.098127994167042516e+02 3.611747037935753178e+04 1.793185220554086118e+04
3.354079423850778063e+00 1.009241530209814118e+04 6.585885883200506214e+04 -6.057242823106807350e+01 1.733705184322715286e+04 3.652867457175998879e+03 7.281222128256412361e+03 9.660318837127815641e+03 -4.764604298390568147e+03 1.793185220554086118e+04 1.293702202806338755e+04
