1.839350529204879070e+00 -2.141121848502964387e+00 -1.712584339528000266e+00 -7.121726619713909627e-03 -6.171458662498499059e-01 3.466754659103615133e+00 1.688000459183749413e+00 6.776845710424133085e-01 -3.621501369371303625e+00 -4.614396765649011911e+00 3.637861088904195128e+00
-2.141121848502964387e+00 2.868849077299598775e+03 1.435252604263885223e+04 -7.282978198689002092e+00 5.172067683334767935e+03 -1.941316951478894453e+02 1.749034625655064247e+03 3.002662648026118859e+03 3.029689244766332195e+02 6.182743832483067308e+03 3.769397675930398691e+03
-1.712584339528000266e+00 1.435252604263885223e+04 7.458114962501537229e+04 -4.305980538877888364e+01 2.687601838279438380e+04 -2.123768542884338899e+02 9.673953472890398189e+03 1.627684945103156679e+04 -1.113311227069661413e+02 3.093156505611845932e+04 2.084863112650768744e+04
-7.121726619713909627e-03 -7.282978198689002092e+00 -4.305980538877888364e+01 6.706373104793543483e-02 -1.551700566439386364e+01 -3.759090789603266813e+00 -6.643447404027242875e+00 -1.139168177430532758e+01 8.556558193334735662e+00 -1.569576764994481266e+01 -1.431749539865584886e+01
-6.171458662498499059e-01 5.172067683334767935e+03 2.687601838279438380e+04 -1.551700566439386364e+01 9.685025877772566673e+03 -7.653199593508968235e+01 3.486100075943236789e+03 5.865515713546643383e+03 -4.011921665854777785e+01 1.114648024650463049e+04 7.513000218277398744e+03
3.466754659103615133e+00 -1.941316951478894453e+02 -2.123768542884338899e+02 -3.759090789603266813e+00 -7.653199593508968235e+01 5.699821383560473578e+02 1.340551035587530464e+02 1.702900103611549696e+02 -9.572364170754489123e+02 -4.183791159885229831e+02 2.889062276921592911e+02
1.688000459183749413e+00 1.749034625655064247e+03 9.673953472890398189e+03 -6.643447404027242875e+00 3.486100075943236789e+03 1.340551035587530464e+02 1.373580696109161863e+03 2.248017610170742046e+03 -3.564892228662606612e+02 3.769397675930398691e+03 2.960245502102386126e+03
6.776845710424133085e-01 3.002662648026118859e+03 1.627684945103156679e+04 -1.139168177430532758e+01 5.865515713546643383e+03 1.702900103611549696e+02 2.248017610170742046e+03 3.835558007585783798e+03 -6.331503673517089510e+02 6.471129525428157649e+03 4.844771070243717077e+03
-3.621501369371303625e+00 3.029689244766332195e+02 -1.113311227069661413e+02 8.556558193334735662e+00 -4.011921665854777785e+01 -9.572364170754489123e+02 -3.564892228662606612e+02 -6.331503673517089510e+02 2.042980055665593909e+03 6.529375365417008652e+02 -7.682807581142334357e+02
-4.614396765649011911e+00 6.182743832483067308e+03 3.093156505611845932e+04 -1.569576764994481266e+01 1.114648024650463049e+04 -4.183791159885229831e+02 3.769397675930398691e+03 6.471129525428157649e+03 6.529375365417008652e+02 1.332461913057107085e+04 8.123543485588829753e+03
3.637861088904195128e+00 3.769397675930398691e+03 2.084863112650768744e+04 -1.431749539865584886e+01 7.513000218277398744e+03 2.889062276921592911e+02 2.960245502102386126e+03 4.844771070243717077e+03 -7.682807581142334357e+02 8.123543485588829753e+03 6.379715045166147320e+03
