# A b_HI Tb sigma_NL sigma8tot n_s f DA H omegak omegaDE w0 wa h gamma sigma_8 fs8 bs8 pk0 pk1 pk2 pk3 pk4 pk5 pk6 pk7 pk8 pk9 pk10 pk11 pk12 pk13 pk14 pk15 pk16 pk17 pk18 pk19 pk20 pk21 pk22 pk23 pk24 pk25 pk26 pk27 pk28 pk29 pk30 pk31 pk32 pk33 pk34 pk35 pk36 pk37 pk38 pk39 pk40 pk41 pk42 pk43 pk44 pk45 pk46 pk47 pk48 pk49 pk50 pk51 pk52 pk53 pk54 pk55 pk56 pk57 pk58 pk59 pk60 pk61 pk62 pk63 pk64 pk65 pk66 pk67 pk68 pk69 pk70 pk71 pk72 pk73 pk74 pk75 pk76 pk77 pk78 pk79 pk80 pk81 pk82 pk83 pk84 pk85 pk86 pk87 pk88 pk89
3.737005840252884070e+00 8.189113324842948183e-01 1.454517399427423996e+01 -5.984307766352449723e-03 5.038096269445333952e+00 4.527910463266455743e+00 3.838339228460132091e+00 -5.790115795038076607e-01 7.620193428228820842e-01 1.382610465651716858e+00 -1.551224246863798450e+00 3.206166194449940887e-01 6.532450481375476348e-02 2.995397205031562926e+00 7.301311497051568566e-02 8.793883226984361423e-01 1.716994955008243728e+00 8.047768823620048195e+00 0.000000000000000000e+00 0.000000000000000000e+00 0.000000000000000000e+00 0.000000000000000000e+00 0.000000000000000000e+00 1.705756406367849799e-21 -1.216209486467895306e-19 1.721509304312839669e-18 3.353888379827735926e-18 -1.340901787411034633e-17 1.500127073128210767e-17 -7.347431190769426766e-17 -3.797239884452170388e-16 3.724556873432102260e-16 3.320762064597974660e-16 -2.373730378068253241e-16 -2.563946376886544725e-15 -1.814065203534382017e-15 -3.398906875674956899e-15 3.356995173414691715e-15 -1.827002991809094873e-14 -5.709279217683044225e-15 -4.591918248057095738e-15 -2.028705569085960234e-14 -4.231398367736733200e-14 -3.290436661426911808e-14 -1.184224479576834188e-01 -2.548439618878238111e+00 -5.918532523249314892e+00 -6.540601987009342366e+00 -1.405773655658460797e+00 7.894023506089601128e+00 1.391777108203567614e+01 8.632933383962154039e+00 -5.515932149283839792e+00 -1.232932589545837843e+01 -2.386851396952177629e-01 9.682662067512266546e+00 -4.678677713915259107e-01 -5.096003019827757718e+00 2.663476765213988351e+00 -3.118649465319691116e-01 -3.149618549769505060e-01 1.420288519140752992e-01 -2.955349644076305654e-02 4.320794178297403081e-03 0.000000000000000000e+00 0.000000000000000000e+00 0.000000000000000000e+00 0.000000000000000000e+00 0.000000000000000000e+00 0.000000000000000000e+00 0.000000000000000000e+00 0.000000000000000000e+00 0.000000000000000000e+00 0.000000000000000000e+00 0.000000000000000000e+00 0.000000000000000000e+00 0.000000000000000000e+00 0.000000000000000000e+00 0.000000000000000000e+00 0.000000000000000000e+00 0.000000000000000000e+00 0.000000000000000000e+00 0.000000000000000000e+00 0.000000000000000000e+00 0.000000000000000000e+00 0.000000000000000000e+00 0.000000000000000000e+00 0.000000000000000000e+00 0.000000000000000000e+00 0.000000000000000000e+00 0.000000000000000000e+00 0.000000000000000000e+00 0.000000000000000000e+00 0.000000000000000000e+00 0.000000000000000000e+00 0.000000000000000000e+00 0.000000000000000000e+00 0.000000000000000000e+00 0.000000000000000000e+00 0.000000000000000000e+00 0.000000000000000000e+00 0.000000000000000000e+00 0.000000000000000000e+00 0.000000000000000000e+00 0.000000000000000000e+00 0.000000000000000000e+00 0.000000000000000000e+00 0.000000000000000000e+00
8.189113324842948183e-01 6.072740120561751610e+03 3.068498969720227979e+04 -2.037238950613232191e+01 1.062853783545666192e+04 3.669853978735307010e+02 3.570132799440293184e+03 -3.377183203891430367e+03 -1.008242192848696277e+02 4.738633546663192647e+03 -1.807744080518511964e+03 5.239785887571744070e+02 -3.638364797908626258e+01 8.650789160624944998e+03 5.414379494096702956e+02 6.521214858028235540e+03 1.273259232895109926e+04 7.485425786882716238e+03 0.000000000000000000e+00 0.000000000000000000e+00 0.000000000000000000e+00 0.000000000000000000e+00 0.000000000000000000e+00 3.349036988851709797e-06 3.073989365565619179e-04 2.854720768703094061e-03 1.242755440243473175e-02 3.663258921550273384e-02 8.753221657236728848e-02 1.840951116784028674e-01 3.514889073057107516e-01 6.246268613233940670e-01 1.056974798636344470e+00 1.735552994213558575e+00 2.755085518175439674e+00 4.277618030457299270e+00 6.555536726741205023e+00 9.914394550937416284e+00 1.477462607084161483e+01 2.178608940378847691e+01 3.199630517334525948e+01 4.630887458697118575e+01 6.615527270905181467e+01 9.331979112565373669e+01 1.291664574984262117e+02 1.735264494229809031e+02 2.246186959092941038e+02 2.773765205120918722e+02 3.215694349652299024e+02 3.471182680296863055e+02 3.501242980056451870e+02 3.360337913556109015e+02 3.163341389948429310e+02 3.003231497153714145e+02 2.939528730882573768e+02 2.804991734716690530e+02 2.405700277122307398e+02 1.936113120306431483e+02 1.531277680023600851e+02 1.004951441943953654e+02 5.628329429465149047e+01 2.593314067773895459e+01 8.673076071151420763e+00 1.598877450433218828e+00 0.000000000000000000e+00 0.000000000000000000e+00 0.000000000000000000e+00 0.000000000000000000e+00 0.000000000000000000e+00 0.000000000000000000e+00 0.000000000000000000e+00 0.000000000000000000e+00 0.000000000000000000e+00 0.000000000000000000e+00 0.000000000000000000e+00 0.000000000000000000e+00 0.000000000000000000e+00 0.000000000000000000e+00 0.000000000000000000e+00 0.000000000000000000e+00 0.000000000000000000e+00 0.000000000000000000e+00 0.000000000000000000e+00 0.000000000000000000e+00 0.000000000000000000e+00 0.000000000000000000e+00 0.000000000000000000e+00 0.000000000000000000e+00 0.000000000000000000e+00 0.000000000000000000e+00 0.000000000000000000e+00 0.000000000000000000e+00 0.000000000000000000e+00 0.000000000000000000e+00 0.000000000000000000e+00 0.000000000000000000e+00 0.000000000000000000e+00 0.000000000000000000e+00 0.000000000000000000e+00 0.000000000000000000e+00 0.000000000000000000e+00 0.000000000000000000e+00 0.000000000000000000e+00 0.000000000000000000e+00 0.000000000000000000e+00 0.000000000000000000e+00 0.000000000000000000e+00 0.000000000000000000e+00
1.454517399427423996e+01 3.068498969720227979e+04 1.616415986997496511e+05 -1.232634207777250737e+02 5.598873796332519123e+04 3.689064123465283956e+03 2.016620822331137970e+04 -1.871116866737285818e+04 -3.825752985665261349e+03 2.309495984587223211e+04 -5.930739800428612398e+03 2.306955593064094955e+03 -3.468216669242171974e+02 4.158954443212533079e+04 2.735835482743036209e+03 3.295109073650405480e+04 6.433660204059581883e+04 4.228208403958722920e+04 0.000000000000000000e+00 0.000000000000000000e+00 0.000000000000000000e+00 0.000000000000000000e+00 0.000000000000000000e+00 2.028535153150034007e-05 1.763268557483804256e-03 1.554679448261302339e-02 6.460749324200951160e-02 1.835986505523701795e-01 4.259758373226584238e-01 8.746200167928376290e-01 1.636998838623260344e+00 2.862004570008461535e+00 4.776835305831279577e+00 7.750608630211641703e+00 1.217994318659422781e+01 1.874827578742612744e+01 2.851353155848427079e+01 4.284104467410285366e+01 6.349788165230789616e+01 9.321401740801009339e+01 1.363982299284646160e+02 1.969398799612903872e+02 2.810741418470687449e+02 3.967306425130005323e+02 5.509795925727205486e+02 7.454395862864786295e+02 9.772332789515833156e+02 1.232806895229308566e+03 1.477262196806869724e+03 1.671059042979407423e+03 1.785356033119812764e+03 1.814247232967078844e+03 1.785062881191342740e+03 1.748553518443414077e+03 1.748884884312522217e+03 1.695660802074915864e+03 1.472705340182679493e+03 1.196394980648326737e+03 9.523864147542552701e+02 6.279907717969816758e+02 3.529294581225255456e+02 1.630020921168843415e+02 5.460699964075833179e+01 1.007672495151685155e+01 0.000000000000000000e+00 0.000000000000000000e+00 0.000000000000000000e+00 0.000000000000000000e+00 0.000000000000000000e+00 0.000000000000000000e+00 0.000000000000000000e+00 0.000000000000000000e+00 0.000000000000000000e+00 0.000000000000000000e+00 0.000000000000000000e+00 0.000000000000000000e+00 0.000000000000000000e+00 0.000000000000000000e+00 0.000000000000000000e+00 0.000000000000000000e+00 0.000000000000000000e+00 0.000000000000000000e+00 0.000000000000000000e+00 0.000000000000000000e+00 0.000000000000000000e+00 0.000000000000000000e+00 0.000000000000000000e+00 0.000000000000000000e+00 0.000000000000000000e+00 0.000000000000000000e+00 0.000000000000000000e+00 0.000000000000000000e+00 0.000000000000000000e+00 0.000000000000000000e+00 0.000000000000000000e+00 0.000000000000000000e+00 0.000000000000000000e+00 0.000000000000000000e+00 0.000000000000000000e+00 0.000000000000000000e+00 0.000000000000000000e+00 0.000000000000000000e+00 0.000000000000000000e+00 0.000000000000000000e+00 0.000000000000000000e+00 0.000000000000000000e+00 0.000000000000000000e+00 0.000000000000000000e+00
-5.984307766352449723e-03 -2.037238950613232191e+01 -1.232634207777250737e+02 2.384675808396369834e-01 -4.269546590668451813e+01 -1.298021627080032125e+01 -1.853227778753301891e+01 1.771295537158980693e+01 2.309241150191270719e+01 -4.806626069660445921e+00 -2.130892163446674559e+01 2.224594033343516131e+00 1.550535324483839572e+00 -1.587955909462103854e+00 -1.816376887498854176e+00 -2.187690013130995226e+01 -4.271438019715380108e+01 -3.885625488839562536e+01 0.000000000000000000e+00 0.000000000000000000e+00 0.000000000000000000e+00 0.000000000000000000e+00 0.000000000000000000e+00 -1.148506119546001216e-11 -1.058023819577309146e-09 -1.019151434268517343e-08 -4.778870962926764727e-08 -1.567184508757016297e-07 -4.265014069552312740e-07 -1.046739731305482530e-06 -2.367488045637774657e-06 -5.037400426127832412e-06 -1.029282435100336344e-05 -2.065416160278219407e-05 -4.017698984126388204e-05 -7.672066646375671096e-05 -1.454303656914653043e-04 -2.734026587396258989e-04 -5.072219573565064357e-04 -9.331553279223614309e-04 -1.724619254064851991e-03 -3.148095079846039562e-03 -5.699112480500185748e-03 -1.026979821186270111e-02 -1.843969563337944859e-02 -3.255747365721906733e-02 -5.664444279908059654e-02 -9.760460783039895394e-02 -1.640525989784641370e-01 -2.662489090614282294e-01 -4.121855671995086068e-01 -6.016148084050028100e-01 -8.213877750032487768e-01 -1.088071193872948594e+00 -1.447383067677436186e+00 -1.840918518332143261e+00 -2.076130710794414913e+00 -2.183553059313185329e+00 -2.241669071104829936e+00 -1.882396224867539436e+00 -1.350399182272521426e+00 -7.912157118144360624e-01 -3.367222377643442344e-01 -7.505663516658804546e-02 0.000000000000000000e+00 0.000000000000000000e+00 0.000000000000000000e+00 0.000000000000000000e+00 0.000000000000000000e+00 0.000000000000000000e+00 0.000000000000000000e+00 0.000000000000000000e+00 0.000000000000000000e+00 0.000000000000000000e+00 0.000000000000000000e+00 0.000000000000000000e+00 0.000000000000000000e+00 0.000000000000000000e+00 0.000000000000000000e+00 0.000000000000000000e+00 0.000000000000000000e+00 0.000000000000000000e+00 0.000000000000000000e+00 0.000000000000000000e+00 0.000000000000000000e+00 0.000000000000000000e+00 0.000000000000000000e+00 0.000000000000000000e+00 0.000000000000000000e+00 0.000000000000000000e+00 0.000000000000000000e+00 0.000000000000000000e+00 0.000000000000000000e+00 0.000000000000000000e+00 0.000000000000000000e+00 0.000000000000000000e+00 0.000000000000000000e+00 0.000000000000000000e+00 0.000000000000000000e+00 0.000000000000000000e+00 0.000000000000000000e+00 0.000000000000000000e+00 0.000000000000000000e+00 0.000000000000000000e+00 0.000000000000000000e+00 0.000000000000000000e+00 0.000000000000000000e+00 0.000000000000000000e+00
5.038096269445333952e+00 1.062853783545666192e+04 5.598873796332519123e+04 -4.269546590668451813e+01 1.939314386854519034e+04 1.277802534743932938e+03 6.985086493892635190e+03 -6.481096004569165416e+03 -1.325148248655332281e+03 7.999535178354187337e+03 -2.054264739311662197e+03 7.990735876908472619e+02 -1.201306321245490949e+02 1.440561169869165678e+04 9.476272023180897577e+02 1.141346039442961228e+04 2.228464196145834649e+04 1.464549065883131516e+04 0.000000000000000000e+00 0.000000000000000000e+00 0.000000000000000000e+00 0.000000000000000000e+00 0.000000000000000000e+00 7.026354852507832985e-06 6.107535561270345179e-04 5.385033366773047704e-03 2.237847211789409027e-02 6.359412935089144014e-02 1.475477211708825509e-01 3.029472074738215892e-01 5.670167813187270145e-01 9.913291207771945945e-01 1.654580147582777938e+00 2.684623260001685274e+00 4.218837557707651342e+00 6.493949012940452903e+00 9.876397286829437405e+00 1.483910109543583467e+01 2.199412951650549530e+01 3.228707979348878609e+01 4.724504592602755082e+01 6.821520835217080503e+01 9.735728056843572631e+01 1.374178934405479424e+02 1.908459968216183427e+02 2.582022325924190227e+02 3.384899581814516409e+02 4.270144738210959758e+02 5.116878743186671841e+02 5.788144118297683463e+02 6.184041231568295416e+02 6.284113355990881473e+02 6.183025824232663581e+02 6.056566227164536258e+02 6.057713998342542254e+02 5.873358658027261754e+02 5.101094894627860867e+02 4.144022678010072127e+02 3.298836057329188520e+02 2.175208055869239843e+02 1.222462231833313524e+02 5.645997995824228610e+01 1.891454315252556739e+01 3.490333660252652237e+00 0.000000000000000000e+00 0.000000000000000000e+00 0.000000000000000000e+00 0.000000000000000000e+00 0.000000000000000000e+00 0.000000000000000000e+00 0.000000000000000000e+00 0.000000000000000000e+00 0.000000000000000000e+00 0.000000000000000000e+00 0.000000000000000000e+00 0.000000000000000000e+00 0.000000000000000000e+00 0.000000000000000000e+00 0.000000000000000000e+00 0.000000000000000000e+00 0.000000000000000000e+00 0.000000000000000000e+00 0.000000000000000000e+00 0.000000000000000000e+00 0.000000000000000000e+00 0.000000000000000000e+00 0.000000000000000000e+00 0.000000000000000000e+00 0.000000000000000000e+00 0.000000000000000000e+00 0.000000000000000000e+00 0.000000000000000000e+00 0.000000000000000000e+00 0.000000000000000000e+00 0.000000000000000000e+00 0.000000000000000000e+00 0.000000000000000000e+00 0.000000000000000000e+00 0.000000000000000000e+00 0.000000000000000000e+00 0.000000000000000000e+00 0.000000000000000000e+00 0.000000000000000000e+00 0.000000000000000000e+00 0.000000000000000000e+00 0.000000000000000000e+00 0.000000000000000000e+00 0.000000000000000000e+00
4.527910463266455743e+00 3.669853978735307010e+02 3.689064123465283956e+03 -1.298021627080032125e+01 1.277802534743932938e+03 1.178155238996973367e+03 8.075440591216615758e+02 -7.058617438033143117e+02 -1.751849641183941230e+03 -5.516242148107456842e+02 1.977720775091358519e+03 -2.698507575342199516e+02 -1.110362409236612109e+02 -1.550464928217456873e+03 3.271996122724843303e+01 3.940874435230883819e+02 7.694509182074704086e+02 1.693161421093607942e+03 0.000000000000000000e+00 0.000000000000000000e+00 0.000000000000000000e+00 0.000000000000000000e+00 0.000000000000000000e+00 -9.326088689088645706e-06 -7.881225718536508454e-04 -6.715771729266726588e-03 -2.682525619104045300e-02 -7.313235486965551091e-02 -1.624881807778408571e-01 -3.185069231887285301e-01 -5.678043094642014621e-01 -9.435594375449192217e-01 -1.492915430463731763e+00 -2.286356936325296907e+00 -3.382503715594848970e+00 -4.883895487974015737e+00 -6.932120331067129548e+00 -9.667582229767253565e+00 -1.323248965360265927e+01 -1.782209963685603427e+01 -2.368235337590295231e+01 -3.078139723957275820e+01 -3.908625945712939398e+01 -4.830093445658034312e+01 -5.744466611844442383e+01 -6.486778812107465342e+01 -6.825364310066466089e+01 -6.461870614106202027e+01 -5.190752012395947901e+01 -3.005099237864062900e+01 -1.379807826091800305e+00 3.033503137777938008e+01 6.057054305290511564e+01 8.959140981828285533e+01 1.201860070270807199e+02 1.458087374288205922e+02 1.517062702345327239e+02 1.439522452773078101e+02 1.311975543368225203e+02 9.702896397834628317e+01 6.057630428310581294e+01 3.072545206672834794e+01 1.122337763421919732e+01 2.208399103965082322e+00 0.000000000000000000e+00 0.000000000000000000e+00 0.000000000000000000e+00 0.000000000000000000e+00 0.000000000000000000e+00 0.000000000000000000e+00 0.000000000000000000e+00 0.000000000000000000e+00 0.000000000000000000e+00 0.000000000000000000e+00 0.000000000000000000e+00 0.000000000000000000e+00 0.000000000000000000e+00 0.000000000000000000e+00 0.000000000000000000e+00 0.000000000000000000e+00 0.000000000000000000e+00 0.000000000000000000e+00 0.000000000000000000e+00 0.000000000000000000e+00 0.000000000000000000e+00 0.000000000000000000e+00 0.000000000000000000e+00 0.000000000000000000e+00 0.000000000000000000e+00 0.000000000000000000e+00 0.000000000000000000e+00 0.000000000000000000e+00 0.000000000000000000e+00 0.000000000000000000e+00 0.000000000000000000e+00 0.000000000000000000e+00 0.000000000000000000e+00 0.000000000000000000e+00 0.000000000000000000e+00 0.000000000000000000e+00 0.000000000000000000e+00 0.000000000000000000e+00 0.000000000000000000e+00 0.000000000000000000e+00 0.000000000000000000e+00 0.000000000000000000e+00 0.000000000000000000e+00 0.000000000000000000e+00
3.838339228460132091e+00 3.570132799440293184e+03 2.016620822331137970e+04 -1.853227778753301891e+01 6.985086493892635190e+03 8.075440591216615758e+02 2.784823836390257839e+03 -2.516537358795401815e+03 -1.128956547263451739e+03 2.511998522684541058e+03 -2.942469192349132356e+01 1.981635478100172918e+02 -7.395899721123763015e+01 4.401268691393270274e+03 3.183085960659136049e+02 3.833788799559290510e+03 7.485425786882716238e+03 5.838884245457017641e+03 0.000000000000000000e+00 0.000000000000000000e+00 0.000000000000000000e+00 0.000000000000000000e+00 0.000000000000000000e+00 3.053621696378005613e-06 2.484577888349423502e-04 2.040230938662785602e-03 7.890632776785208927e-03 2.105150504096127764e-02 4.619686864214961330e-02 9.029609044208726509e-02 1.617901321126609393e-01 2.723272767600884436e-01 4.394830079018559044e-01 6.916477915921871444e-01 1.058055783843377506e+00 1.590310444116475486e+00 2.366678542998874146e+00 3.488347525185672815e+00 5.087224270895393197e+00 7.366760097866380086e+00 1.065757058726771689e+01 1.527268650831920560e+01 2.173177732925547190e+01 3.073345125252559740e+01 4.313699730629416251e+01 5.964040052761193778e+01 8.117132700967499659e+01 1.086371179927577799e+02 1.414407533896697942e+02 1.773302897638156423e+02 2.110650607225188367e+02 2.350654241275820766e+02 2.461777045527570067e+02 2.510839262255168194e+02 2.578282332629113967e+02 2.546785346591211692e+02 2.243671656600309063e+02 1.841703677420198915e+02 1.476458998445357054e+02 9.785089055337088837e+01 5.519491661906435098e+01 2.555616483482535273e+01 8.576869374097457310e+00 1.584351366699406016e+00 0.000000000000000000e+00 0.000000000000000000e+00 0.000000000000000000e+00 0.000000000000000000e+00 0.000000000000000000e+00 0.000000000000000000e+00 0.000000000000000000e+00 0.000000000000000000e+00 0.000000000000000000e+00 0.000000000000000000e+00 0.000000000000000000e+00 0.000000000000000000e+00 0.000000000000000000e+00 0.000000000000000000e+00 0.000000000000000000e+00 0.000000000000000000e+00 0.000000000000000000e+00 0.000000000000000000e+00 0.000000000000000000e+00 0.000000000000000000e+00 0.000000000000000000e+00 0.000000000000000000e+00 0.000000000000000000e+00 0.000000000000000000e+00 0.000000000000000000e+00 0.000000000000000000e+00 0.000000000000000000e+00 0.000000000000000000e+00 0.000000000000000000e+00 0.000000000000000000e+00 0.000000000000000000e+00 0.000000000000000000e+00 0.000000000000000000e+00 0.000000000000000000e+00 0.000000000000000000e+00 0.000000000000000000e+00 0.000000000000000000e+00 0.000000000000000000e+00 0.000000000000000000e+00 0.000000000000000000e+00 0.000000000000000000e+00 0.000000000000000000e+00 0.000000000000000000e+00 0.000000000000000000e+00
-5.790115795038076607e-01 -3.377183203891430367e+03 -1.871116866737285818e+04 1.771295537158980693e+01 -6.481096004569165416e+03 -7.058617438033143117e+02 -2.516537358795401815e+03 2.379241198275529314e+03 1.119199567481447502e+03 -2.334465075522774896e+03 -5.102210676719613502e+01 -1.732376360621361755e+02 7.416889322221729230e+01 -4.060558547345264287e+03 -3.011054503229112811e+02 -3.626589784886588404e+03 -7.080872242455327068e+03 -5.276373372479041791e+03 -0.000000000000000000e+00 -0.000000000000000000e+00 -0.000000000000000000e+00 -0.000000000000000000e+00 -0.000000000000000000e+00 -3.185015707994801140e-06 -2.645656770845551697e-04 -2.263018276013651058e-03 -9.270092117349139696e-03 -2.624382349322089067e-02 -6.099989510037750334e-02 -1.256561179641537962e-01 -2.355178497163724627e-01 -4.115528132550704821e-01 -6.842244969412818456e-01 -1.101743618933746838e+00 -1.707726941896922979e+00 -2.582425697541658849e+00 -3.833917911821426383e+00 -5.567253020957230625e+00 -7.914635030939414229e+00 -1.102977444087815861e+01 -1.513637611477357403e+01 -2.024156122753671738e+01 -2.661282250130129157e+01 -3.464602554106758703e+01 -4.666326633261685686e+01 -6.898841026664457843e+01 -8.801354013244514363e+01 -1.084665927935944438e+02 -1.292438225989453997e+02 -1.490463629471963714e+02 -1.687679600948812322e+02 -1.882943365388175891e+02 -2.040476155693596070e+02 -2.174028823328147837e+02 -2.325480118504414975e+02 -2.377632403543362614e+02 -2.145750356270174279e+02 -1.796916212264668502e+02 -1.468141043740095313e+02 -9.835924909949507366e+01 -5.595760600821278530e+01 -2.609065433881168161e+01 -8.793771191278782595e+00 -1.629264143672198850e+00 -0.000000000000000000e+00 -0.000000000000000000e+00 -0.000000000000000000e+00 -0.000000000000000000e+00 -0.000000000000000000e+00 -0.000000000000000000e+00 -0.000000000000000000e+00 -0.000000000000000000e+00 -0.000000000000000000e+00 -0.000000000000000000e+00 -0.000000000000000000e+00 -0.000000000000000000e+00 -0.000000000000000000e+00 -0.000000000000000000e+00 -0.000000000000000000e+00 -0.000000000000000000e+00 -0.000000000000000000e+00 -0.000000000000000000e+00 -0.000000000000000000e+00 -0.000000000000000000e+00 -0.000000000000000000e+00 -0.000000000000000000e+00 -0.000000000000000000e+00 -0.000000000000000000e+00 -0.000000000000000000e+00 -0.000000000000000000e+00 -0.000000000000000000e+00 -0.000000000000000000e+00 -0.000000000000000000e+00 -0.000000000000000000e+00 -0.000000000000000000e+00 -0.000000000000000000e+00 -0.000000000000000000e+00 -0.000000000000000000e+00 -0.000000000000000000e+00 -0.000000000000000000e+00 -0.000000000000000000e+00 -0.000000000000000000e+00 -0.000000000000000000e+00 -0.000000000000000000e+00 -0.000000000000000000e+00 -0.000000000000000000e+00 -0.000000000000000000e+00 -0.000000000000000000e+00
7.620193428228820842e-01 -1.008242192848696277e+02 -3.825752985665261349e+03 2.309241150191270719e+01 -1.325148248655332281e+03 -1.751849641183941230e+03 -1.128956547263451739e+03 1.119199567481447502e+03 3.307552825838598437e+03 1.387181940592212186e+03 -3.798075322690739085e+03 5.244645041257643925e+02 1.995762414421514848e+02 3.486567525991640650e+03 -8.989361878930672844e+00 -1.082701356877374224e+02 -2.113961170003534278e+02 -2.367060534129368079e+03 0.000000000000000000e+00 0.000000000000000000e+00 0.000000000000000000e+00 0.000000000000000000e+00 0.000000000000000000e+00 4.277092430517706491e-06 3.855472621565875896e-04 3.453318875229502947e-03 1.433818663555418496e-02 4.020834068216230794e-02 9.152885153983610078e-02 1.836344399638760450e-01 3.347609092111107354e-01 5.697041882998928886e-01 9.246066458349755379e-01 1.457071471985467381e+00 2.219552692934604554e+00 3.310737701842651592e+00 4.866960636152660058e+00 7.035381895383923556e+00 1.000639452158475784e+01 1.402966378831625427e+01 1.948600751650025131e+01 2.654582957811155453e+01 3.566577712651810117e+01 4.737832991672409833e+01 6.364455904726605695e+01 8.956904303937824352e+01 1.119845244405373847e+02 1.316689778660354762e+02 1.417430908393463369e+02 1.327434169221656077e+02 9.889718407596235750e+01 4.434319370096130797e+01 -1.849096723694930589e+01 -7.762132188502053509e+01 -1.312597223405044531e+02 -1.791858101678890591e+02 -2.244853235905454767e+02 -2.440240121878327386e+02 -2.283707316358821799e+02 -1.917113851487576142e+02 -1.339984036956078626e+02 -7.458306825846740651e+01 -3.101305879036148383e+01 -6.697551045128541602e+00 0.000000000000000000e+00 0.000000000000000000e+00 0.000000000000000000e+00 0.000000000000000000e+00 0.000000000000000000e+00 0.000000000000000000e+00 0.000000000000000000e+00 0.000000000000000000e+00 0.000000000000000000e+00 0.000000000000000000e+00 0.000000000000000000e+00 0.000000000000000000e+00 0.000000000000000000e+00 0.000000000000000000e+00 0.000000000000000000e+00 0.000000000000000000e+00 0.000000000000000000e+00 0.000000000000000000e+00 0.000000000000000000e+00 0.000000000000000000e+00 0.000000000000000000e+00 0.000000000000000000e+00 0.000000000000000000e+00 0.000000000000000000e+00 0.000000000000000000e+00 0.000000000000000000e+00 0.000000000000000000e+00 0.000000000000000000e+00 0.000000000000000000e+00 0.000000000000000000e+00 0.000000000000000000e+00 0.000000000000000000e+00 0.000000000000000000e+00 0.000000000000000000e+00 0.000000000000000000e+00 0.000000000000000000e+00 0.000000000000000000e+00 0.000000000000000000e+00 0.000000000000000000e+00 0.000000000000000000e+00 0.000000000000000000e+00 0.000000000000000000e+00 0.000000000000000000e+00 0.000000000000000000e+00
1.382610465651716858e+00 4.738633546663192647e+03 2.309495984587223211e+04 -4.806626069660445921e+00 7.999535178354187337e+03 -5.516242148107456842e+02 2.511998522684541058e+03 -2.334465075522774896e+03 1.387181940592212186e+03 4.530391267327013338e+03 -3.295219658336627162e+03 7.023870558841946377e+02 7.060572900324802958e+01 8.806881969385025513e+03 4.224906680630123788e+02 5.088583881042571193e+03 9.935397851402356537e+03 5.266856885901288479e+03 0.000000000000000000e+00 0.000000000000000000e+00 0.000000000000000000e+00 0.000000000000000000e+00 0.000000000000000000e+00 7.444464713168588192e-06 6.479995315901199192e-04 5.709805188135223634e-03 2.368567943794497310e-02 6.703895822385093350e-02 1.547728723085471103e-01 3.157016399025836528e-01 5.855653041480022303e-01 1.013265260028957115e+00 1.670482762774444963e+00 2.671453366586539868e+00 4.122954507520555367e+00 6.220745310534769423e+00 9.237909972030617922e+00 1.346727055421037456e+01 1.928355247423584018e+01 2.717654659015050456e+01 3.789293431260179545e+01 5.175310213659297887e+01 6.968624087439472703e+01 9.288853403304919709e+01 1.256627766851087529e+02 1.787738386314243826e+02 2.269137337863075459e+02 2.747606025557345788e+02 3.136902764496589384e+02 3.328631527718102916e+02 3.279179319996721347e+02 3.030692306936495015e+02 2.665451676309893969e+02 2.310988119977763802e+02 2.038020766636929579e+02 1.689677314171588023e+02 1.005399056848426511e+02 3.849150825272963772e+01 7.602061463193840574e+00 -2.582546428554621443e+01 -3.451389696641537341e+01 -2.569224972750716063e+01 -1.330230520541632977e+01 -3.216022110698877334e+00 0.000000000000000000e+00 0.000000000000000000e+00 0.000000000000000000e+00 0.000000000000000000e+00 0.000000000000000000e+00 0.000000000000000000e+00 0.000000000000000000e+00 0.000000000000000000e+00 0.000000000000000000e+00 0.000000000000000000e+00 0.000000000000000000e+00 0.000000000000000000e+00 0.000000000000000000e+00 0.000000000000000000e+00 0.000000000000000000e+00 0.000000000000000000e+00 0.000000000000000000e+00 0.000000000000000000e+00 0.000000000000000000e+00 0.000000000000000000e+00 0.000000000000000000e+00 0.000000000000000000e+00 0.000000000000000000e+00 0.000000000000000000e+00 0.000000000000000000e+00 0.000000000000000000e+00 0.000000000000000000e+00 0.000000000000000000e+00 0.000000000000000000e+00 0.000000000000000000e+00 0.000000000000000000e+00 0.000000000000000000e+00 0.000000000000000000e+00 0.000000000000000000e+00 0.000000000000000000e+00 0.000000000000000000e+00 0.000000000000000000e+00 0.000000000000000000e+00 0.000000000000000000e+00 0.000000000000000000e+00 0.000000000000000000e+00 0.000000000000000000e+00 0.000000000000000000e+00 0.000000000000000000e+00
-1.551224246863798450e+00 -1.807744080518511964e+03 -5.930739800428612398e+03 -2.130892163446674559e+01 -2.054264739311662197e+03 1.977720775091358519e+03 -2.942469192349132356e+01 -5.102210676719613502e+01 -3.798075322690739085e+03 -3.295219658336626708e+03 5.162635913692393842e+03 -8.318493959714028279e+02 -2.306015340757883791e+02 -7.236483737623272646e+03 -1.611762118222954427e+02 -1.941246838058238836e+03 -3.790260731623004176e+03 -6.169416099303501255e+01 0.000000000000000000e+00 0.000000000000000000e+00 0.000000000000000000e+00 0.000000000000000000e+00 0.000000000000000000e+00 -8.994146211678954525e-06 -7.844382615279939632e-04 -6.879961662867342155e-03 -2.826218025105549023e-02 -7.901482864730537126e-02 -1.800575119308265026e-01 -3.624024718015025348e-01 -6.631607170395185102e-01 -1.132766300953892191e+00 -1.843882364967117438e+00 -2.911424108352103524e+00 -4.435271804401156537e+00 -6.606003089173237086e+00 -9.675638503852285410e+00 -1.388819977044284748e+01 -1.955554790570945300e+01 -2.703674382949930433e+01 -3.685149118521437828e+01 -4.900530960568961092e+01 -6.407014565304872633e+01 -8.277195828431526081e+01 -1.102295022782158043e+02 -1.611425607821426809e+02 -2.011978053604057664e+02 -2.382149663473065857e+02 -2.635302339136546266e+02 -2.643179943107084000e+02 -2.339579413951950926e+02 -1.770121638388480960e+02 -1.050286361164191504e+02 -3.494932284744859885e+01 2.763985212708803019e+01 9.045838819213506099e+01 1.728646484889887347e+02 2.271627703064659727e+02 2.279518791694149229e+02 2.106046668029194677e+02 1.572273798908477147e+02 9.150865434383182162e+01 3.969954218733763440e+01 8.790749251730995084e+00 0.000000000000000000e+00 0.000000000000000000e+00 0.000000000000000000e+00 0.000000000000000000e+00 0.000000000000000000e+00 0.000000000000000000e+00 0.000000000000000000e+00 0.000000000000000000e+00 0.000000000000000000e+00 0.000000000000000000e+00 0.000000000000000000e+00 0.000000000000000000e+00 0.000000000000000000e+00 0.000000000000000000e+00 0.000000000000000000e+00 0.000000000000000000e+00 0.000000000000000000e+00 0.000000000000000000e+00 0.000000000000000000e+00 0.000000000000000000e+00 0.000000000000000000e+00 0.000000000000000000e+00 0.000000000000000000e+00 0.000000000000000000e+00 0.000000000000000000e+00 0.000000000000000000e+00 0.000000000000000000e+00 0.000000000000000000e+00 0.000000000000000000e+00 0.000000000000000000e+00 0.000000000000000000e+00 0.000000000000000000e+00 0.000000000000000000e+00 0.000000000000000000e+00 0.000000000000000000e+00 0.000000000000000000e+00 0.000000000000000000e+00 0.000000000000000000e+00 0.000000000000000000e+00 0.000000000000000000e+00 0.000000000000000000e+00 0.000000000000000000e+00 0.000000000000000000e+00 0.000000000000000000e+00
3.206166194449940887e-01 5.239785887571744070e+02 2.306955593064094955e+03 2.224594033343516131e+00 7.990735876908472619e+02 -2.698507575342199516e+02 1.981635478100172918e+02 -1.732376360621361755e+02 5.244645041257643925e+02 7.023870558841947513e+02 -8.318493959714028279e+02 1.490403114853507702e+02 3.231521727716980763e+01 1.471510351588209687e+03 4.671727869115760967e+01 5.626746559962901983e+02 1.098615390629802050e+03 4.154855334876671691e+02 0.000000000000000000e+00 0.000000000000000000e+00 0.000000000000000000e+00 0.000000000000000000e+00 0.000000000000000000e+00 1.896863638531897749e-06 1.629172976564795955e-04 1.413856824804022834e-03 5.773333252996389747e-03 1.610299123533594917e-02 3.668256012528345322e-02 7.388253728910433582e-02 1.353291713856597522e-01 2.313785242873198089e-01 3.768465800497686202e-01 5.950600817088108618e-01 9.056881908764550237e-01 1.346673520824653858e+00 1.966778376423855557e+00 2.809681850452844021e+00 3.930726636644907401e+00 5.386505119412552389e+00 7.254369279574571117e+00 9.496316032008184749e+00 1.218811440643224131e+01 1.543523670496275102e+01 2.041223727698175239e+01 3.062487043993567681e+01 3.814684299115790367e+01 4.525344398440999072e+01 5.070126061794903194e+01 5.247218236583817230e+01 4.968490921683577000e+01 4.289459304437871623e+01 3.314965621569935905e+01 2.324611321724209745e+01 1.449882973123955310e+01 4.639588137087630848e+00 -1.149517819244160144e+01 -2.394637420900964031e+01 -2.687981787807848377e+01 -2.821944604921830901e+01 -2.267431910090413893e+01 -1.379800387235693471e+01 -6.224091721369256369e+00 -1.408316517924702804e+00 0.000000000000000000e+00 0.000000000000000000e+00 0.000000000000000000e+00 0.000000000000000000e+00 0.000000000000000000e+00 0.000000000000000000e+00 0.000000000000000000e+00 0.000000000000000000e+00 0.000000000000000000e+00 0.000000000000000000e+00 0.000000000000000000e+00 0.000000000000000000e+00 0.000000000000000000e+00 0.000000000000000000e+00 0.000000000000000000e+00 0.000000000000000000e+00 0.000000000000000000e+00 0.000000000000000000e+00 0.000000000000000000e+00 0.000000000000000000e+00 0.000000000000000000e+00 0.000000000000000000e+00 0.000000000000000000e+00 0.000000000000000000e+00 0.000000000000000000e+00 0.000000000000000000e+00 0.000000000000000000e+00 0.000000000000000000e+00 0.000000000000000000e+00 0.000000000000000000e+00 0.000000000000000000e+00 0.000000000000000000e+00 0.000000000000000000e+00 0.000000000000000000e+00 0.000000000000000000e+00 0.000000000000000000e+00 0.000000000000000000e+00 0.000000000000000000e+00 0.000000000000000000e+00 0.000000000000000000e+00 0.000000000000000000e+00 0.000000000000000000e+00 0.000000000000000000e+00 0.000000000000000000e+00
6.532450481375476348e-02 -3.638364797908626258e+01 -3.468216669242171974e+02 1.550535324483839572e+00 -1.201306321245491375e+02 -1.110362409236612109e+02 -7.395899721123763015e+01 7.416889322221729230e+01 1.995762414421514848e+02 7.060572900324800116e+01 -2.306015340757883791e+02 3.231521727716980052e+01 1.282815469816142162e+01 1.929927383778297099e+02 -3.243920761097469185e+00 -3.907059763468662084e+01 -7.628486448633313444e+01 -1.550683450721434724e+02 0.000000000000000000e+00 0.000000000000000000e+00 0.000000000000000000e+00 0.000000000000000000e+00 0.000000000000000000e+00 4.121585814715199951e-07 3.551104142340521906e-05 3.073047019195394164e-04 1.245124513104868720e-03 3.436464727031077453e-03 7.737412304204581599e-03 1.539298490072636867e-02 2.783644608454912545e-02 4.699902588870701753e-02 7.558697933563700289e-02 1.178200765721569704e-01 1.769073078045287628e-01 2.594147602986188739e-01 3.731031910984919930e-01 5.235042880136762111e-01 7.175710103681920415e-01 9.592623572429087586e-01 1.251700348703051802e+00 1.573120960186549011e+00 1.920247016813169116e+00 2.289980263797377180e+00 2.932518963596822736e+00 4.664654245283849754e+00 5.638339529016738183e+00 6.416123570884031402e+00 6.781407763547407264e+00 6.291265339357391184e+00 4.692495794675457965e+00 2.094456402736635692e+00 -1.185202284717078891e+00 -4.464798869135979231e+00 -7.572699160891281700e+00 -1.056603142291000630e+01 -1.408830285498008728e+01 -1.599590927527329676e+01 -1.520179517850606032e+01 -1.321723135381864900e+01 -9.490783844427026494e+00 -5.387189155030768006e+00 -2.285924168147406732e+00 -4.997991878604847726e-01 0.000000000000000000e+00 0.000000000000000000e+00 0.000000000000000000e+00 0.000000000000000000e+00 0.000000000000000000e+00 0.000000000000000000e+00 0.000000000000000000e+00 0.000000000000000000e+00 0.000000000000000000e+00 0.000000000000000000e+00 0.000000000000000000e+00 0.000000000000000000e+00 0.000000000000000000e+00 0.000000000000000000e+00 0.000000000000000000e+00 0.000000000000000000e+00 0.000000000000000000e+00 0.000000000000000000e+00 0.000000000000000000e+00 0.000000000000000000e+00 0.000000000000000000e+00 0.000000000000000000e+00 0.000000000000000000e+00 0.000000000000000000e+00 0.000000000000000000e+00 0.000000000000000000e+00 0.000000000000000000e+00 0.000000000000000000e+00 0.000000000000000000e+00 0.000000000000000000e+00 0.000000000000000000e+00 0.000000000000000000e+00 0.000000000000000000e+00 0.000000000000000000e+00 0.000000000000000000e+00 0.000000000000000000e+00 0.000000000000000000e+00 0.000000000000000000e+00 0.000000000000000000e+00 0.000000000000000000e+00 0.000000000000000000e+00 0.000000000000000000e+00 0.000000000000000000e+00 0.000000000000000000e+00
2.995397205031562926e+00 8.650789160624944998e+03 4.158954443212533079e+04 -1.587955909462102966e+00 1.440561169869165678e+04 -1.550464928217456873e+03 4.401268691393270274e+03 -4.060558547345264287e+03 3.486567525991640650e+03 8.806881969385025513e+03 -7.236483737623273555e+03 1.471510351588209915e+03 1.929927383778297383e+02 1.740217685974569031e+04 7.712935924995416599e+02 9.289654042155605566e+03 1.813793600898525983e+04 9.228051730378134380e+03 0.000000000000000000e+00 0.000000000000000000e+00 0.000000000000000000e+00 0.000000000000000000e+00 0.000000000000000000e+00 1.664272391476398057e-05 1.441173827478535365e-03 1.262905122599172064e-02 5.210588551431458854e-02 1.467689307982143476e-01 3.373985366673993291e-01 6.854938758204526250e-01 1.266533338247284313e+00 2.183557594207107933e+00 3.586498883366893153e+00 5.713422373991891234e+00 8.780367583867917602e+00 1.318905248471301661e+01 1.948713976973624185e+01 2.823536710014092677e+01 4.014949537604455543e+01 5.611663845022658847e+01 7.746175894057653011e+01 1.045341779154948512e+02 1.389207052850009347e+02 1.826915727217511289e+02 2.457348890202335383e+02 3.545212379247038825e+02 4.478541000781054890e+02 5.396278284920781516e+02 6.136019413014334987e+02 6.480103514756044660e+02 6.339921846630576283e+02 5.792794050680050759e+02 4.986154967978841910e+02 4.188572683216491441e+02 3.544446288016300741e+02 2.751055858257948898e+02 1.264613837401738579e+02 -2.829421602150375747e+00 -5.857609978590539868e+01 -1.143650813576938390e+02 -1.134434315182237469e+02 -7.638410083158356656e+01 -3.714555231257106271e+01 -8.728731895206557567e+00 0.000000000000000000e+00 0.000000000000000000e+00 0.000000000000000000e+00 0.000000000000000000e+00 0.000000000000000000e+00 0.000000000000000000e+00 0.000000000000000000e+00 0.000000000000000000e+00 0.000000000000000000e+00 0.000000000000000000e+00 0.000000000000000000e+00 0.000000000000000000e+00 0.000000000000000000e+00 0.000000000000000000e+00 0.000000000000000000e+00 0.000000000000000000e+00 0.000000000000000000e+00 0.000000000000000000e+00 0.000000000000000000e+00 0.000000000000000000e+00 0.000000000000000000e+00 0.000000000000000000e+00 0.000000000000000000e+00 0.000000000000000000e+00 0.000000000000000000e+00 0.000000000000000000e+00 0.000000000000000000e+00 0.000000000000000000e+00 0.000000000000000000e+00 0.000000000000000000e+00 0.000000000000000000e+00 0.000000000000000000e+00 0.000000000000000000e+00 0.000000000000000000e+00 0.000000000000000000e+00 0.000000000000000000e+00 0.000000000000000000e+00 0.000000000000000000e+00 0.000000000000000000e+00 0.000000000000000000e+00 0.000000000000000000e+00 0.000000000000000000e+00 0.000000000000000000e+00 0.000000000000000000e+00
