1.908705024168859676e+00 -1.130823090134682474e+01 -9.586791395166133611e+01 5.361151340270962212e-02 -1.255886068310534576e+01 -6.340597476686649969e+00 -3.706661601335209166e+00 5.621242462945207768e-02 3.217944512897398024e+00 -1.537167264248972032e+01 -5.038594385742993786e+00
-1.130823090134682474e+01 1.262698211380530302e+04 1.016155409695757407e+05 -2.489851760276156867e+01 1.331180965217163975e+04 4.384522916854426512e+03 3.235028811617456086e+03 2.661612715377663335e+03 2.279499730053484654e+03 1.716429715746878355e+04 4.397487486330282081e+03
-9.586791395166133611e+01 1.016155409695757407e+05 8.490053565606554039e+05 -2.476583672940560632e+02 1.112211536972811882e+05 3.668423757273097726e+04 3.123444571613327935e+04 2.592226079868960733e+04 1.144721314912390517e+04 1.381295487155098817e+05 4.245807137355432496e+04
5.361151340270962212e-02 -2.489851760276156867e+01 -2.476583672940560632e+02 1.484580871690528714e-01 -3.244366966636687266e+01 -1.279331845419819835e+01 -1.424726622966620937e+01 -1.214194810855816264e+01 9.939178790244936224e+00 -3.384542332146178012e+01 -1.936680586410239968e+01
-1.255886068310534576e+01 1.331180965217163975e+04 1.112211536972811882e+05 -3.244366966636687266e+01 1.457016134723348478e+04 4.805697860226395278e+03 4.091765806656906989e+03 3.395860497455043969e+03 1.499604499813646498e+03 1.809520711395681428e+04 5.562079962673180489e+03
-6.340597476686649969e+00 4.384522916854426512e+03 3.668423757273097726e+04 -1.279331845419819835e+01 4.805697860226395278e+03 1.892613210704006406e+03 1.356231959481189733e+03 1.016148687160930422e+03 2.132621851372946935e+02 5.960034912565614832e+03 1.843573401560472803e+03
-3.706661601335209166e+00 3.235028811617456086e+03 3.123444571613327935e+04 -1.424726622966620937e+01 4.091765806656906989e+03 1.356231959481189733e+03 1.694144620879624654e+03 1.431157067557692471e+03 -5.636016970404357380e+02 4.397487486330282081e+03 2.302909867015080181e+03
5.621242462945207768e-02 2.661612715377663335e+03 2.592226079868960733e+04 -1.214194810855816264e+01 3.395860497455043969e+03 1.016148687160930422e+03 1.431157067557692471e+03 1.463230356988239009e+03 -7.021379406954107480e+02 3.618022988635715137e+03 1.945421714006763295e+03
3.217944512897398024e+00 2.279499730053484654e+03 1.144721314912390517e+04 9.939178790244936224e+00 1.499604499813646498e+03 2.132621851372946935e+02 -5.636016970404357380e+02 -7.021379406954107480e+02 2.677439722892450845e+03 3.098603481367943914e+03 -7.661234425824653727e+02
-1.537167264248972032e+01 1.716429715746878355e+04 1.381295487155098817e+05 -3.384542332146178012e+01 1.809520711395681428e+04 5.960034912565614832e+03 4.397487486330282081e+03 3.618022988635715137e+03 3.098603481367943914e+03 2.333202773668184818e+04 5.977658103997790022e+03
-5.038594385742993786e+00 4.397487486330282081e+03 4.245807137355432496e+04 -1.936680586410239968e+01 5.562079962673180489e+03 1.843573401560472803e+03 2.302909867015080181e+03 1.945421714006763295e+03 -7.661234425824653727e+02 5.977658103997790022e+03 3.130425696976102699e+03
