1.670849776883451820e+00 -2.496894440745356825e+00 -4.164312692928346493e+00 -6.899100054355044795e-03 -1.561448282327443371e+00 3.409834007991384031e+00 1.239879160655304791e+00 5.348103272814185294e-01 -4.231761884061863377e+00 -5.537157913366277384e+00 2.749578273717907528e+00
-2.496894440745356825e+00 2.529004681635514316e+03 1.246551063478033575e+04 -6.316411964610280094e+00 4.674060668418474961e+03 -2.478358666200920482e+02 1.574787432698472458e+03 2.773099203618882257e+03 2.847624328216876393e+02 5.608366159715666072e+03 3.492276867032115206e+03
-4.164312692928346493e+00 1.246551063478033575e+04 6.371649083902488928e+04 -3.657359278089245436e+01 2.389109860685465173e+04 -5.566656136039187004e+02 8.542515972091012372e+03 1.474171155414360146e+04 2.315800133231535440e+01 2.764374005130985825e+04 1.894403669736292068e+04
-6.899100054355044795e-03 -6.316411964610280094e+00 -3.657359278089245436e+01 5.748890586157652527e-02 -1.371361322679868344e+01 -3.194317907721593297e+00 -5.800150937036305798e+00 -1.017054576134353283e+01 7.416699418135686450e+00 -1.400738850757451281e+01 -1.286251878959777528e+01
-1.561448282327443371e+00 4.674060668418474961e+03 2.389109860685465173e+04 -1.371361322679868344e+01 8.958192535814601797e+03 -2.087270169861727425e+02 3.203096855341202172e+03 5.527543650569996316e+03 8.683310805138649613e+00 1.036528080456680073e+04 7.103245059305232644e+03
3.409834007991384031e+00 -2.478358666200920482e+02 -5.566656136039187004e+02 -3.194317907721593297e+00 -2.087270169861727425e+02 5.477380289409310308e+02 7.387774968713458179e+01 7.242676844193483987e+01 -8.906603241659502146e+02 -5.496052647150667099e+02 1.638326232885103479e+02
1.239879160655304791e+00 1.574787432698472458e+03 8.542515972091012372e+03 -5.800150937036305798e+00 3.203096855341202172e+03 7.387774968713458179e+01 1.248426666128709940e+03 2.095057699653577401e+03 -2.964518876118532376e+02 3.492276867032115206e+03 2.768533375222908035e+03
5.348103272814185294e-01 2.773099203618882257e+03 1.474171155414360146e+04 -1.017054576134353283e+01 5.527543650569996316e+03 7.242676844193483987e+01 2.095057699653577401e+03 3.658126757184994403e+03 -5.297149200165545153e+02 6.149674551433697161e+03 4.646037546197901975e+03
-4.231761884061863377e+00 2.847624328216876393e+02 2.315800133231535440e+01 7.416699418135686450e+00 8.683310805138649613e+00 -8.906603241659502146e+02 -2.964518876118532376e+02 -5.297149200165545153e+02 1.824430658642430899e+03 6.314942804940322958e+02 -6.574170251796191451e+02
-5.537157913366277384e+00 5.608366159715666072e+03 2.764374005130985825e+04 -1.400738850757451281e+01 1.036528080456680073e+04 -5.496052647150667099e+02 3.492276867032115206e+03 6.149674551433697161e+03 6.314942804940322958e+02 1.243721342623320561e+04 7.744535841963907842e+03
2.749578273717907528e+00 3.492276867032115206e+03 1.894403669736292068e+04 -1.286251878959777528e+01 7.103245059305232644e+03 1.638326232885103479e+02 2.768533375222908035e+03 4.646037546197901975e+03 -6.574170251796191451e+02 7.744535841963907842e+03 6.139549288458506453e+03
