# A b_HI Tb sigma_NL sigma8tot n_s f DA H omegak omegaDE w0 wa h gamma sigma_8 fs8 bs8 pk0 pk1 pk2 pk3 pk4 pk5 pk6 pk7 pk8 pk9 pk10 pk11 pk12 pk13 pk14 pk15 pk16 pk17 pk18 pk19 pk20 pk21 pk22 pk23 pk24 pk25 pk26 pk27 pk28 pk29 pk30 pk31 pk32 pk33 pk34 pk35 pk36 pk37 pk38 pk39 pk40 pk41 pk42 pk43 pk44 pk45 pk46 pk47 pk48 pk49 pk50 pk51 pk52 pk53 pk54 pk55 pk56 pk57 pk58 pk59 pk60 pk61 pk62 pk63 pk64 pk65 pk66 pk67 pk68 pk69 pk70 pk71 pk72 pk73 pk74 pk75 pk76 pk77 pk78 pk79 pk80 pk81 pk82 pk83 pk84 pk85 pk86 pk87 pk88 pk89
3.206454698492137823e+00 5.868052268066080046e+00 3.152957030360009227e+01 -5.241099730802564879e-04 7.097404759364625448e+00 4.380471033565382366e-01 1.600588098976812645e+00 -1.968807758115847850e+00 5.219672494439513422e+00 8.717913603923575394e+00 -3.364691801018457884e+00 6.978875818637366724e-01 9.105675839421592532e-02 1.159104461398940167e+01 -8.982927077208588962e-01 5.581802481684649209e+00 9.652341566237542025e+00 2.632802560784039070e+00 0.000000000000000000e+00 0.000000000000000000e+00 0.000000000000000000e+00 0.000000000000000000e+00 0.000000000000000000e+00 0.000000000000000000e+00 0.000000000000000000e+00 1.023912773049540581e-21 2.219603835478372420e-19 -2.316107913408442006e-18 3.689054599308347111e-18 -1.653582414970369177e-17 -8.754486591716304272e-17 9.152255672122781390e-17 8.376043692466462366e-17 -6.172670849133827296e-17 -6.834086053920052481e-16 -4.887747330133223305e-16 -9.305179719887035041e-16 9.325611160705829624e-16 -5.104709635614520417e-15 -1.594602929133830708e-15 -1.310018317267917361e-15 -5.860538547025574551e-15 -1.235856580429041088e-14 -9.685061748557922943e-15 -3.723208494729326329e-02 -8.234190699799894819e-01 -2.038494964542064025e+00 -2.481126287001637731e+00 -5.520076477547207761e-01 4.334216421748692483e+00 9.278757213340796284e+00 6.933161007777287388e+00 -5.650500066026793888e+00 -1.362160180438546142e+01 -1.590120779205108359e-01 1.211642810224208588e+01 -6.318125044259205181e-01 -6.613056636852626902e+00 3.545796254780335666e+00 -4.349102832053444168e-01 -4.280935495619318520e-01 2.256523883621019411e-01 -2.611306947433094522e-03 0.000000000000000000e+00 0.000000000000000000e+00 0.000000000000000000e+00 0.000000000000000000e+00 0.000000000000000000e+00 0.000000000000000000e+00 0.000000000000000000e+00 0.000000000000000000e+00 0.000000000000000000e+00 0.000000000000000000e+00 0.000000000000000000e+00 0.000000000000000000e+00 0.000000000000000000e+00 0.000000000000000000e+00 0.000000000000000000e+00 0.000000000000000000e+00 0.000000000000000000e+00 0.000000000000000000e+00 0.000000000000000000e+00 0.000000000000000000e+00 0.000000000000000000e+00 0.000000000000000000e+00 0.000000000000000000e+00 0.000000000000000000e+00 0.000000000000000000e+00 0.000000000000000000e+00 0.000000000000000000e+00 0.000000000000000000e+00 0.000000000000000000e+00 0.000000000000000000e+00 0.000000000000000000e+00 0.000000000000000000e+00 0.000000000000000000e+00 0.000000000000000000e+00 0.000000000000000000e+00 0.000000000000000000e+00 0.000000000000000000e+00 0.000000000000000000e+00 0.000000000000000000e+00 0.000000000000000000e+00 0.000000000000000000e+00 0.000000000000000000e+00 0.000000000000000000e+00 0.000000000000000000e+00 0.000000000000000000e+00
5.868052268066080046e+00 8.270794786044771172e+03 5.080344563992835174e+04 -2.357551494024167482e+01 1.143601430038450053e+04 1.637304912009189138e+03 3.761903887222114008e+03 -3.268009084915918720e+03 6.161874303703983742e+02 8.586561472528224840e+03 -6.981334061985444706e+00 -4.534345375363922130e+02 -1.719970402444268416e+02 7.884048141916698114e+03 -1.266109145583370719e+03 7.867336682306661714e+03 1.360460552364349496e+04 6.187944414951763974e+03 0.000000000000000000e+00 0.000000000000000000e+00 0.000000000000000000e+00 0.000000000000000000e+00 0.000000000000000000e+00 0.000000000000000000e+00 0.000000000000000000e+00 4.092771930174810283e-06 6.376321209593000406e-04 4.872694452983987456e-03 1.681384684519125067e-02 4.239382559873150491e-02 8.941335916564847885e-02 1.692413893934446023e-01 2.989864325934266653e-01 5.072030842209344081e-01 8.257451056964048020e-01 1.308594686448338873e+00 2.038834964971577790e+00 3.126804760498062663e+00 4.725448210940415450e+00 7.054250712269444001e+00 1.049921566488069047e+01 1.540540699504910727e+01 2.240149167616002757e+01 3.234786058979398149e+01 4.639596744629894687e+01 6.572742282538710867e+01 9.227167387640878360e+01 1.291927209355320940e+02 1.789138475651755869e+02 2.437134048366495449e+02 3.211159831748424267e+02 3.984457215985615903e+02 4.536010787085435254e+02 4.835723570359376708e+02 5.008074193880185021e+02 4.818725589589510605e+02 4.043782843324514147e+02 3.191756317116386867e+02 2.510580970825958786e+02 1.647845205107199149e+02 9.289000407041972096e+01 4.045082020293217084e+01 4.175619952954392478e-01 0.000000000000000000e+00 0.000000000000000000e+00 0.000000000000000000e+00 0.000000000000000000e+00 0.000000000000000000e+00 0.000000000000000000e+00 0.000000000000000000e+00 0.000000000000000000e+00 0.000000000000000000e+00 0.000000000000000000e+00 0.000000000000000000e+00 0.000000000000000000e+00 0.000000000000000000e+00 0.000000000000000000e+00 0.000000000000000000e+00 0.000000000000000000e+00 0.000000000000000000e+00 0.000000000000000000e+00 0.000000000000000000e+00 0.000000000000000000e+00 0.000000000000000000e+00 0.000000000000000000e+00 0.000000000000000000e+00 0.000000000000000000e+00 0.000000000000000000e+00 0.000000000000000000e+00 0.000000000000000000e+00 0.000000000000000000e+00 0.000000000000000000e+00 0.000000000000000000e+00 0.000000000000000000e+00 0.000000000000000000e+00 0.000000000000000000e+00 0.000000000000000000e+00 0.000000000000000000e+00 0.000000000000000000e+00 0.000000000000000000e+00 0.000000000000000000e+00 0.000000000000000000e+00 0.000000000000000000e+00 0.000000000000000000e+00 0.000000000000000000e+00 0.000000000000000000e+00 0.000000000000000000e+00 0.000000000000000000e+00
3.152957030360009227e+01 5.080344563992835174e+04 3.275233696865186212e+05 -1.793648148674270431e+02 7.372653355034184642e+04 1.213572438597532528e+04 2.676667841345398483e+04 -2.298598794572366751e+04 -2.759827891109696793e+03 5.123536573296863207e+04 3.156542336327098383e+03 -3.602909341487583333e+03 -1.270870090205320139e+03 4.544387034540939203e+04 -7.777089000006620154e+03 4.832519991246426798e+04 8.356643527648394229e+04 4.402842899786269118e+04 0.000000000000000000e+00 0.000000000000000000e+00 0.000000000000000000e+00 0.000000000000000000e+00 0.000000000000000000e+00 0.000000000000000000e+00 0.000000000000000000e+00 3.348908559939248040e-05 4.926667495061039931e-03 3.577522336012359250e-02 1.181158131535484518e-01 2.868947569503569883e-01 5.867005665803570746e-01 1.082254146752025026e+00 1.870752709545715486e+00 3.113667316070929392e+00 4.987632151585955853e+00 7.794971606193277225e+00 1.199926970584571428e+01 1.821335785663374907e+01 2.727711213955663538e+01 4.041435832159680785e+01 5.974722800641981024e+01 8.721166735767013733e+01 1.262824321300249295e+02 1.817595167594962788e+02 2.601244263126466194e+02 3.681452674171317767e+02 5.169313971548355084e+02 7.245275289113084227e+02 1.005966900846447970e+03 1.376478383020973752e+03 1.829051420229418454e+03 2.305779919517182861e+03 2.694785196046581405e+03 2.979593766389667508e+03 3.223356354607017693e+03 3.264559680498705347e+03 2.895521772407996195e+03 2.394502511066345505e+03 1.945884347326197485e+03 1.307751161539647455e+03 7.499017531320224634e+02 3.302463876550669966e+02 3.422699407827409335e+00 0.000000000000000000e+00 0.000000000000000000e+00 0.000000000000000000e+00 0.000000000000000000e+00 0.000000000000000000e+00 0.000000000000000000e+00 0.000000000000000000e+00 0.000000000000000000e+00 0.000000000000000000e+00 0.000000000000000000e+00 0.000000000000000000e+00 0.000000000000000000e+00 0.000000000000000000e+00 0.000000000000000000e+00 0.000000000000000000e+00 0.000000000000000000e+00 0.000000000000000000e+00 0.000000000000000000e+00 0.000000000000000000e+00 0.000000000000000000e+00 0.000000000000000000e+00 0.000000000000000000e+00 0.000000000000000000e+00 0.000000000000000000e+00 0.000000000000000000e+00 0.000000000000000000e+00 0.000000000000000000e+00 0.000000000000000000e+00 0.000000000000000000e+00 0.000000000000000000e+00 0.000000000000000000e+00 0.000000000000000000e+00 0.000000000000000000e+00 0.000000000000000000e+00 0.000000000000000000e+00 0.000000000000000000e+00 0.000000000000000000e+00 0.000000000000000000e+00 0.000000000000000000e+00 0.000000000000000000e+00 0.000000000000000000e+00 0.000000000000000000e+00 0.000000000000000000e+00 0.000000000000000000e+00 0.000000000000000000e+00
-5.241099730802564879e-04 -2.357551494024167482e+01 -1.793648148674270431e+02 2.231874320143311941e-01 -4.037558008068616999e+01 -1.373335609642070487e+01 -1.889964089602725750e+01 1.689785418317847387e+01 2.526505508156033031e+01 -1.444436519292034937e+01 -1.574155489656111229e+01 5.722624365986136219e+00 1.516313091365361077e+00 -6.204981571841883259e-01 3.608985091498289943e+00 -2.242547642538352903e+01 -3.877929377717428849e+01 -3.108796259372926940e+01 0.000000000000000000e+00 0.000000000000000000e+00 0.000000000000000000e+00 0.000000000000000000e+00 0.000000000000000000e+00 0.000000000000000000e+00 0.000000000000000000e+00 -2.024025166115449265e-11 -3.182752687894694837e-09 -2.547305191183687932e-08 -9.532700709720555675e-08 -2.690283215046084617e-07 -6.497159063407407040e-07 -1.429301230851992360e-06 -2.971912703221626911e-06 -6.021029715173471436e-06 -1.177280308408002929e-05 -2.254390467242279423e-05 -4.279802109375216462e-05 -8.053272069326815981e-05 -1.495439151367106340e-04 -2.753935299694959928e-04 -5.097575221388227435e-04 -9.327118122681976034e-04 -1.695074138300108318e-03 -3.073960464584677733e-03 -5.578391283160431986e-03 -1.001875476242467325e-02 -1.790187169225301855e-02 -3.214835253987410879e-02 -5.741516190133006542e-02 -1.014775207128328499e-01 -1.763294567582673888e-01 -2.986557536702273419e-01 -4.803115842502062027e-01 -7.458598811555803287e-01 -1.143997199629843475e+00 -1.649196509974220515e+00 -2.071285378967658630e+00 -2.377740070925870697e+00 -2.614891728100170010e+00 -2.318939877399112337e+00 -1.741601890353589477e+00 -9.781651415104021252e-01 -1.122835702248979432e-02 0.000000000000000000e+00 0.000000000000000000e+00 0.000000000000000000e+00 0.000000000000000000e+00 0.000000000000000000e+00 0.000000000000000000e+00 0.000000000000000000e+00 0.000000000000000000e+00 0.000000000000000000e+00 0.000000000000000000e+00 0.000000000000000000e+00 0.000000000000000000e+00 0.000000000000000000e+00 0.000000000000000000e+00 0.000000000000000000e+00 0.000000000000000000e+00 0.000000000000000000e+00 0.000000000000000000e+00 0.000000000000000000e+00 0.000000000000000000e+00 0.000000000000000000e+00 0.000000000000000000e+00 0.000000000000000000e+00 0.000000000000000000e+00 0.000000000000000000e+00 0.000000000000000000e+00 0.000000000000000000e+00 0.000000000000000000e+00 0.000000000000000000e+00 0.000000000000000000e+00 0.000000000000000000e+00 0.000000000000000000e+00 0.000000000000000000e+00 0.000000000000000000e+00 0.000000000000000000e+00 0.000000000000000000e+00 0.000000000000000000e+00 0.000000000000000000e+00 0.000000000000000000e+00 0.000000000000000000e+00 0.000000000000000000e+00 0.000000000000000000e+00 0.000000000000000000e+00 0.000000000000000000e+00 0.000000000000000000e+00
7.097404759364625448e+00 1.143601430038450053e+04 7.372653355034184642e+04 -4.037558008068616999e+01 1.659607299030979630e+04 2.731789465761409701e+03 6.025262917786701109e+03 -5.174217684344692316e+03 -6.212458787347519547e+02 1.153324086244961291e+04 7.105475395085181844e+02 -8.110261466174647467e+02 -2.860768269248337674e+02 1.022955716071493225e+04 -1.750647025987116422e+03 1.087815344622086923e+04 1.881106560423790143e+04 9.910936892187757621e+03 0.000000000000000000e+00 0.000000000000000000e+00 0.000000000000000000e+00 0.000000000000000000e+00 0.000000000000000000e+00 0.000000000000000000e+00 0.000000000000000000e+00 7.538497773081226417e-06 1.109008241804698746e-03 8.053114523875432723e-03 2.658823848089348837e-02 6.458090591814130699e-02 1.320681301227212001e-01 2.436187889031544151e-01 4.211122782985713409e-01 7.008962385268088235e-01 1.122731576414290888e+00 1.754672456496853883e+00 2.701073091041931384e+00 4.099883743766825184e+00 6.140163143895003728e+00 9.097398294248771222e+00 1.344928764738631877e+01 1.963161873175848982e+01 2.842656992129828808e+01 4.091463495654949156e+01 5.855482087326658558e+01 8.287064961381885553e+01 1.163628721579125056e+02 1.630934098521048270e+02 2.264462915631813473e+02 3.098495835098674434e+02 4.117251878176286937e+02 5.190382620901127666e+02 6.066045649122755776e+02 6.707158637088225532e+02 7.255875837199035914e+02 7.348625810785547401e+02 6.517909952609124957e+02 5.390099945768160978e+02 4.380246446399922888e+02 2.943788712818678732e+02 1.688052269817131616e+02 7.433949340053115407e+01 7.704603276572200565e-01 0.000000000000000000e+00 0.000000000000000000e+00 0.000000000000000000e+00 0.000000000000000000e+00 0.000000000000000000e+00 0.000000000000000000e+00 0.000000000000000000e+00 0.000000000000000000e+00 0.000000000000000000e+00 0.000000000000000000e+00 0.000000000000000000e+00 0.000000000000000000e+00 0.000000000000000000e+00 0.000000000000000000e+00 0.000000000000000000e+00 0.000000000000000000e+00 0.000000000000000000e+00 0.000000000000000000e+00 0.000000000000000000e+00 0.000000000000000000e+00 0.000000000000000000e+00 0.000000000000000000e+00 0.000000000000000000e+00 0.000000000000000000e+00 0.000000000000000000e+00 0.000000000000000000e+00 0.000000000000000000e+00 0.000000000000000000e+00 0.000000000000000000e+00 0.000000000000000000e+00 0.000000000000000000e+00 0.000000000000000000e+00 0.000000000000000000e+00 0.000000000000000000e+00 0.000000000000000000e+00 0.000000000000000000e+00 0.000000000000000000e+00 0.000000000000000000e+00 0.000000000000000000e+00 0.000000000000000000e+00 0.000000000000000000e+00 0.000000000000000000e+00 0.000000000000000000e+00 0.000000000000000000e+00 0.000000000000000000e+00
4.380471033565382366e-01 1.637304912009189138e+03 1.213572438597532528e+04 -1.373335609642070487e+01 2.731789465761409701e+03 1.108131533018156460e+03 1.236593628501365401e+03 -1.002832944485486564e+03 -1.485600397376309274e+03 1.021420275559478569e+03 9.910234307050691314e+02 -3.759243081633329098e+02 -9.811289798916905625e+01 5.629512658857145624e+01 -2.506417795181152428e+02 1.557435449384519188e+03 2.693197936357100389e+03 2.034069148614100641e+03 0.000000000000000000e+00 0.000000000000000000e+00 0.000000000000000000e+00 0.000000000000000000e+00 0.000000000000000000e+00 0.000000000000000000e+00 0.000000000000000000e+00 -9.269439893169190075e-06 -1.320387402920762633e-03 -9.236955809560080249e-03 -2.924816778268544970e-02 -6.785841256486653539e-02 -1.322022960530303270e-01 -2.318215738733920284e-01 -3.799087551461730605e-01 -5.968375156326620745e-01 -9.000534508289756985e-01 -1.319520624910692108e+00 -1.895690924582471348e+00 -2.670815348299095948e+00 -3.693803230891523626e+00 -5.021224296464168013e+00 -6.740922598438146451e+00 -8.857212303862546321e+00 -1.141001190728401049e+01 -1.437591686804591262e+01 -1.761382984700676957e+01 -2.079373356326466649e+01 -2.341156188789553738e+01 -2.457577077287074729e+01 -2.275798869439892869e+01 -1.572275291205698800e+01 -4.485697411744583030e-01 2.559123662307780123e+01 5.993098402135048985e+01 9.957105511179305779e+01 1.441803009351006608e+02 1.825497272401112241e+02 1.939027904628926535e+02 1.872934594936614872e+02 1.742504033096575426e+02 1.313447283761087192e+02 8.366668532101310518e+01 4.029779123330978763e+01 4.332139674683848085e-01 0.000000000000000000e+00 0.000000000000000000e+00 0.000000000000000000e+00 0.000000000000000000e+00 0.000000000000000000e+00 0.000000000000000000e+00 0.000000000000000000e+00 0.000000000000000000e+00 0.000000000000000000e+00 0.000000000000000000e+00 0.000000000000000000e+00 0.000000000000000000e+00 0.000000000000000000e+00 0.000000000000000000e+00 0.000000000000000000e+00 0.000000000000000000e+00 0.000000000000000000e+00 0.000000000000000000e+00 0.000000000000000000e+00 0.000000000000000000e+00 0.000000000000000000e+00 0.000000000000000000e+00 0.000000000000000000e+00 0.000000000000000000e+00 0.000000000000000000e+00 0.000000000000000000e+00 0.000000000000000000e+00 0.000000000000000000e+00 0.000000000000000000e+00 0.000000000000000000e+00 0.000000000000000000e+00 0.000000000000000000e+00 0.000000000000000000e+00 0.000000000000000000e+00 0.000000000000000000e+00 0.000000000000000000e+00 0.000000000000000000e+00 0.000000000000000000e+00 0.000000000000000000e+00 0.000000000000000000e+00 0.000000000000000000e+00 0.000000000000000000e+00 0.000000000000000000e+00 0.000000000000000000e+00 0.000000000000000000e+00
1.600588098976812645e+00 3.761903887222114008e+03 2.676667841345398483e+04 -1.889964089602725750e+01 6.025262917786701109e+03 1.236593628501365401e+03 2.576985252256237800e+03 -2.175583315401960590e+03 -1.268510727340014455e+03 3.548744562058990596e+03 7.539489100719154067e+02 -3.997406341558596523e+02 -1.289623210625144054e+02 2.879854823280184064e+03 -5.758794698248445911e+02 3.578394242980356921e+03 6.187944414951763974e+03 4.238875308132116515e+03 0.000000000000000000e+00 0.000000000000000000e+00 0.000000000000000000e+00 0.000000000000000000e+00 0.000000000000000000e+00 0.000000000000000000e+00 0.000000000000000000e+00 3.837348604975119793e-06 5.290333525233624316e-04 3.599404933225118768e-03 1.115862689294586270e-02 2.555123726679373736e-02 4.953789071087758705e-02 8.707971176486097031e-02 1.440907692027342535e-01 2.302634228323182930e-01 3.555832653686550326e-01 5.376790355817283595e-01 8.032761313478098408e-01 1.187196936651791379e+00 1.735440691088127263e+00 2.518408184009264694e+00 3.652769648568698901e+00 5.252023794230474607e+00 7.510571888939416851e+00 1.070499157348582564e+01 1.521908194725143559e+01 2.147434556894218360e+01 3.017271680892449481e+01 4.242433501271047191e+01 5.936647998094222345e+01 8.232747727489353906e+01 1.121206263038900914e+02 1.477027654372719780e+02 1.846723070217151133e+02 2.221368243241539062e+02 2.626083008285219762e+02 2.912699213102261524e+02 2.813364281783213414e+02 2.478690672492408282e+02 2.097384190243094793e+02 1.448934714844750147e+02 8.468616449371313593e+01 3.775070200864552561e+01 3.929226018555398992e-01 0.000000000000000000e+00 0.000000000000000000e+00 0.000000000000000000e+00 0.000000000000000000e+00 0.000000000000000000e+00 0.000000000000000000e+00 0.000000000000000000e+00 0.000000000000000000e+00 0.000000000000000000e+00 0.000000000000000000e+00 0.000000000000000000e+00 0.000000000000000000e+00 0.000000000000000000e+00 0.000000000000000000e+00 0.000000000000000000e+00 0.000000000000000000e+00 0.000000000000000000e+00 0.000000000000000000e+00 0.000000000000000000e+00 0.000000000000000000e+00 0.000000000000000000e+00 0.000000000000000000e+00 0.000000000000000000e+00 0.000000000000000000e+00 0.000000000000000000e+00 0.000000000000000000e+00 0.000000000000000000e+00 0.000000000000000000e+00 0.000000000000000000e+00 0.000000000000000000e+00 0.000000000000000000e+00 0.000000000000000000e+00 0.000000000000000000e+00 0.000000000000000000e+00 0.000000000000000000e+00 0.000000000000000000e+00 0.000000000000000000e+00 0.000000000000000000e+00 0.000000000000000000e+00 0.000000000000000000e+00 0.000000000000000000e+00 0.000000000000000000e+00 0.000000000000000000e+00 0.000000000000000000e+00 0.000000000000000000e+00
-1.968807758115847850e+00 -3.268009084915918720e+03 -2.298598794572366751e+04 1.689785418317847387e+01 -5.174217684344692316e+03 -1.002832944485486564e+03 -2.175583315401960590e+03 1.995402368300758781e+03 1.305746848678893457e+03 -3.048554891686445444e+03 -7.460915746278030838e+02 3.692117599210626508e+02 1.182369739646336626e+02 -2.440565738840817176e+03 5.002731052211587439e+02 -3.108592150690468770e+03 -5.375538336772797265e+03 -3.578610466772124710e+03 -0.000000000000000000e+00 -0.000000000000000000e+00 -0.000000000000000000e+00 -0.000000000000000000e+00 -0.000000000000000000e+00 -0.000000000000000000e+00 -0.000000000000000000e+00 -4.212078993503575707e-06 -5.860069916737464021e-04 -4.098587980949682484e-03 -1.324445500059193322e-02 -3.184300167685478328e-02 -6.478133138284834780e-02 -1.191628871803558365e-01 -2.052085631704551882e-01 -3.395115989758569763e-01 -5.377453361600590398e-01 -8.278731214973786834e-01 -1.247278384134081541e+00 -1.834273876513178525e+00 -2.641417157955177952e+00 -3.722710305446641943e+00 -5.170027610265417906e+00 -6.995873965941988182e+00 -9.331413450968765844e+00 -1.236432094879191013e+01 -1.711731056081075053e+01 -2.641826665542109964e+01 -3.575266872871504376e+01 -4.795598247705857631e+01 -6.361224219148900971e+01 -8.249788640336768708e+01 -1.037416850188180604e+02 -1.259600314912450898e+02 -1.455153547136210932e+02 -1.670600177563017894e+02 -1.971687673339596927e+02 -2.251984124755727805e+02 -2.229569018596882017e+02 -2.066836935053270849e+02 -1.883923862318000033e+02 -1.358472732892199701e+02 -8.240281807469111186e+01 -3.789362320937596706e+01 -3.977611250368999207e-01 -0.000000000000000000e+00 -0.000000000000000000e+00 -0.000000000000000000e+00 -0.000000000000000000e+00 -0.000000000000000000e+00 -0.000000000000000000e+00 -0.000000000000000000e+00 -0.000000000000000000e+00 -0.000000000000000000e+00 -0.000000000000000000e+00 -0.000000000000000000e+00 -0.000000000000000000e+00 -0.000000000000000000e+00 -0.000000000000000000e+00 -0.000000000000000000e+00 -0.000000000000000000e+00 -0.000000000000000000e+00 -0.000000000000000000e+00 -0.000000000000000000e+00 -0.000000000000000000e+00 -0.000000000000000000e+00 -0.000000000000000000e+00 -0.000000000000000000e+00 -0.000000000000000000e+00 -0.000000000000000000e+00 -0.000000000000000000e+00 -0.000000000000000000e+00 -0.000000000000000000e+00 -0.000000000000000000e+00 -0.000000000000000000e+00 -0.000000000000000000e+00 -0.000000000000000000e+00 -0.000000000000000000e+00 -0.000000000000000000e+00 -0.000000000000000000e+00 -0.000000000000000000e+00 -0.000000000000000000e+00 -0.000000000000000000e+00 -0.000000000000000000e+00 -0.000000000000000000e+00 -0.000000000000000000e+00 -0.000000000000000000e+00 -0.000000000000000000e+00 -0.000000000000000000e+00 -0.000000000000000000e+00
5.219672494439513422e+00 6.161874303703983742e+02 -2.759827891109696793e+03 2.526505508156033031e+01 -6.212458787347519547e+02 -1.485600397376309274e+03 -1.268510727340014455e+03 1.305746848678893457e+03 5.024665804894831126e+03 2.357605781589857088e+03 -2.817188884081670494e+03 7.463713389134308045e+02 1.714087910110075654e+02 4.287245567243841833e+03 -9.432715490678538117e+01 5.861291568143952873e+02 1.013564855092444645e+03 -2.086569488713411829e+03 0.000000000000000000e+00 0.000000000000000000e+00 0.000000000000000000e+00 0.000000000000000000e+00 0.000000000000000000e+00 0.000000000000000000e+00 0.000000000000000000e+00 6.086736567976405241e-06 9.359585369780156275e-04 6.929109468104083409e-03 2.292798809256104201e-02 5.510609809587859592e-02 1.104892864116274881e-01 1.989829936479937944e-01 3.346825893757098269e-01 5.405592251453585906e-01 8.377960289258584714e-01 1.265971186817635763e+00 1.879235642085259395e+00 2.737642338786195673e+00 3.924306791647929948e+00 5.541019213984149872e+00 7.760023515457107557e+00 1.067362531304692652e+01 1.454499592849505696e+01 1.973302110521117214e+01 2.742547191392116801e+01 4.047979840384645200e+01 5.485316056889767822e+01 7.357693786654199641e+01 9.709276181071817291e+01 1.243142911085445235e+02 1.510203192810118082e+02 1.675740097141036813e+02 1.585644485027570454e+02 1.220271124329621841e+02 6.211405117104438034e+01 -3.087079462333349866e+01 -1.644562702366466169e+02 -2.691033022010457216e+02 -3.041995526498420759e+02 -2.927224737208777583e+02 -2.235851344296434320e+02 -1.219709523384229755e+02 -1.406777099373462736e+00 0.000000000000000000e+00 0.000000000000000000e+00 0.000000000000000000e+00 0.000000000000000000e+00 0.000000000000000000e+00 0.000000000000000000e+00 0.000000000000000000e+00 0.000000000000000000e+00 0.000000000000000000e+00 0.000000000000000000e+00 0.000000000000000000e+00 0.000000000000000000e+00 0.000000000000000000e+00 0.000000000000000000e+00 0.000000000000000000e+00 0.000000000000000000e+00 0.000000000000000000e+00 0.000000000000000000e+00 0.000000000000000000e+00 0.000000000000000000e+00 0.000000000000000000e+00 0.000000000000000000e+00 0.000000000000000000e+00 0.000000000000000000e+00 0.000000000000000000e+00 0.000000000000000000e+00 0.000000000000000000e+00 0.000000000000000000e+00 0.000000000000000000e+00 0.000000000000000000e+00 0.000000000000000000e+00 0.000000000000000000e+00 0.000000000000000000e+00 0.000000000000000000e+00 0.000000000000000000e+00 0.000000000000000000e+00 0.000000000000000000e+00 0.000000000000000000e+00 0.000000000000000000e+00 0.000000000000000000e+00 0.000000000000000000e+00 0.000000000000000000e+00 0.000000000000000000e+00 0.000000000000000000e+00 0.000000000000000000e+00
8.717913603923575394e+00 8.586561472528224840e+03 5.123536573296863207e+04 -1.444436519292034937e+01 1.153324086244961291e+04 1.021420275559478569e+03 3.548744562058990596e+03 -3.048554891686445444e+03 2.357605781589857088e+03 9.670261120211795060e+03 -1.088489069429838537e+03 -1.563821555147065112e+02 -1.089582843698412660e+02 9.870196216798032765e+03 -1.314447316215028650e+03 8.167699936369419447e+03 1.412400919865230935e+04 5.837319280663169593e+03 0.000000000000000000e+00 0.000000000000000000e+00 0.000000000000000000e+00 0.000000000000000000e+00 0.000000000000000000e+00 0.000000000000000000e+00 0.000000000000000000e+00 1.001008679163712731e-05 1.491801519725982151e-03 1.093815466057610625e-02 3.637301465092108305e-02 8.872621326081119031e-02 1.815856819019096569e-01 3.345339342229512458e-01 5.761419347873533159e-01 9.533571031488738967e-01 1.513402082595803888e+00 2.339756935029931206e+00 3.551920731155432165e+00 5.291623234250778296e+00 7.754773112515757738e+00 1.119345543898331030e+01 1.604420806154467982e+01 2.259986835241434022e+01 3.154496145632666071e+01 4.382253428047285837e+01 6.178874056557904737e+01 9.038806204533585742e+01 1.245397204967845823e+02 1.705974665168721742e+02 2.309167257329208951e+02 3.061312385145091639e+02 3.912932152795822844e+02 4.710322265599601792e+02 5.183498832969175965e+02 5.340637299590114253e+02 5.344891037455041669e+02 4.892480169455637906e+02 3.549301480420369899e+02 2.212478480029566015e+02 1.395556706040522386e+02 4.512269100704260438e+01 -5.404826712677444966e+00 -1.568388565659212475e+01 -2.466048052650484934e-01 0.000000000000000000e+00 0.000000000000000000e+00 0.000000000000000000e+00 0.000000000000000000e+00 0.000000000000000000e+00 0.000000000000000000e+00 0.000000000000000000e+00 0.000000000000000000e+00 0.000000000000000000e+00 0.000000000000000000e+00 0.000000000000000000e+00 0.000000000000000000e+00 0.000000000000000000e+00 0.000000000000000000e+00 0.000000000000000000e+00 0.000000000000000000e+00 0.000000000000000000e+00 0.000000000000000000e+00 0.000000000000000000e+00 0.000000000000000000e+00 0.000000000000000000e+00 0.000000000000000000e+00 0.000000000000000000e+00 0.000000000000000000e+00 0.000000000000000000e+00 0.000000000000000000e+00 0.000000000000000000e+00 0.000000000000000000e+00 0.000000000000000000e+00 0.000000000000000000e+00 0.000000000000000000e+00 0.000000000000000000e+00 0.000000000000000000e+00 0.000000000000000000e+00 0.000000000000000000e+00 0.000000000000000000e+00 0.000000000000000000e+00 0.000000000000000000e+00 0.000000000000000000e+00 0.000000000000000000e+00 0.000000000000000000e+00 0.000000000000000000e+00 0.000000000000000000e+00 0.000000000000000000e+00 0.000000000000000000e+00
-3.364691801018457884e+00 -6.981334061985444706e+00 3.156542336327098383e+03 -1.574155489656111229e+01 7.105475395085181844e+02 9.910234307050691314e+02 7.539489100719154067e+02 -7.460915746278030838e+02 -2.817188884081670494e+03 -1.088489069429838764e+03 1.666821302125136981e+03 -4.712661725186628701e+02 -1.081260799232285734e+02 -2.373696454437875673e+03 1.068716022209450056e+00 -6.640777214055678002e+00 -1.148357544819599241e+01 1.240168299643489263e+03 0.000000000000000000e+00 0.000000000000000000e+00 0.000000000000000000e+00 0.000000000000000000e+00 0.000000000000000000e+00 0.000000000000000000e+00 0.000000000000000000e+00 -5.799318926361997259e-06 -8.539831187817344474e-04 -6.141602067025239871e-03 -1.994525848105472079e-02 -4.738496448713634679e-02 -9.430269781964649434e-02 -1.689528846586620114e-01 -2.828841772906296459e-01 -4.546912065040960016e-01 -7.001794836109073161e-01 -1.049679433724941102e+00 -1.541587485823159742e+00 -2.211551197650622580e+00 -3.108573692147831746e+00 -4.277649404406398403e+00 -5.791086886064872985e+00 -7.627602131902145643e+00 -9.881427818727667400e+00 -1.268526172085036130e+01 -1.718678116392090161e+01 -2.680558839835176599e+01 -3.539404990104846149e+01 -4.594723932316721005e+01 -5.844699453209947393e+01 -7.131428545265990238e+01 -8.160289235611644187e+01 -8.491320653503663607e+01 -7.390637758636199806e+01 -5.064081116149186812e+01 -1.847961731818078235e+01 2.931143782866469394e+01 1.082309982917164461e+02 1.714964017183352212e+02 1.889506271605036432e+02 1.862979977470504878e+02 1.452820603448500378e+02 8.043154291865648986e+01 9.364541251389695287e-01 0.000000000000000000e+00 0.000000000000000000e+00 0.000000000000000000e+00 0.000000000000000000e+00 0.000000000000000000e+00 0.000000000000000000e+00 0.000000000000000000e+00 0.000000000000000000e+00 0.000000000000000000e+00 0.000000000000000000e+00 0.000000000000000000e+00 0.000000000000000000e+00 0.000000000000000000e+00 0.000000000000000000e+00 0.000000000000000000e+00 0.000000000000000000e+00 0.000000000000000000e+00 0.000000000000000000e+00 0.000000000000000000e+00 0.000000000000000000e+00 0.000000000000000000e+00 0.000000000000000000e+00 0.000000000000000000e+00 0.000000000000000000e+00 0.000000000000000000e+00 0.000000000000000000e+00 0.000000000000000000e+00 0.000000000000000000e+00 0.000000000000000000e+00 0.000000000000000000e+00 0.000000000000000000e+00 0.000000000000000000e+00 0.000000000000000000e+00 0.000000000000000000e+00 0.000000000000000000e+00 0.000000000000000000e+00 0.000000000000000000e+00 0.000000000000000000e+00 0.000000000000000000e+00 0.000000000000000000e+00 0.000000000000000000e+00 0.000000000000000000e+00 0.000000000000000000e+00 0.000000000000000000e+00 0.000000000000000000e+00
6.978875818637366724e-01 -4.534345375363922130e+02 -3.602909341487583333e+03 5.722624365986136219e+00 -8.110261466174646330e+02 -3.759243081633329098e+02 -3.997406341558596523e+02 3.692117599210626508e+02 7.463713389134308045e+02 -1.563821555147063691e+02 -4.712661725186629269e+02 1.596170324989699338e+02 3.996930889242802465e+01 2.606610573936045512e+02 6.941262958994720123e+01 -4.313155219621601759e+02 -7.458531100767829685e+02 -6.575321695367870234e+02 0.000000000000000000e+00 0.000000000000000000e+00 0.000000000000000000e+00 0.000000000000000000e+00 0.000000000000000000e+00 0.000000000000000000e+00 0.000000000000000000e+00 1.724579697512640130e-06 2.491735542959500082e-04 1.762552762065593267e-03 5.642349350293415430e-03 1.323489520292649504e-02 2.602677650406726162e-02 4.610299047238836795e-02 7.630295304606324325e-02 1.211273617005814152e-01 1.838993656855653080e-01 2.714317305904210276e-01 3.913084184768628182e-01 5.481760469645993172e-01 7.483161393552512086e-01 9.916268924124929107e-01 1.275632662661937644e+00 1.567375680441542185e+00 1.854439232518058089e+00 2.121470474740422052e+00 2.694171527759655849e+00 4.706675365205136075e+00 5.835433056136005270e+00 6.927820891162760120e+00 7.822534995244391887e+00 7.838325787336253292e+00 6.205570000478282999e+00 2.475538227370085664e+00 -4.104080362989875219e+00 -1.238295325732558361e+01 -2.190692042517780180e+01 -3.355271104457901288e+01 -5.203593239455771879e+01 -6.589987786036421369e+01 -6.704007124921631089e+01 -6.256302788468626375e+01 -4.738946965917857312e+01 -2.583278919605026402e+01 -2.991531127574554860e-01 0.000000000000000000e+00 0.000000000000000000e+00 0.000000000000000000e+00 0.000000000000000000e+00 0.000000000000000000e+00 0.000000000000000000e+00 0.000000000000000000e+00 0.000000000000000000e+00 0.000000000000000000e+00 0.000000000000000000e+00 0.000000000000000000e+00 0.000000000000000000e+00 0.000000000000000000e+00 0.000000000000000000e+00 0.000000000000000000e+00 0.000000000000000000e+00 0.000000000000000000e+00 0.000000000000000000e+00 0.000000000000000000e+00 0.000000000000000000e+00 0.000000000000000000e+00 0.000000000000000000e+00 0.000000000000000000e+00 0.000000000000000000e+00 0.000000000000000000e+00 0.000000000000000000e+00 0.000000000000000000e+00 0.000000000000000000e+00 0.000000000000000000e+00 0.000000000000000000e+00 0.000000000000000000e+00 0.000000000000000000e+00 0.000000000000000000e+00 0.000000000000000000e+00 0.000000000000000000e+00 0.000000000000000000e+00 0.000000000000000000e+00 0.000000000000000000e+00 0.000000000000000000e+00 0.000000000000000000e+00 0.000000000000000000e+00 0.000000000000000000e+00 0.000000000000000000e+00 0.000000000000000000e+00 0.000000000000000000e+00
9.105675839421592532e-02 -1.719970402444268416e+02 -1.270870090205320139e+03 1.516313091365361077e+00 -2.860768269248337674e+02 -9.811289798916905625e+01 -1.289623210625144054e+02 1.182369739646336626e+02 1.714087910110075654e+02 -1.089582843698412375e+02 -1.081260799232285876e+02 3.996930889242802465e+01 1.061702833270222968e+01 -1.192575498754314189e+01 2.632963715097562485e+01 -1.636068429900261947e+02 -2.829174153501957676e+02 -2.121297349112432187e+02 0.000000000000000000e+00 0.000000000000000000e+00 0.000000000000000000e+00 0.000000000000000000e+00 0.000000000000000000e+00 0.000000000000000000e+00 0.000000000000000000e+00 2.682749668403909062e-07 3.898988387308830855e-05 2.754381539451382409e-04 8.759045594065295029e-04 2.032507007884574307e-03 3.942409462309427737e-03 6.876690857031278817e-03 1.119040078350110046e-02 1.743535739793687298e-02 2.592886614484637281e-02 3.742563126383756378e-02 5.259071378917076767e-02 7.139156547905416150e-02 9.375975218211525519e-02 1.180975195873539690e-01 1.411791765581811298e-01 1.550205976639300320e-01 1.529686052185820211e-01 1.261163508399993083e-01 1.201943743884196225e-01 3.153813939516658116e-01 3.078298954822719646e-01 2.131051619706043621e-01 -1.879994558041533231e-02 -5.298117932029972055e-01 -1.454293127776306038e+00 -2.821074413567139061e+00 -4.654061393485517506e+00 -6.786855623066267995e+00 -9.274593031443178148e+00 -1.204655521452887434e+01 -1.552582210542670715e+01 -1.780997146941535192e+01 -1.752704652207945202e+01 -1.547934118155773753e+01 -1.128678965005500956e+01 -6.004750080609250418e+00 -6.869997764411420182e-02 0.000000000000000000e+00 0.000000000000000000e+00 0.000000000000000000e+00 0.000000000000000000e+00 0.000000000000000000e+00 0.000000000000000000e+00 0.000000000000000000e+00 0.000000000000000000e+00 0.000000000000000000e+00 0.000000000000000000e+00 0.000000000000000000e+00 0.000000000000000000e+00 0.000000000000000000e+00 0.000000000000000000e+00 0.000000000000000000e+00 0.000000000000000000e+00 0.000000000000000000e+00 0.000000000000000000e+00 0.000000000000000000e+00 0.000000000000000000e+00 0.000000000000000000e+00 0.000000000000000000e+00 0.000000000000000000e+00 0.000000000000000000e+00 0.000000000000000000e+00 0.000000000000000000e+00 0.000000000000000000e+00 0.000000000000000000e+00 0.000000000000000000e+00 0.000000000000000000e+00 0.000000000000000000e+00 0.000000000000000000e+00 0.000000000000000000e+00 0.000000000000000000e+00 0.000000000000000000e+00 0.000000000000000000e+00 0.000000000000000000e+00 0.000000000000000000e+00 0.000000000000000000e+00 0.000000000000000000e+00 0.000000000000000000e+00 0.000000000000000000e+00 0.000000000000000000e+00 0.000000000000000000e+00 0.000000000000000000e+00
1.159104461398940167e+01 7.884048141916698114e+03 4.544387034540939203e+04 -6.204981571841869936e-01 1.022955716071493225e+04 5.629512658857129281e+01 2.879854823280184064e+03 -2.440565738840817176e+03 4.287245567243841833e+03 9.870196216798030946e+03 -2.373696454437876127e+03 2.606610573936044375e+02 -1.192575498754311525e+01 1.128796296257423091e+04 -1.206905226755589638e+03 7.499455947889015079e+03 1.296844712930960304e+04 4.737064556624684883e+03 0.000000000000000000e+00 0.000000000000000000e+00 0.000000000000000000e+00 0.000000000000000000e+00 0.000000000000000000e+00 0.000000000000000000e+00 0.000000000000000000e+00 1.762954774585260496e-05 2.578495121398546690e-03 1.857455942364370782e-02 6.078052289540393505e-02 1.461054882600723581e-01 2.949530162941409461e-01 5.365471036259820137e-01 9.127152876569779583e-01 1.491486965329364978e+00 2.336394071573224096e+00 3.563304293619290686e+00 5.328867569081296551e+00 7.800056473683844693e+00 1.120696120253691674e+01 1.580912308338481687e+01 2.204678620428025226e+01 3.007703758060392119e+01 4.055275582525895572e+01 5.438317259137491533e+01 7.543946415728136401e+01 1.138234657193868600e+02 1.541404560524830458e+02 2.067539628451460203e+02 2.735407366596155043e+02 3.524880557750115031e+02 4.357696269699583809e+02 5.068177543782907719e+02 5.360793434096167402e+02 5.307684163509968585e+02 5.108559468522722113e+02 4.398155209725588293e+02 2.465111329078799258e+02 6.392154439224020734e+01 -2.486153347140333381e+01 -1.214520230538670376e+02 -1.386125390814483183e+02 -9.076824420296777873e+01 -1.131233884247944799e+00 0.000000000000000000e+00 0.000000000000000000e+00 0.000000000000000000e+00 0.000000000000000000e+00 0.000000000000000000e+00 0.000000000000000000e+00 0.000000000000000000e+00 0.000000000000000000e+00 0.000000000000000000e+00 0.000000000000000000e+00 0.000000000000000000e+00 0.000000000000000000e+00 0.000000000000000000e+00 0.000000000000000000e+00 0.000000000000000000e+00 0.000000000000000000e+00 0.000000000000000000e+00 0.000000000000000000e+00 0.000000000000000000e+00 0.000000000000000000e+00 0.000000000000000000e+00 0.000000000000000000e+00 0.000000000000000000e+00 0.000000000000000000e+00 0.000000000000000000e+00 0.000000000000000000e+00 0.000000000000000000e+00 0.000000000000000000e+00 0.000000000000000000e+00 0.000000000000000000e+00 0.000000000000000000e+00 0.000000000000000000e+00 0.000000000000000000e+00 0.000000000000000000e+00 0.000000000000000000e+00 0.000000000000000000e+00 0.000000000000000000e+00 0.000000000000000000e+00 0.000000000000000000e+00 0.000000000000000000e+00 0.000000000000000000e+00 0.000000000000000000e+00 0.000000000000000000e+00 0.000000000000000000e+00 0.000000000000000000e+00
