# A b_HI Tb sigma_NL sigma8tot n_s f DA H omegak omegaDE w0 wa h gamma sigma_8 fs8 bs8 pk0 pk1 pk2 pk3 pk4 pk5 pk6 pk7 pk8 pk9 pk10 pk11 pk12 pk13 pk14 pk15 pk16 pk17 pk18 pk19 pk20 pk21 pk22 pk23 pk24 pk25 pk26 pk27 pk28 pk29 pk30 pk31 pk32 pk33 pk34 pk35 pk36 pk37 pk38 pk39 pk40 pk41 pk42 pk43 pk44 pk45 pk46 pk47 pk48 pk49 pk50 pk51 pk52 pk53 pk54 pk55 pk56 pk57 pk58 pk59 pk60 pk61 pk62 pk63 pk64 pk65 pk66 pk67 pk68 pk69 pk70 pk71 pk72 pk73 pk74 pk75 pk76 pk77 pk78 pk79 pk80 pk81 pk82 pk83 pk84 pk85 pk86 pk87 pk88 pk89
1.415717770131696751e+00 -4.458826980367754267e+00 -3.961162903277487146e+01 1.893995089921050520e-02 -4.751201144561521872e+00 -2.453767997205350326e+00 -1.302324577107771608e+00 -1.640795910698823246e+00 1.967872260732699941e+00 -2.626422968723758800e+00 -1.093190330916685493e+00 7.461047964182618841e-01 6.055281098176497345e-02 3.870187926032888193e+00 2.044286319201779278e+00 -3.403502266586412972e+00 -5.928469024367399420e+00 -1.731574458719860710e+00 0.000000000000000000e+00 0.000000000000000000e+00 0.000000000000000000e+00 0.000000000000000000e+00 0.000000000000000000e+00 0.000000000000000000e+00 0.000000000000000000e+00 0.000000000000000000e+00 1.991586650185156222e-25 -3.343187578393502466e-20 1.882899621106294952e-19 -8.924840017163793099e-19 -5.097196655236991151e-18 6.341402775297676671e-18 6.206992120417549732e-18 -4.951346204639734651e-18 -5.787227788396049424e-17 -4.223060442187050970e-17 -8.315381474528670765e-17 8.544986196950234485e-17 -4.729198516179928920e-16 -1.475980524217464555e-16 -1.251322675293728759e-16 -5.705608222087907110e-16 -1.217286375737734798e-15 -9.644260871451706498e-16 -3.895659876551173760e-03 -8.763216835826453943e-02 -2.237568269491482520e-01 -2.820793870828319783e-01 -6.340275920149807121e-02 5.491279603390395447e-01 1.267659260673996036e+00 1.058432536885853148e+00 -1.158712391919586748e+00 -3.363745350049538896e+00 1.561956145219411674e-01 5.633167752892588531e+00 -1.283571111106699636e+00 -7.885579588059318468e+00 8.334405654176816114e+00 -3.484666719689736514e+00 -1.143542664122090935e+00 0.000000000000000000e+00 0.000000000000000000e+00 0.000000000000000000e+00 0.000000000000000000e+00 0.000000000000000000e+00 0.000000000000000000e+00 0.000000000000000000e+00 0.000000000000000000e+00 0.000000000000000000e+00 0.000000000000000000e+00 0.000000000000000000e+00 0.000000000000000000e+00 0.000000000000000000e+00 0.000000000000000000e+00 0.000000000000000000e+00 0.000000000000000000e+00 0.000000000000000000e+00 0.000000000000000000e+00 0.000000000000000000e+00 0.000000000000000000e+00 0.000000000000000000e+00 0.000000000000000000e+00 0.000000000000000000e+00 0.000000000000000000e+00 0.000000000000000000e+00 0.000000000000000000e+00 0.000000000000000000e+00 0.000000000000000000e+00 0.000000000000000000e+00 0.000000000000000000e+00 0.000000000000000000e+00 0.000000000000000000e+00 0.000000000000000000e+00 0.000000000000000000e+00 0.000000000000000000e+00 0.000000000000000000e+00 0.000000000000000000e+00 0.000000000000000000e+00 0.000000000000000000e+00 0.000000000000000000e+00 0.000000000000000000e+00 0.000000000000000000e+00 0.000000000000000000e+00 0.000000000000000000e+00 0.000000000000000000e+00 0.000000000000000000e+00 0.000000000000000000e+00
-4.458826980367754267e+00 1.009038633235260568e+04 8.647386760413917364e+04 -1.809578829288837909e+01 1.037207377650395392e+04 3.452123969533545278e+03 2.449435739415895569e+03 -2.894512874070127054e+03 2.666374857680092191e+03 1.150739598812118129e+04 3.108819865739336024e+02 -5.339321349456432699e+02 -5.083465424206662675e+01 5.937497135000172420e+03 -4.626247850726817887e+03 7.702172096855433665e+03 1.341620634275402699e+04 3.256776720030502929e+03 0.000000000000000000e+00 0.000000000000000000e+00 0.000000000000000000e+00 0.000000000000000000e+00 0.000000000000000000e+00 0.000000000000000000e+00 0.000000000000000000e+00 0.000000000000000000e+00 1.037551903688718249e-10 3.498655878597728761e-05 5.051539925701840775e-04 2.194848883438374650e-03 6.003359108616279811e-03 1.321375777325693897e-02 2.566686171986718237e-02 4.650098653374138552e-02 7.925602888275708191e-02 1.299102519132968592e-01 2.079542976363570883e-01 3.258523701729490463e-01 5.013839961892133656e-01 7.608845789054610176e-01 1.150568423837183385e+00 1.717903601524732871e+00 2.545555209082746018e+00 3.757186234362082988e+00 5.536617596723442780e+00 8.099460933604239798e+00 1.180656010539259171e+01 1.724245000150127893e+01 2.507255809303101657e+01 3.631619159558212573e+01 5.251210763486771071e+01 7.603516871375231290e+01 1.091838327678417926e+02 1.566028377358583725e+02 2.249240037807421970e+02 3.225015344243252002e+02 4.571832831773138537e+02 6.439336477655160706e+02 9.078596764540958475e+02 1.156858111467781555e+03 1.029692309806330996e+02 0.000000000000000000e+00 0.000000000000000000e+00 0.000000000000000000e+00 0.000000000000000000e+00 0.000000000000000000e+00 0.000000000000000000e+00 0.000000000000000000e+00 0.000000000000000000e+00 0.000000000000000000e+00 0.000000000000000000e+00 0.000000000000000000e+00 0.000000000000000000e+00 0.000000000000000000e+00 0.000000000000000000e+00 0.000000000000000000e+00 0.000000000000000000e+00 0.000000000000000000e+00 0.000000000000000000e+00 0.000000000000000000e+00 0.000000000000000000e+00 0.000000000000000000e+00 0.000000000000000000e+00 0.000000000000000000e+00 0.000000000000000000e+00 0.000000000000000000e+00 0.000000000000000000e+00 0.000000000000000000e+00 0.000000000000000000e+00 0.000000000000000000e+00 0.000000000000000000e+00 0.000000000000000000e+00 0.000000000000000000e+00 0.000000000000000000e+00 0.000000000000000000e+00 0.000000000000000000e+00 0.000000000000000000e+00 0.000000000000000000e+00 0.000000000000000000e+00 0.000000000000000000e+00 0.000000000000000000e+00 0.000000000000000000e+00 0.000000000000000000e+00 0.000000000000000000e+00 0.000000000000000000e+00 0.000000000000000000e+00 0.000000000000000000e+00 0.000000000000000000e+00
-3.961162903277487146e+01 8.647386760413917364e+04 7.677395403200910660e+05 -1.912943139733004045e+02 9.208621487583441194e+04 3.061876946571775261e+04 2.518123103236080351e+04 -2.985756341864581918e+04 1.575484852191636855e+04 9.745537342137696396e+04 3.674656933121973907e+03 -5.074026295825839952e+03 -4.850958063520002383e+02 4.826066788034731871e+04 -3.964660330843956763e+04 6.600704752327190363e+04 1.149759001113122795e+05 3.348103634164280811e+04 0.000000000000000000e+00 0.000000000000000000e+00 0.000000000000000000e+00 0.000000000000000000e+00 0.000000000000000000e+00 0.000000000000000000e+00 0.000000000000000000e+00 0.000000000000000000e+00 1.385990729752103104e-09 4.391234628050900177e-04 6.045437211654242603e-03 2.509635522421349227e-02 6.608896718105244927e-02 1.409422895169866186e-01 2.667011837047577605e-01 4.723441040340098374e-01 7.898262088884245857e-01 1.273713735428988691e+00 2.010007020534029909e+00 3.111398183646993054e+00 4.736651478409498850e+00 7.123164031879753999e+00 1.068372947358048286e+01 1.584194844194660234e+01 2.333499844475728224e+01 3.426388666291158813e+01 5.025959726385553239e+01 7.323775725433841899e+01 1.064012247093878756e+02 1.549249511512916513e+02 2.247233173820151251e+02 3.248177131282273535e+02 4.687727176211377582e+02 6.775926609012454946e+02 9.718347665315022823e+02 1.392237516083000173e+03 1.998007306644756227e+03 2.862399260099614821e+03 4.056228199871063680e+03 5.712149143529164576e+03 8.052723623426957602e+03 1.026247988970092774e+04 9.137010647178960880e+02 0.000000000000000000e+00 0.000000000000000000e+00 0.000000000000000000e+00 0.000000000000000000e+00 0.000000000000000000e+00 0.000000000000000000e+00 0.000000000000000000e+00 0.000000000000000000e+00 0.000000000000000000e+00 0.000000000000000000e+00 0.000000000000000000e+00 0.000000000000000000e+00 0.000000000000000000e+00 0.000000000000000000e+00 0.000000000000000000e+00 0.000000000000000000e+00 0.000000000000000000e+00 0.000000000000000000e+00 0.000000000000000000e+00 0.000000000000000000e+00 0.000000000000000000e+00 0.000000000000000000e+00 0.000000000000000000e+00 0.000000000000000000e+00 0.000000000000000000e+00 0.000000000000000000e+00 0.000000000000000000e+00 0.000000000000000000e+00 0.000000000000000000e+00 0.000000000000000000e+00 0.000000000000000000e+00 0.000000000000000000e+00 0.000000000000000000e+00 0.000000000000000000e+00 0.000000000000000000e+00 0.000000000000000000e+00 0.000000000000000000e+00 0.000000000000000000e+00 0.000000000000000000e+00 0.000000000000000000e+00 0.000000000000000000e+00 0.000000000000000000e+00 0.000000000000000000e+00 0.000000000000000000e+00 0.000000000000000000e+00 0.000000000000000000e+00 0.000000000000000000e+00
1.893995089921050520e-02 -1.809578829288837909e+01 -1.912943139733004045e+02 9.879517585317526551e-02 -2.294472067144838690e+01 -8.913610420823621538e+00 -1.008302505358536294e+01 1.214279966811997902e+01 8.215760849334596827e+00 -1.764137519919500008e+01 -2.634872152217860197e+00 1.999255420190538590e+00 1.889493896404787210e-01 -3.465064771956817946e+00 8.296570511752033639e+00 -1.381283838590072577e+01 -2.406021153954954173e+01 -1.340641876558552958e+01 0.000000000000000000e+00 0.000000000000000000e+00 0.000000000000000000e+00 0.000000000000000000e+00 0.000000000000000000e+00 0.000000000000000000e+00 0.000000000000000000e+00 0.000000000000000000e+00 -6.146878387590334730e-16 -2.064580950968560474e-10 -3.074612549253686612e-09 -1.433911911109604406e-08 -4.351579097088076775e-08 -1.084679703147165334e-07 -2.429753231557179520e-07 -5.168319168119518254e-07 -1.043323090021375657e-06 -2.042128372033148112e-06 -3.939257315055054579e-06 -7.501208012320242103e-06 -1.406104273223779532e-05 -2.610555588316498056e-05 -4.870973540805235025e-05 -8.988351976833712823e-05 -1.649388439955112818e-04 -3.026403676723090643e-04 -5.573160652629630856e-04 -1.018539089480330643e-03 -1.856712530983077548e-03 -3.409370129452942398e-03 -6.241044209273636026e-03 -1.137488691706324551e-02 -2.070031677383487451e-02 -3.793713171768530595e-02 -6.886659940153309900e-02 -1.247179414603655917e-01 -2.271614148944956779e-01 -4.132936792286879268e-01 -7.430906023082206602e-01 -1.327401361563194326e+00 -2.387038638346219876e+00 -3.821048757926801986e+00 -3.732383564184251767e-01 0.000000000000000000e+00 0.000000000000000000e+00 0.000000000000000000e+00 0.000000000000000000e+00 0.000000000000000000e+00 0.000000000000000000e+00 0.000000000000000000e+00 0.000000000000000000e+00 0.000000000000000000e+00 0.000000000000000000e+00 0.000000000000000000e+00 0.000000000000000000e+00 0.000000000000000000e+00 0.000000000000000000e+00 0.000000000000000000e+00 0.000000000000000000e+00 0.000000000000000000e+00 0.000000000000000000e+00 0.000000000000000000e+00 0.000000000000000000e+00 0.000000000000000000e+00 0.000000000000000000e+00 0.000000000000000000e+00 0.000000000000000000e+00 0.000000000000000000e+00 0.000000000000000000e+00 0.000000000000000000e+00 0.000000000000000000e+00 0.000000000000000000e+00 0.000000000000000000e+00 0.000000000000000000e+00 0.000000000000000000e+00 0.000000000000000000e+00 0.000000000000000000e+00 0.000000000000000000e+00 0.000000000000000000e+00 0.000000000000000000e+00 0.000000000000000000e+00 0.000000000000000000e+00 0.000000000000000000e+00 0.000000000000000000e+00 0.000000000000000000e+00 0.000000000000000000e+00 0.000000000000000000e+00 0.000000000000000000e+00 0.000000000000000000e+00 0.000000000000000000e+00
-4.751201144561521872e+00 1.037207377650395392e+04 9.208621487583441194e+04 -2.294472067144838690e+01 1.104524454559532205e+04 3.672556168043879097e+03 3.020352775782811023e+03 -3.581253610426193518e+03 1.889709061644179201e+03 1.168924613931435488e+04 4.407552694203599799e+02 -6.086020730002319397e+02 -5.818462422877437490e+01 5.788606681151347402e+03 -4.755396120194323885e+03 7.917189153776305830e+03 1.379073876900815412e+04 4.015869634038514505e+03 0.000000000000000000e+00 0.000000000000000000e+00 0.000000000000000000e+00 0.000000000000000000e+00 0.000000000000000000e+00 0.000000000000000000e+00 0.000000000000000000e+00 0.000000000000000000e+00 1.662421087529946491e-10 5.267048970283676868e-05 7.251175702877747436e-04 3.010172380614478064e-03 7.927014974660542834e-03 1.690526705468637161e-02 3.198936777443586038e-02 5.665512634828537980e-02 9.473539158337626609e-02 1.527750891690606572e-01 2.410894954266153134e-01 3.731954219580007615e-01 5.681357842412292358e-01 8.543850865907116621e-01 1.281455697291864704e+00 1.900156227030801448e+00 2.798907139803266109e+00 4.109768305546191769e+00 6.028367473795437803e+00 8.784473766631032632e+00 1.276225272643317332e+01 1.858241186248912058e+01 2.695434923596970833e+01 3.896013186207957801e+01 5.622675782048591486e+01 8.127358315298646119e+01 1.165663358921366495e+02 1.669913770635869241e+02 2.396501945001637921e+02 3.433293447619823837e+02 4.865226837776443176e+02 6.851414650527603953e+02 9.658807433748073663e+02 1.230929082912570493e+03 1.095935120689641309e+02 0.000000000000000000e+00 0.000000000000000000e+00 0.000000000000000000e+00 0.000000000000000000e+00 0.000000000000000000e+00 0.000000000000000000e+00 0.000000000000000000e+00 0.000000000000000000e+00 0.000000000000000000e+00 0.000000000000000000e+00 0.000000000000000000e+00 0.000000000000000000e+00 0.000000000000000000e+00 0.000000000000000000e+00 0.000000000000000000e+00 0.000000000000000000e+00 0.000000000000000000e+00 0.000000000000000000e+00 0.000000000000000000e+00 0.000000000000000000e+00 0.000000000000000000e+00 0.000000000000000000e+00 0.000000000000000000e+00 0.000000000000000000e+00 0.000000000000000000e+00 0.000000000000000000e+00 0.000000000000000000e+00 0.000000000000000000e+00 0.000000000000000000e+00 0.000000000000000000e+00 0.000000000000000000e+00 0.000000000000000000e+00 0.000000000000000000e+00 0.000000000000000000e+00 0.000000000000000000e+00 0.000000000000000000e+00 0.000000000000000000e+00 0.000000000000000000e+00 0.000000000000000000e+00 0.000000000000000000e+00 0.000000000000000000e+00 0.000000000000000000e+00 0.000000000000000000e+00 0.000000000000000000e+00 0.000000000000000000e+00 0.000000000000000000e+00 0.000000000000000000e+00
-2.453767997205350326e+00 3.452123969533545278e+03 3.061876946571775261e+04 -8.913610420823621538e+00 3.672556168043879097e+03 1.431783306383063064e+03 1.000520112423627097e+03 -1.078918846931931057e+03 4.003869600861069102e+02 3.749227667780997308e+03 2.063818389149138568e+02 -2.340680260476760282e+02 -2.182219609720468867e+01 1.557223815481204838e+03 -1.582732372029362523e+03 2.635067879192671171e+03 4.589953840273905371e+03 1.330294384795986161e+03 0.000000000000000000e+00 0.000000000000000000e+00 0.000000000000000000e+00 0.000000000000000000e+00 0.000000000000000000e+00 0.000000000000000000e+00 0.000000000000000000e+00 0.000000000000000000e+00 -1.953805527956539518e-10 -5.977475298741443934e-05 -7.946009968665757386e-04 -3.157544696928340968e-03 -7.927053420787963378e-03 -1.607595737198971170e-02 -2.884739938563730260e-02 -4.822893591367766880e-02 -7.592663558347612085e-02 -1.148649000328787612e-01 -1.691757265562918444e-01 -2.430783142802630248e-01 -3.417289582670181014e-01 -4.715070020525591876e-01 -6.421919096500950941e-01 -8.571110456609076778e-01 -1.123159866804379625e+00 -1.443604958507554104e+00 -1.812546057403512600e+00 -2.202556188583098429e+00 -2.565276259518102897e+00 -2.796330360633610734e+00 -2.701915883413378516e+00 -1.962869086434115173e+00 -3.183167824730002982e-02 4.079096100750514431e+00 1.167363630530883789e+01 2.503778537651638558e+01 4.798813370503171427e+01 8.604605166383853998e+01 1.461868700534052152e+02 2.399218155883723398e+02 3.872382608585774619e+02 5.519226528931419580e+02 5.128903828063332071e+01 0.000000000000000000e+00 0.000000000000000000e+00 0.000000000000000000e+00 0.000000000000000000e+00 0.000000000000000000e+00 0.000000000000000000e+00 0.000000000000000000e+00 0.000000000000000000e+00 0.000000000000000000e+00 0.000000000000000000e+00 0.000000000000000000e+00 0.000000000000000000e+00 0.000000000000000000e+00 0.000000000000000000e+00 0.000000000000000000e+00 0.000000000000000000e+00 0.000000000000000000e+00 0.000000000000000000e+00 0.000000000000000000e+00 0.000000000000000000e+00 0.000000000000000000e+00 0.000000000000000000e+00 0.000000000000000000e+00 0.000000000000000000e+00 0.000000000000000000e+00 0.000000000000000000e+00 0.000000000000000000e+00 0.000000000000000000e+00 0.000000000000000000e+00 0.000000000000000000e+00 0.000000000000000000e+00 0.000000000000000000e+00 0.000000000000000000e+00 0.000000000000000000e+00 0.000000000000000000e+00 0.000000000000000000e+00 0.000000000000000000e+00 0.000000000000000000e+00 0.000000000000000000e+00 0.000000000000000000e+00 0.000000000000000000e+00 0.000000000000000000e+00 0.000000000000000000e+00 0.000000000000000000e+00 0.000000000000000000e+00 0.000000000000000000e+00 0.000000000000000000e+00
-1.302324577107771608e+00 2.449435739415895569e+03 2.518123103236080351e+04 -1.008302505358536294e+01 3.020352775782811023e+03 1.000520112423627097e+03 1.252917967378552930e+03 -1.496411431959807942e+03 -4.676726609340460641e+02 2.610807942460440700e+03 2.342300123546401949e+02 -2.079025372382239709e+02 -2.010943197114579206e+01 1.029143782907616469e+03 -1.123019124513958786e+03 1.869698045621896654e+03 3.256776720030502474e+03 1.665883290018238085e+03 0.000000000000000000e+00 0.000000000000000000e+00 0.000000000000000000e+00 0.000000000000000000e+00 0.000000000000000000e+00 0.000000000000000000e+00 0.000000000000000000e+00 0.000000000000000000e+00 1.032493556494416274e-10 3.037926095777831017e-05 3.923021820204618802e-04 1.520597268679630461e-03 3.757736473745116289e-03 7.560239921292157862e-03 1.357438886731886923e-02 2.288935185989974044e-02 3.661874626004350819e-02 5.673748766198837695e-02 8.628261151124121120e-02 1.292028824354533867e-01 1.908190955161966629e-01 2.793632636374396294e-01 4.086842440234039198e-01 5.929450391274770915e-01 8.567289447068947572e-01 1.236532527060258291e+00 1.785722664538852422e+00 2.567300153708013344e+00 3.686214660736960358e+00 5.310370889050579635e+00 7.634567170245029288e+00 1.095117815591598998e+01 1.569305832475988893e+01 2.253914000954607744e+01 3.218243955239266541e+01 4.589712914759195428e+01 6.566581204374212177e+01 9.377732942359673984e+01 1.326960019896519611e+02 1.867475488095147966e+02 2.631887935275926793e+02 3.355523044078568660e+02 2.990785496670148902e+01 0.000000000000000000e+00 0.000000000000000000e+00 0.000000000000000000e+00 0.000000000000000000e+00 0.000000000000000000e+00 0.000000000000000000e+00 0.000000000000000000e+00 0.000000000000000000e+00 0.000000000000000000e+00 0.000000000000000000e+00 0.000000000000000000e+00 0.000000000000000000e+00 0.000000000000000000e+00 0.000000000000000000e+00 0.000000000000000000e+00 0.000000000000000000e+00 0.000000000000000000e+00 0.000000000000000000e+00 0.000000000000000000e+00 0.000000000000000000e+00 0.000000000000000000e+00 0.000000000000000000e+00 0.000000000000000000e+00 0.000000000000000000e+00 0.000000000000000000e+00 0.000000000000000000e+00 0.000000000000000000e+00 0.000000000000000000e+00 0.000000000000000000e+00 0.000000000000000000e+00 0.000000000000000000e+00 0.000000000000000000e+00 0.000000000000000000e+00 0.000000000000000000e+00 0.000000000000000000e+00 0.000000000000000000e+00 0.000000000000000000e+00 0.000000000000000000e+00 0.000000000000000000e+00 0.000000000000000000e+00 0.000000000000000000e+00 0.000000000000000000e+00 0.000000000000000000e+00 0.000000000000000000e+00 0.000000000000000000e+00 0.000000000000000000e+00 0.000000000000000000e+00
-1.640795910698823246e+00 -2.894512874070127054e+03 -2.985756341864581918e+04 1.214279966811997902e+01 -3.581253610426193518e+03 -1.078918846931931057e+03 -1.496411431959807942e+03 2.159532823837907017e+03 8.436599732594760326e+02 -3.106857321477303230e+03 -3.001173442349301013e+02 2.557976981334861364e+02 2.521471012314601268e+01 -1.298698214114433313e+03 1.327078421133746360e+03 -2.209433371363674723e+03 -3.848552543104531651e+03 -1.989632892494809994e+03 -0.000000000000000000e+00 -0.000000000000000000e+00 -0.000000000000000000e+00 -0.000000000000000000e+00 -0.000000000000000000e+00 -0.000000000000000000e+00 -0.000000000000000000e+00 -0.000000000000000000e+00 -1.997222361185331282e-10 -5.913225132065621007e-05 -7.822190705356961123e-04 -3.160061584175588145e-03 -8.193213838931753465e-03 -1.732842810969182842e-02 -3.258655833021981835e-02 -5.733474858419661951e-02 -9.485313294215581836e-02 -1.508557182209363245e-01 -2.333780298061520486e-01 -3.506474719075303725e-01 -5.141846043588718107e-01 -7.368442624056238399e-01 -1.039850836294346825e+00 -1.431367343743962017e+00 -1.943723373721627512e+00 -2.627068478469420043e+00 -3.724635033583334476e+00 -5.908336496599246424e+00 -8.253343069732974158e+00 -1.145328613361509262e+01 -1.576938805819306566e+01 -2.136268411094003739e+01 -2.856418712946770810e+01 -3.819611114961496412e+01 -5.023851728538235051e+01 -6.725999933851561252e+01 -9.382714678907056793e+01 -1.322703942766281955e+02 -1.603386103154727493e+02 -1.937491076053242693e+02 -3.072726243880715629e+02 -3.230424034648324323e+02 -2.316978675268544663e+01 -0.000000000000000000e+00 -0.000000000000000000e+00 -0.000000000000000000e+00 -0.000000000000000000e+00 -0.000000000000000000e+00 -0.000000000000000000e+00 -0.000000000000000000e+00 -0.000000000000000000e+00 -0.000000000000000000e+00 -0.000000000000000000e+00 -0.000000000000000000e+00 -0.000000000000000000e+00 -0.000000000000000000e+00 -0.000000000000000000e+00 -0.000000000000000000e+00 -0.000000000000000000e+00 -0.000000000000000000e+00 -0.000000000000000000e+00 -0.000000000000000000e+00 -0.000000000000000000e+00 -0.000000000000000000e+00 -0.000000000000000000e+00 -0.000000000000000000e+00 -0.000000000000000000e+00 -0.000000000000000000e+00 -0.000000000000000000e+00 -0.000000000000000000e+00 -0.000000000000000000e+00 -0.000000000000000000e+00 -0.000000000000000000e+00 -0.000000000000000000e+00 -0.000000000000000000e+00 -0.000000000000000000e+00 -0.000000000000000000e+00 -0.000000000000000000e+00 -0.000000000000000000e+00 -0.000000000000000000e+00 -0.000000000000000000e+00 -0.000000000000000000e+00 -0.000000000000000000e+00 -0.000000000000000000e+00 -0.000000000000000000e+00 -0.000000000000000000e+00 -0.000000000000000000e+00 -0.000000000000000000e+00 -0.000000000000000000e+00 -0.000000000000000000e+00
1.967872260732699941e+00 2.666374857680092191e+03 1.575484852191636855e+04 8.215760849334596827e+00 1.889709061644179201e+03 4.003869600861069102e+02 -4.676726609340460641e+02 8.436599732594760326e+02 3.472239083211991328e+03 3.630404155999322938e+03 -3.475721902852952780e+02 7.354037878298362330e+01 6.987027327011333888e+00 2.966033692605980832e+03 -1.222481533241605121e+03 2.035291549019634431e+03 3.545219588180724259e+03 -6.218188990285277669e+02 0.000000000000000000e+00 0.000000000000000000e+00 0.000000000000000000e+00 0.000000000000000000e+00 0.000000000000000000e+00 0.000000000000000000e+00 0.000000000000000000e+00 0.000000000000000000e+00 1.623204980026406753e-10 5.439555938855506601e-05 7.670780820811408515e-04 3.205146620560028574e-03 8.353964128262858849e-03 1.748175795386645165e-02 3.225954379118531334e-02 5.546905270212277445e-02 8.967990493712102440e-02 1.396543741224720581e-01 2.121446088905070970e-01 3.145497060240357579e-01 4.574642102951463896e-01 6.544122078132210696e-01 9.283865660722162572e-01 1.295643433655367494e+00 1.795435864746762755e+00 2.486903690378303722e+00 3.549657856571095227e+00 5.398006274221120115e+00 7.592790833485493884e+00 1.063772278398809057e+01 1.479044358612444654e+01 2.030063228883266291e+01 2.755133708434345863e+01 3.719130253373714368e+01 4.914333476175704618e+01 6.460969844935367234e+01 8.497798384807408922e+01 1.090304375322977251e+02 1.201322842817023258e+02 1.158377100809549916e+02 1.114298954812371392e+02 4.284685401931925597e+00 -6.803904098680844115e+00 0.000000000000000000e+00 0.000000000000000000e+00 0.000000000000000000e+00 0.000000000000000000e+00 0.000000000000000000e+00 0.000000000000000000e+00 0.000000000000000000e+00 0.000000000000000000e+00 0.000000000000000000e+00 0.000000000000000000e+00 0.000000000000000000e+00 0.000000000000000000e+00 0.000000000000000000e+00 0.000000000000000000e+00 0.000000000000000000e+00 0.000000000000000000e+00 0.000000000000000000e+00 0.000000000000000000e+00 0.000000000000000000e+00 0.000000000000000000e+00 0.000000000000000000e+00 0.000000000000000000e+00 0.000000000000000000e+00 0.000000000000000000e+00 0.000000000000000000e+00 0.000000000000000000e+00 0.000000000000000000e+00 0.000000000000000000e+00 0.000000000000000000e+00 0.000000000000000000e+00 0.000000000000000000e+00 0.000000000000000000e+00 0.000000000000000000e+00 0.000000000000000000e+00 0.000000000000000000e+00 0.000000000000000000e+00 0.000000000000000000e+00 0.000000000000000000e+00 0.000000000000000000e+00 0.000000000000000000e+00 0.000000000000000000e+00 0.000000000000000000e+00 0.000000000000000000e+00 0.000000000000000000e+00 0.000000000000000000e+00 0.000000000000000000e+00 0.000000000000000000e+00
-2.626422968723758800e+00 1.150739598812118129e+04 9.745537342137696396e+04 -1.764137519919500008e+01 1.168924613931435488e+04 3.749227667780997308e+03 2.610807942460440700e+03 -3.106857321477303230e+03 3.630404155999322938e+03 1.330493516360118520e+04 2.483792059246813437e+02 -5.548646347487725734e+02 -5.315807247936609770e+01 7.222371096544161446e+03 -5.275919494461601971e+03 8.783800874203823696e+03 1.530026640797787331e+04 3.471337659792424347e+03 0.000000000000000000e+00 0.000000000000000000e+00 0.000000000000000000e+00 0.000000000000000000e+00 0.000000000000000000e+00 0.000000000000000000e+00 0.000000000000000000e+00 0.000000000000000000e+00 2.406044540514688586e-10 7.789206904907475899e-05 1.089783539360035785e-03 4.589971684448721639e-03 1.220666936691082449e-02 2.621072883670945430e-02 4.977535010628295065e-02 8.825196252966338584e-02 1.472363654110634135e-01 2.364271230392742951e-01 3.704818858754610478e-01 5.671404993584929777e-01 8.516441196190303042e-01 1.258858260348494573e+00 1.849144365214398844e+00 2.676186160131176717e+00 3.845021957056773854e+00 5.513637711137620911e+00 8.020014117959521016e+00 1.199414743676002715e+01 1.722938789532251391e+01 2.474129327104897769e+01 3.535056197368337649e+01 5.016167308945165360e+01 7.087771799252962523e+01 1.002693083750066876e+02 1.404061714223814192e+02 1.970400624224818955e+02 2.785799380403424266e+02 3.930488503491902179e+02 5.320878736273745062e+02 7.143013726326810229e+02 9.975059502539663754e+02 1.185812050780559503e+03 1.003400046881748153e+02 0.000000000000000000e+00 0.000000000000000000e+00 0.000000000000000000e+00 0.000000000000000000e+00 0.000000000000000000e+00 0.000000000000000000e+00 0.000000000000000000e+00 0.000000000000000000e+00 0.000000000000000000e+00 0.000000000000000000e+00 0.000000000000000000e+00 0.000000000000000000e+00 0.000000000000000000e+00 0.000000000000000000e+00 0.000000000000000000e+00 0.000000000000000000e+00 0.000000000000000000e+00 0.000000000000000000e+00 0.000000000000000000e+00 0.000000000000000000e+00 0.000000000000000000e+00 0.000000000000000000e+00 0.000000000000000000e+00 0.000000000000000000e+00 0.000000000000000000e+00 0.000000000000000000e+00 0.000000000000000000e+00 0.000000000000000000e+00 0.000000000000000000e+00 0.000000000000000000e+00 0.000000000000000000e+00 0.000000000000000000e+00 0.000000000000000000e+00 0.000000000000000000e+00 0.000000000000000000e+00 0.000000000000000000e+00 0.000000000000000000e+00 0.000000000000000000e+00 0.000000000000000000e+00 0.000000000000000000e+00 0.000000000000000000e+00 0.000000000000000000e+00 0.000000000000000000e+00 0.000000000000000000e+00 0.000000000000000000e+00 0.000000000000000000e+00 0.000000000000000000e+00
-1.093190330916685493e+00 3.108819865739336024e+02 3.674656933121973907e+03 -2.634872152217860197e+00 4.407552694203599799e+02 2.063818389149138568e+02 2.342300123546401949e+02 -3.001173442349301013e+02 -3.475721902852952780e+02 2.483792059246814006e+02 8.011939769035897996e+01 -5.195103889841134048e+01 -4.858344259247550312e+00 -7.408210076738323835e+01 -1.425334050497170892e+02 2.373017725522962280e+02 4.133495728253975017e+02 3.114328900708204628e+02 0.000000000000000000e+00 0.000000000000000000e+00 0.000000000000000000e+00 0.000000000000000000e+00 0.000000000000000000e+00 0.000000000000000000e+00 0.000000000000000000e+00 0.000000000000000000e+00 -4.219313662797288284e-11 -1.334705367602539888e-05 -1.817775242826817671e-04 -7.391828166725993498e-04 -1.889808344239998252e-03 -3.897706688900860750e-03 -7.104768023232858366e-03 -1.207191995226413773e-02 -1.926020341277556724e-02 -2.955519978962931407e-02 -4.408917777491022649e-02 -6.380823177018331294e-02 -9.004924133491083726e-02 -1.239173145337299636e-01 -1.670633109717464537e-01 -2.182768474458407770e-01 -2.795578678520033167e-01 -3.541630318589763515e-01 -4.830188971865564951e-01 -7.954461600810843747e-01 -1.065552476701253415e+00 -1.401296309167737730e+00 -1.806479149590738187e+00 -2.232588215527618658e+00 -2.616342822086340281e+00 -2.902949875280752767e+00 -2.809294782473430008e+00 -2.308608627857833273e+00 -1.381255516185093679e+00 9.644262557184770657e-01 1.135669035188715625e+01 3.049199093907642322e+01 5.065623000455813951e+01 1.005501918144932745e+02 1.102589159379047068e+01 0.000000000000000000e+00 0.000000000000000000e+00 0.000000000000000000e+00 0.000000000000000000e+00 0.000000000000000000e+00 0.000000000000000000e+00 0.000000000000000000e+00 0.000000000000000000e+00 0.000000000000000000e+00 0.000000000000000000e+00 0.000000000000000000e+00 0.000000000000000000e+00 0.000000000000000000e+00 0.000000000000000000e+00 0.000000000000000000e+00 0.000000000000000000e+00 0.000000000000000000e+00 0.000000000000000000e+00 0.000000000000000000e+00 0.000000000000000000e+00 0.000000000000000000e+00 0.000000000000000000e+00 0.000000000000000000e+00 0.000000000000000000e+00 0.000000000000000000e+00 0.000000000000000000e+00 0.000000000000000000e+00 0.000000000000000000e+00 0.000000000000000000e+00 0.000000000000000000e+00 0.000000000000000000e+00 0.000000000000000000e+00 0.000000000000000000e+00 0.000000000000000000e+00 0.000000000000000000e+00 0.000000000000000000e+00 0.000000000000000000e+00 0.000000000000000000e+00 0.000000000000000000e+00 0.000000000000000000e+00 0.000000000000000000e+00 0.000000000000000000e+00 0.000000000000000000e+00 0.000000000000000000e+00 0.000000000000000000e+00 0.000000000000000000e+00 0.000000000000000000e+00
7.461047964182618841e-01 -5.339321349456432699e+02 -5.074026295825839952e+03 1.999255420190538590e+00 -6.086020730002319397e+02 -2.340680260476760282e+02 -2.079025372382239709e+02 2.557976981334861364e+02 7.354037878298362330e+01 -5.548646347487724597e+02 -5.195103889841134048e+01 4.613693645703809665e+01 4.342750333901293835e+00 -1.830005287422523566e+02 2.447976034184561058e+02 -4.075599343711110123e+02 -7.099176839731350128e+02 -2.764278043375759353e+02 0.000000000000000000e+00 0.000000000000000000e+00 0.000000000000000000e+00 0.000000000000000000e+00 0.000000000000000000e+00 0.000000000000000000e+00 0.000000000000000000e+00 0.000000000000000000e+00 1.889446929493654350e-11 5.873389909212230127e-06 7.877448703972291162e-05 3.148239529901163364e-04 7.904120469670683578e-04 1.600445863651591685e-03 2.861661791123808109e-03 4.761309517304552520e-03 7.419006954566390900e-03 1.109309171086985540e-02 1.604663234438342967e-02 2.233300296908369287e-02 3.002068314555385656e-02 3.873627024689575704e-02 4.766827513940057048e-02 5.440809528396201716e-02 5.698178857851320112e-02 5.258271898298413211e-02 5.659441443488358314e-02 1.311604088518935896e-01 1.406732737005091938e-01 1.221495303671323862e-01 5.333023606549897738e-02 -1.292516143185232225e-01 -5.158031520876592557e-01 -1.221754186874608239e+00 -2.482197439864627597e+00 -4.476373234928108680e+00 -7.446035323432673714e+00 -1.221418344958695101e+01 -2.263004125958934409e+01 -3.954985126212282154e+01 -5.956186817174529580e+01 -9.490400152962854463e+01 -9.551503212614500526e+00 0.000000000000000000e+00 0.000000000000000000e+00 0.000000000000000000e+00 0.000000000000000000e+00 0.000000000000000000e+00 0.000000000000000000e+00 0.000000000000000000e+00 0.000000000000000000e+00 0.000000000000000000e+00 0.000000000000000000e+00 0.000000000000000000e+00 0.000000000000000000e+00 0.000000000000000000e+00 0.000000000000000000e+00 0.000000000000000000e+00 0.000000000000000000e+00 0.000000000000000000e+00 0.000000000000000000e+00 0.000000000000000000e+00 0.000000000000000000e+00 0.000000000000000000e+00 0.000000000000000000e+00 0.000000000000000000e+00 0.000000000000000000e+00 0.000000000000000000e+00 0.000000000000000000e+00 0.000000000000000000e+00 0.000000000000000000e+00 0.000000000000000000e+00 0.000000000000000000e+00 0.000000000000000000e+00 0.000000000000000000e+00 0.000000000000000000e+00 0.000000000000000000e+00 0.000000000000000000e+00 0.000000000000000000e+00 0.000000000000000000e+00 0.000000000000000000e+00 0.000000000000000000e+00 0.000000000000000000e+00 0.000000000000000000e+00 0.000000000000000000e+00 0.000000000000000000e+00 0.000000000000000000e+00 0.000000000000000000e+00 0.000000000000000000e+00 0.000000000000000000e+00
6.055281098176497345e-02 -5.083465424206662675e+01 -4.850958063520002383e+02 1.889493896404787210e-01 -5.818462422877437490e+01 -2.182219609720468867e+01 -2.010943197114579206e+01 2.521471012314601268e+01 6.987027327011333888e+00 -5.315807247936608348e+01 -4.858344259247550312e+00 4.342750333901293835e+00 4.106338226157810745e-01 -1.832852310990510958e+01 2.330671018767327141e+01 -3.880299946506122666e+01 -6.758990074417792471e+01 -2.673755789661265680e+01 0.000000000000000000e+00 0.000000000000000000e+00 0.000000000000000000e+00 0.000000000000000000e+00 0.000000000000000000e+00 0.000000000000000000e+00 0.000000000000000000e+00 0.000000000000000000e+00 1.250777032712013006e-12 3.929058983248958305e-07 5.280298751966229432e-06 2.101974865256256750e-05 5.228571227911525833e-05 1.045413944938137693e-04 1.840870700314582947e-04 3.008017882276544882e-04 4.589805198012369926e-04 6.703111098142430259e-04 9.426700474045558113e-04 1.265604922530406485e-03 1.623900175093401970e-03 1.961878105282048070e-03 2.170850356759856676e-03 2.028743119549031651e-03 1.306237131965273367e-03 -3.302663136061610716e-04 -2.004564188459618916e-03 3.956436738446041860e-04 -3.086476184068871146e-03 -1.053513139193753938e-02 -2.432980788724145929e-02 -5.019824045478749053e-02 -9.645524751911258021e-02 -1.744286345822516071e-01 -3.041234181109079837e-01 -5.052971629284435107e-01 -8.063696054611472208e-01 -1.281145473389398104e+00 -2.218032059011870505e+00 -3.715499216841518848e+00 -5.608773320933488904e+00 -8.628503162040550123e+00 -8.515943452279902681e-01 0.000000000000000000e+00 0.000000000000000000e+00 0.000000000000000000e+00 0.000000000000000000e+00 0.000000000000000000e+00 0.000000000000000000e+00 0.000000000000000000e+00 0.000000000000000000e+00 0.000000000000000000e+00 0.000000000000000000e+00 0.000000000000000000e+00 0.000000000000000000e+00 0.000000000000000000e+00 0.000000000000000000e+00 0.000000000000000000e+00 0.000000000000000000e+00 0.000000000000000000e+00 0.000000000000000000e+00 0.000000000000000000e+00 0.000000000000000000e+00 0.000000000000000000e+00 0.000000000000000000e+00 0.000000000000000000e+00 0.000000000000000000e+00 0.000000000000000000e+00 0.000000000000000000e+00 0.000000000000000000e+00 0.000000000000000000e+00 0.000000000000000000e+00 0.000000000000000000e+00 0.000000000000000000e+00 0.000000000000000000e+00 0.000000000000000000e+00 0.000000000000000000e+00 0.000000000000000000e+00 0.000000000000000000e+00 0.000000000000000000e+00 0.000000000000000000e+00 0.000000000000000000e+00 0.000000000000000000e+00 0.000000000000000000e+00 0.000000000000000000e+00 0.000000000000000000e+00 0.000000000000000000e+00 0.000000000000000000e+00 0.000000000000000000e+00 0.000000000000000000e+00
3.870187926032888193e+00 5.937497135000172420e+03 4.826066788034731871e+04 -3.465064771956818390e+00 5.788606681151347402e+03 1.557223815481204838e+03 1.029143782907616242e+03 -1.298698214114433313e+03 2.966033692605980832e+03 7.222371096544161446e+03 -7.408210076738333782e+01 -1.830005287422522997e+02 -1.832852310990510603e+01 4.619957382647575287e+03 -2.722228114439980345e+03 4.532197603943965078e+03 7.894513064109854895e+03 1.368352498415374384e+03 0.000000000000000000e+00 0.000000000000000000e+00 0.000000000000000000e+00 0.000000000000000000e+00 0.000000000000000000e+00 0.000000000000000000e+00 0.000000000000000000e+00 0.000000000000000000e+00 3.857492917327200733e-10 1.212135936042417494e-04 1.655967904589070692e-03 6.807326389664879185e-03 1.769809052069648558e-02 3.722469124224375703e-02 6.932187923320035083e-02 1.205429532369794998e-01 1.971168823022215189e-01 3.102106386528885595e-01 4.755889979782974009e-01 7.099300135652153454e-01 1.036845853509174242e+00 1.484565067357124235e+00 2.100428629385429957e+00 2.910837274895442306e+00 3.992576927693621602e+00 5.462824171339303092e+00 7.771391507510842622e+00 1.207038608624663922e+01 1.691893154000636201e+01 2.359038567033945810e+01 3.263939032783768113e+01 4.450827739610953415e+01 5.996239866419102782e+01 8.056825591683114851e+01 1.062199309737115129e+02 1.408999945518080494e+02 1.908601015986838547e+02 2.571620551199001738e+02 2.984313338718711748e+02 3.282032548700277061e+02 4.406197866191520234e+02 3.384909263285009615e+02 1.641818078612602250e+01 0.000000000000000000e+00 0.000000000000000000e+00 0.000000000000000000e+00 0.000000000000000000e+00 0.000000000000000000e+00 0.000000000000000000e+00 0.000000000000000000e+00 0.000000000000000000e+00 0.000000000000000000e+00 0.000000000000000000e+00 0.000000000000000000e+00 0.000000000000000000e+00 0.000000000000000000e+00 0.000000000000000000e+00 0.000000000000000000e+00 0.000000000000000000e+00 0.000000000000000000e+00 0.000000000000000000e+00 0.000000000000000000e+00 0.000000000000000000e+00 0.000000000000000000e+00 0.000000000000000000e+00 0.000000000000000000e+00 0.000000000000000000e+00 0.000000000000000000e+00 0.000000000000000000e+00 0.000000000000000000e+00 0.000000000000000000e+00 0.000000000000000000e+00 0.000000000000000000e+00 0.000000000000000000e+00 0.000000000000000000e+00 0.000000000000000000e+00 0.000000000000000000e+00 0.000000000000000000e+00 0.000000000000000000e+00 0.000000000000000000e+00 0.000000000000000000e+00 0.000000000000000000e+00 0.000000000000000000e+00 0.000000000000000000e+00 0.000000000000000000e+00 0.000000000000000000e+00 0.000000000000000000e+00 0.000000000000000000e+00 0.000000000000000000e+00 0.000000000000000000e+00
