4.338096965887936918e+00 -1.801795524779490343e+00 -1.855810883928836219e+01 3.089167940765739223e-02 -3.290914192170395047e+00 -2.547636982759157842e+00 -1.909048644972421327e+00 2.152143501564168560e+00 6.785950626268717478e+00 -2.689628706876840081e+00 -2.849730709021796926e+00
-1.801795524779490343e+00 1.964956888100089418e+04 1.329635921874458145e+05 -5.761832885240342961e+01 2.357846784717976334e+04 6.687196818771783910e+03 6.778967620668938252e+03 6.531195644614376761e+03 1.554143739897275509e+03 2.933187690460146405e+04 1.011929803620261555e+04
-1.855810883928836219e+01 1.329635921874458145e+05 9.415966936557884328e+05 -4.840458577657204273e+02 1.669735827765188878e+05 4.899581720537606452e+04 5.433866720328928932e+04 5.274091232606434642e+04 -3.815434067494547435e+03 1.984812869154984946e+05 8.111399833856300393e+04
3.089167940765739223e-02 -5.761832885240342961e+01 -4.840458577657204273e+02 4.960924362678203470e-01 -8.583597589481483681e+01 -3.453178004104365328e+01 -3.892058966035268952e+01 -3.968223838163530104e+01 4.380575415024394204e+01 -8.600971042075390471e+01 -5.809867645878950526e+01
-3.290914192170395047e+00 2.357846784717976334e+04 1.669735827765188878e+05 -8.583597589481483681e+01 2.960946818640691345e+04 8.688440810132782644e+03 9.635889768269427805e+03 9.352559486794978511e+03 -6.765919001092427152e+02 3.519673742874261370e+04 1.438396609416047067e+04
-2.547636982759157842e+00 6.687196818771783910e+03 4.899581720537606452e+04 -3.453178004104365328e+01 8.688440810132782644e+03 3.359064101252279215e+03 3.064491679791067781e+03 2.779447912710667424e+03 -1.610304963578816341e+03 9.982307251265514424e+03 4.574517297105622674e+03
-1.909048644972421327e+00 6.778967620668938252e+03 5.433866720328928932e+04 -3.892058966035268952e+01 9.635889768269427805e+03 3.064491679791067781e+03 4.051114303915233450e+03 3.981582418212954053e+03 -2.362359928599295927e+03 1.011929803620261555e+04 6.047297363547000714e+03
2.152143501564168560e+00 6.531195644614376761e+03 5.274091232606434642e+04 -3.968223838163530104e+01 9.352559486794978511e+03 2.779447912710667424e+03 3.981582418212954053e+03 4.512697687255108576e+03 -3.001529527425338983e+03 9.749436633845372853e+03 5.943503701471488966e+03
6.785950626268717478e+00 1.554143739897275509e+03 -3.815434067494547435e+03 4.380575415024394204e+01 -6.765919001092427152e+02 -1.610304963578816341e+03 -2.362359928599295927e+03 -3.001529527425338983e+03 7.682485024036828690e+03 2.319946719787870734e+03 -3.526410734488750222e+03
-2.689628706876840081e+00 2.933187690460146405e+04 1.984812869154984946e+05 -8.600971042075390471e+01 3.519673742874261370e+04 9.982307251265514424e+03 1.011929803620261555e+04 9.749436633845372853e+03 2.319946719787870734e+03 4.378513380914790469e+04 1.510557336684688562e+04
-2.849730709021796926e+00 1.011929803620261555e+04 8.111399833856300393e+04 -5.809867645878950526e+01 1.438396609416047067e+04 4.574517297105622674e+03 6.047297363547000714e+03 5.943503701471488966e+03 -3.526410734488750222e+03 1.510557336684688562e+04 9.027097894477896261e+03
