2.996936048135523833e+00 2.707829118058570295e+00 1.374693047173846061e+01 1.086742690633939537e-02 2.537947504403990528e+00 -3.790189273052920194e-01 9.809758187370432037e-02 1.901321219740335300e+00 4.951502036957704078e+00 4.102461792236969274e+00 1.486214838535512006e-01
2.707829118058570295e+00 1.068118040295156061e+04 7.211212837190892606e+04 -2.896492072998853118e+01 1.331328449030858428e+04 2.926395170060658529e+03 4.100075083711197294e+03 4.363229274781385357e+03 1.031697478089637116e+03 1.618238544185391765e+04 6.211766194569812797e+03
1.374693047173846061e+01 7.211212837190892606e+04 5.101022056607871200e+05 -2.422448045125934186e+02 9.417466848394152476e+04 2.195713823893926019e+04 3.250741102944700469e+04 3.448312337705458776e+04 -6.859603646532946186e+02 1.092525556467723800e+05 4.924993635066032584e+04
1.086742690633939537e-02 -2.896492072998853118e+01 -2.422448045125934186e+02 2.399501481230554290e-01 -4.472304550688678404e+01 -1.644251432842224503e+01 -2.081161804375262747e+01 -2.282975696943341148e+01 2.236203182026159553e+01 -4.388293183550162979e+01 -3.153037512217123961e+01
2.537947504403990528e+00 1.331328449030858428e+04 9.417466848394152476e+04 -4.472304550688678404e+01 1.738645331394234017e+04 4.053709612624672900e+03 6.001492687144308547e+03 6.366247148683145497e+03 -1.266414636468089583e+02 2.017012099708529422e+04 9.092484559384447493e+03
-3.790189273052920194e-01 2.926395170060658529e+03 2.195713823893926019e+04 -1.644251432842224503e+01 4.053709612624672900e+03 1.509492858667554174e+03 1.580047480008800221e+03 1.555769213136753024e+03 -1.021461259756878121e+03 4.433597487410211215e+03 2.393830679132322075e+03
9.809758187370432037e-02 4.100075083711197294e+03 3.250741102944700469e+04 -2.081161804375262747e+01 6.001492687144308547e+03 1.580047480008800221e+03 2.575791922589804926e+03 2.718132196197185749e+03 -1.192321734654120974e+03 6.211766194569812797e+03 3.902420531895888871e+03
1.901321219740335300e+00 4.363229274781385357e+03 3.448312337705458776e+04 -2.282975696943341148e+01 6.366247148683145497e+03 1.555769213136753024e+03 2.718132196197185749e+03 3.219676918804385878e+03 -1.595291045092394597e+03 6.610454578239495277e+03 4.118071338690340781e+03
4.951502036957704078e+00 1.031697478089637116e+03 -6.859603646532946186e+02 2.236203182026159553e+01 -1.266414636468089583e+02 -1.021461259756878121e+03 -1.192321734654120974e+03 -1.595291045092394597e+03 4.271819703564845440e+03 1.563060038310155051e+03 -1.806411759091825161e+03
4.102461792236969274e+00 1.618238544185391765e+04 1.092525556467723800e+05 -4.388293183550162979e+01 2.017012099708529422e+04 4.433597487410211215e+03 6.211766194569812797e+03 6.610454578239495277e+03 1.563060038310155051e+03 2.451691561321841073e+04 9.411056741203394267e+03
1.486214838535512006e-01 6.211766194569812797e+03 4.924993635066032584e+04 -3.153037512217123961e+01 9.092484559384447493e+03 2.393830679132322075e+03 3.902420531895888871e+03 4.118071338690340781e+03 -1.806411759091825161e+03 9.411056741203394267e+03 5.912312199679101468e+03
