# A b_HI Tb sigma_NL sigma8tot n_s f DA H omegak omegaDE w0 wa h gamma sigma_8 fs8 bs8 pk0 pk1 pk2 pk3 pk4 pk5 pk6 pk7 pk8 pk9 pk10 pk11 pk12 pk13 pk14 pk15 pk16 pk17 pk18 pk19 pk20 pk21 pk22 pk23 pk24 pk25 pk26 pk27 pk28 pk29 pk30 pk31 pk32 pk33 pk34 pk35 pk36 pk37 pk38 pk39 pk40 pk41 pk42 pk43 pk44 pk45 pk46 pk47 pk48 pk49 pk50 pk51 pk52 pk53 pk54 pk55 pk56 pk57 pk58 pk59 pk60 pk61 pk62 pk63 pk64 pk65 pk66 pk67 pk68 pk69 pk70 pk71 pk72 pk73 pk74 pk75 pk76 pk77 pk78 pk79 pk80 pk81 pk82 pk83 pk84 pk85 pk86 pk87 pk88 pk89
9.005603952453560268e-01 -3.080237462429530559e+00 -2.940944682293941170e+01 1.251205712272866755e-02 -3.220820393203947418e+00 -1.652973028274633993e+00 -8.830308959140269476e-01 -1.231674190012499670e+00 1.249075844244944999e+00 -1.960031387315104290e+00 -5.755432960285546962e-01 4.141044500722821375e-01 2.763950669403166666e-02 2.413797175845056042e+00 1.510093505641652900e+00 -2.278989635664185887e+00 -4.011480784909075226e+00 -1.149996230695220945e+00 0.000000000000000000e+00 0.000000000000000000e+00 0.000000000000000000e+00 0.000000000000000000e+00 0.000000000000000000e+00 0.000000000000000000e+00 0.000000000000000000e+00 0.000000000000000000e+00 0.000000000000000000e+00 -5.384268889199481452e-21 7.899769016440747102e-20 -4.374181134517220062e-19 -2.598803200772771426e-18 3.470252424643311703e-18 3.498764026101215712e-18 -2.879339161274837469e-18 -3.430906027588160651e-17 -2.521955675527340280e-17 -5.023193563490321319e-17 5.205292360557850722e-17 -2.888374132922263813e-16 -9.018023671015452211e-17 -7.709073558895183198e-17 -3.518902609604265038e-16 -7.516110756819731155e-16 -5.957706275866631754e-16 -2.417437998969137157e-03 -5.438289532416940714e-02 -1.390093365419494964e-01 -1.753991017446589473e-01 -3.940550565681060630e-02 3.423944840791874888e-01 7.907478636243270298e-01 6.610001419002780043e-01 -7.262883776347589526e-01 -2.109363497113452279e+00 9.903858619240268890e-02 3.550878944717060115e+00 -8.192454280329977134e-01 -5.025556115191943896e+00 5.372246031951219081e+00 -2.313465315801007893e+00 -7.550889989411517789e-01 0.000000000000000000e+00 0.000000000000000000e+00 0.000000000000000000e+00 0.000000000000000000e+00 0.000000000000000000e+00 0.000000000000000000e+00 0.000000000000000000e+00 0.000000000000000000e+00 0.000000000000000000e+00 0.000000000000000000e+00 0.000000000000000000e+00 0.000000000000000000e+00 0.000000000000000000e+00 0.000000000000000000e+00 0.000000000000000000e+00 0.000000000000000000e+00 0.000000000000000000e+00 0.000000000000000000e+00 0.000000000000000000e+00 0.000000000000000000e+00 0.000000000000000000e+00 0.000000000000000000e+00 0.000000000000000000e+00 0.000000000000000000e+00 0.000000000000000000e+00 0.000000000000000000e+00 0.000000000000000000e+00 0.000000000000000000e+00 0.000000000000000000e+00 0.000000000000000000e+00 0.000000000000000000e+00 0.000000000000000000e+00 0.000000000000000000e+00 0.000000000000000000e+00 0.000000000000000000e+00 0.000000000000000000e+00 0.000000000000000000e+00 0.000000000000000000e+00 0.000000000000000000e+00 0.000000000000000000e+00 0.000000000000000000e+00 0.000000000000000000e+00 0.000000000000000000e+00 0.000000000000000000e+00 0.000000000000000000e+00 0.000000000000000000e+00 0.000000000000000000e+00
-3.080237462429530559e+00 6.670271119709454069e+03 6.168525711524567305e+04 -1.179429501278107750e+01 6.755554950521674073e+03 2.262894971832646206e+03 1.616023633164807052e+03 -2.263502519350179227e+03 1.757200793825912342e+03 7.615239823233156130e+03 1.739517439721776384e+02 -2.962800484125705793e+02 -2.299014599852320018e+01 3.853503559213023436e+03 -3.270115769190563242e+03 4.935164556078696478e+03 8.686883642322625747e+03 2.104593503413339931e+03 0.000000000000000000e+00 0.000000000000000000e+00 0.000000000000000000e+00 0.000000000000000000e+00 0.000000000000000000e+00 0.000000000000000000e+00 0.000000000000000000e+00 0.000000000000000000e+00 0.000000000000000000e+00 4.336267481805169593e-06 1.695657799045620676e-04 1.004593727327366326e-03 3.116066553305189661e-03 7.284210899785707044e-03 1.471442846105227957e-02 2.734484466617725235e-02 4.741030147297249642e-02 7.861494994876946918e-02 1.270248471157634784e-01 2.004122524868994781e-01 3.098251649362728788e-01 4.720312309586880417e-01 7.164704317829517777e-01 1.072505583911369298e+00 1.592688502245970028e+00 2.356821182062168951e+00 3.475625482099208075e+00 5.094702062854699065e+00 7.436866188284024126e+00 1.087231804345572606e+01 1.583019533124963907e+01 2.296844186878073657e+01 3.322435171455311576e+01 4.817840292717163919e+01 6.939482613758053731e+01 9.966526798024963796e+01 1.435581632799587908e+02 2.063932408450965568e+02 2.941178069310500405e+02 4.173239000907415743e+02 5.943030094600874236e+02 7.694793484631779847e+02 6.921300448218840984e+01 0.000000000000000000e+00 0.000000000000000000e+00 0.000000000000000000e+00 0.000000000000000000e+00 0.000000000000000000e+00 0.000000000000000000e+00 0.000000000000000000e+00 0.000000000000000000e+00 0.000000000000000000e+00 0.000000000000000000e+00 0.000000000000000000e+00 0.000000000000000000e+00 0.000000000000000000e+00 0.000000000000000000e+00 0.000000000000000000e+00 0.000000000000000000e+00 0.000000000000000000e+00 0.000000000000000000e+00 0.000000000000000000e+00 0.000000000000000000e+00 0.000000000000000000e+00 0.000000000000000000e+00 0.000000000000000000e+00 0.000000000000000000e+00 0.000000000000000000e+00 0.000000000000000000e+00 0.000000000000000000e+00 0.000000000000000000e+00 0.000000000000000000e+00 0.000000000000000000e+00 0.000000000000000000e+00 0.000000000000000000e+00 0.000000000000000000e+00 0.000000000000000000e+00 0.000000000000000000e+00 0.000000000000000000e+00 0.000000000000000000e+00 0.000000000000000000e+00 0.000000000000000000e+00 0.000000000000000000e+00 0.000000000000000000e+00 0.000000000000000000e+00 0.000000000000000000e+00 0.000000000000000000e+00 0.000000000000000000e+00 0.000000000000000000e+00 0.000000000000000000e+00
-2.940944682293941170e+01 6.168525711524567305e+04 5.902472370883590775e+05 -1.340117499675599220e+02 6.464182579468403856e+04 2.162433355672733887e+04 1.787458042224882229e+04 -2.509629203026716641e+04 1.123762718821662929e+04 6.964468258903310925e+04 2.171985219080415845e+03 -3.036156803079134534e+03 -2.366352066222435724e+02 3.380373238719514484e+04 -3.024133927976315681e+04 4.563935844350237312e+04 8.033446338088787161e+04 2.327857406344482297e+04 0.000000000000000000e+00 0.000000000000000000e+00 0.000000000000000000e+00 0.000000000000000000e+00 0.000000000000000000e+00 0.000000000000000000e+00 0.000000000000000000e+00 0.000000000000000000e+00 0.000000000000000000e+00 5.946428710898743486e-05 2.220420950758718141e-03 1.254752970721846779e-02 3.738100805849397384e-02 8.454617667045558060e-02 1.661131384251256782e-01 3.014270096342981931e-01 5.122680313146967812e-01 8.352308584299826810e-01 1.329593707466355967e+00 2.071328769116576041e+00 3.167267901630676619e+00 4.780378225523032043e+00 7.194189303252688461e+00 1.069267961005797041e+01 1.578136489707474333e+01 2.322450464286880134e+01 3.409326546573559824e+01 4.976775042759918222e+01 7.239447400844375125e+01 1.055132321728282108e+02 1.532288684583814131e+02 2.218086765961507183e+02 3.202548936826310637e+02 4.635463263245721350e+02 6.666277464946294913e+02 9.562983685571003889e+02 1.375941774191857576e+03 1.976263349220641430e+03 2.814323347414656382e+03 3.990930002384062846e+03 5.679352520305646976e+03 7.349026113941851690e+03 6.607709839497530311e+02 0.000000000000000000e+00 0.000000000000000000e+00 0.000000000000000000e+00 0.000000000000000000e+00 0.000000000000000000e+00 0.000000000000000000e+00 0.000000000000000000e+00 0.000000000000000000e+00 0.000000000000000000e+00 0.000000000000000000e+00 0.000000000000000000e+00 0.000000000000000000e+00 0.000000000000000000e+00 0.000000000000000000e+00 0.000000000000000000e+00 0.000000000000000000e+00 0.000000000000000000e+00 0.000000000000000000e+00 0.000000000000000000e+00 0.000000000000000000e+00 0.000000000000000000e+00 0.000000000000000000e+00 0.000000000000000000e+00 0.000000000000000000e+00 0.000000000000000000e+00 0.000000000000000000e+00 0.000000000000000000e+00 0.000000000000000000e+00 0.000000000000000000e+00 0.000000000000000000e+00 0.000000000000000000e+00 0.000000000000000000e+00 0.000000000000000000e+00 0.000000000000000000e+00 0.000000000000000000e+00 0.000000000000000000e+00 0.000000000000000000e+00 0.000000000000000000e+00 0.000000000000000000e+00 0.000000000000000000e+00 0.000000000000000000e+00 0.000000000000000000e+00 0.000000000000000000e+00 0.000000000000000000e+00 0.000000000000000000e+00 0.000000000000000000e+00 0.000000000000000000e+00
1.251205712272866755e-02 -1.179429501278107750e+01 -1.340117499675599220e+02 6.312406349802325567e-02 -1.467650105162112162e+01 -5.714079774167898584e+00 -6.548986578536017511e+00 9.304974480581172713e+00 5.369809367542179857e+00 -1.160809554710155567e+01 -1.375159847521929102e+00 1.092627051142442518e+00 8.439923911365944387e-02 -2.214734834445496681e+00 5.782180276573376076e+00 -8.726299975876887771e+00 -1.536004557843490836e+01 -8.528931337554535475e+00 0.000000000000000000e+00 0.000000000000000000e+00 0.000000000000000000e+00 0.000000000000000000e+00 0.000000000000000000e+00 0.000000000000000000e+00 0.000000000000000000e+00 0.000000000000000000e+00 0.000000000000000000e+00 -2.732391085254579669e-11 -1.089202827214228903e-09 -6.835811198480043385e-09 -2.327020525641469896e-08 -6.120832054398795536e-08 -1.416348485865633431e-07 -3.074821131031716699e-07 -6.289565193913228298e-07 -1.242012078324586105e-06 -2.411419922031038210e-06 -4.613084792330227472e-06 -8.675522437977997963e-06 -1.614621414123533713e-05 -3.018482861161054723e-05 -5.577777128185732201e-05 -1.024654244519264352e-04 -1.881819774596653382e-04 -3.467896378966266505e-04 -6.342197386017989647e-04 -1.156846245901492530e-03 -2.125505063492775897e-03 -3.893038322599918274e-03 -7.099280383820035130e-03 -1.292696003745220923e-02 -2.370994391773404222e-02 -4.308828767004579258e-02 -7.813671052100620851e-02 -1.425118228060439640e-01 -2.597771876445791883e-01 -4.687502721895620006e-01 -8.416138031709673450e-01 -1.523613538580105953e+00 -2.468645773565361523e+00 -2.427257044544259834e-01 0.000000000000000000e+00 0.000000000000000000e+00 0.000000000000000000e+00 0.000000000000000000e+00 0.000000000000000000e+00 0.000000000000000000e+00 0.000000000000000000e+00 0.000000000000000000e+00 0.000000000000000000e+00 0.000000000000000000e+00 0.000000000000000000e+00 0.000000000000000000e+00 0.000000000000000000e+00 0.000000000000000000e+00 0.000000000000000000e+00 0.000000000000000000e+00 0.000000000000000000e+00 0.000000000000000000e+00 0.000000000000000000e+00 0.000000000000000000e+00 0.000000000000000000e+00 0.000000000000000000e+00 0.000000000000000000e+00 0.000000000000000000e+00 0.000000000000000000e+00 0.000000000000000000e+00 0.000000000000000000e+00 0.000000000000000000e+00 0.000000000000000000e+00 0.000000000000000000e+00 0.000000000000000000e+00 0.000000000000000000e+00 0.000000000000000000e+00 0.000000000000000000e+00 0.000000000000000000e+00 0.000000000000000000e+00 0.000000000000000000e+00 0.000000000000000000e+00 0.000000000000000000e+00 0.000000000000000000e+00 0.000000000000000000e+00 0.000000000000000000e+00 0.000000000000000000e+00 0.000000000000000000e+00 0.000000000000000000e+00 0.000000000000000000e+00 0.000000000000000000e+00
-3.220820393203947418e+00 6.755554950521674073e+03 6.464182579468403856e+04 -1.467650105162112162e+01 7.079348075702646383e+03 2.368221848179282915e+03 1.957561918473004198e+03 -2.748458672192304221e+03 1.230705869339902392e+03 7.627243562636796923e+03 2.378682716974869606e+02 -3.325093398456788236e+02 -2.591546532063522079e+01 3.702067274320974320e+03 -3.311926363541362207e+03 4.998263901139413974e+03 8.797951198879391086e+03 2.549388518582067718e+03 0.000000000000000000e+00 0.000000000000000000e+00 0.000000000000000000e+00 0.000000000000000000e+00 0.000000000000000000e+00 0.000000000000000000e+00 0.000000000000000000e+00 0.000000000000000000e+00 0.000000000000000000e+00 6.512322035196275203e-06 2.431727846755261295e-04 1.374161840195483111e-03 4.093838071765712981e-03 9.259203399066540802e-03 1.819213353586231555e-02 3.301123837988589882e-02 5.610181422242439125e-02 9.147158047754315457e-02 1.456124813725847289e-01 2.268447271642328456e-01 3.468681716364490075e-01 5.235304073785982393e-01 7.878826065647858146e-01 1.171025104736350686e+00 1.728320229860447643e+00 2.543467023577810071e+00 3.733775930708992163e+00 5.450391041563805494e+00 7.928391161026403289e+00 1.155544243933323045e+01 1.678109307290241503e+01 2.429171528698132576e+01 3.507320279794661388e+01 5.076598244127502824e+01 7.300675369761674460e+01 1.047304733740832461e+02 1.506883605414044496e+02 2.164334928104297830e+02 3.082149108412626219e+02 4.370727819845246813e+02 6.219829474428177036e+02 8.048397958818364941e+02 7.236534142093366029e+01 0.000000000000000000e+00 0.000000000000000000e+00 0.000000000000000000e+00 0.000000000000000000e+00 0.000000000000000000e+00 0.000000000000000000e+00 0.000000000000000000e+00 0.000000000000000000e+00 0.000000000000000000e+00 0.000000000000000000e+00 0.000000000000000000e+00 0.000000000000000000e+00 0.000000000000000000e+00 0.000000000000000000e+00 0.000000000000000000e+00 0.000000000000000000e+00 0.000000000000000000e+00 0.000000000000000000e+00 0.000000000000000000e+00 0.000000000000000000e+00 0.000000000000000000e+00 0.000000000000000000e+00 0.000000000000000000e+00 0.000000000000000000e+00 0.000000000000000000e+00 0.000000000000000000e+00 0.000000000000000000e+00 0.000000000000000000e+00 0.000000000000000000e+00 0.000000000000000000e+00 0.000000000000000000e+00 0.000000000000000000e+00 0.000000000000000000e+00 0.000000000000000000e+00 0.000000000000000000e+00 0.000000000000000000e+00 0.000000000000000000e+00 0.000000000000000000e+00 0.000000000000000000e+00 0.000000000000000000e+00 0.000000000000000000e+00 0.000000000000000000e+00 0.000000000000000000e+00 0.000000000000000000e+00 0.000000000000000000e+00 0.000000000000000000e+00 0.000000000000000000e+00
-1.652973028274633993e+00 2.262894971832646206e+03 2.162433355672733887e+04 -5.714079774167898584e+00 2.368221848179282915e+03 9.251827595918379075e+02 6.514857223975594707e+02 -8.334893810341319522e+02 2.666816906899204582e+02 2.467759240100625902e+03 1.097911274617531774e+02 -1.280953380289939219e+02 -9.751398941087668248e+00 1.007399578076437706e+03 -1.109389468375057277e+03 1.674258640869701821e+03 2.947032431263960007e+03 8.484483709184837608e+02 0.000000000000000000e+00 0.000000000000000000e+00 0.000000000000000000e+00 0.000000000000000000e+00 0.000000000000000000e+00 0.000000000000000000e+00 0.000000000000000000e+00 0.000000000000000000e+00 0.000000000000000000e+00 -7.351157111775468807e-06 -2.658616334434257995e-04 -1.440181336850278370e-03 -4.092035875461289343e-03 -8.802710694495710989e-03 -1.640240569495485939e-02 -2.809826986907053639e-02 -4.495899024900949781e-02 -6.876870257186071256e-02 -1.021729836903195188e-01 -1.477467690071054829e-01 -2.086312484369413911e-01 -2.889084754131075461e-01 -3.948276131848877379e-01 -5.282055350573298114e-01 -6.935216669551305113e-01 -8.933870463723766475e-01 -1.122603004102059598e+00 -1.366541123896818588e+00 -1.593624122553961353e+00 -1.738810304427043540e+00 -1.681943180003424354e+00 -1.223819609406549436e+00 -1.953834489853527659e-02 2.548269960459814687e+00 7.312534369576646043e+00 1.570362732185233234e+01 3.017565765210747131e+01 5.424716551820537802e+01 9.262120599961073708e+01 1.530697992329031365e+02 2.493994644515412631e+02 3.609533519768714314e+02 3.386650081980946680e+01 0.000000000000000000e+00 0.000000000000000000e+00 0.000000000000000000e+00 0.000000000000000000e+00 0.000000000000000000e+00 0.000000000000000000e+00 0.000000000000000000e+00 0.000000000000000000e+00 0.000000000000000000e+00 0.000000000000000000e+00 0.000000000000000000e+00 0.000000000000000000e+00 0.000000000000000000e+00 0.000000000000000000e+00 0.000000000000000000e+00 0.000000000000000000e+00 0.000000000000000000e+00 0.000000000000000000e+00 0.000000000000000000e+00 0.000000000000000000e+00 0.000000000000000000e+00 0.000000000000000000e+00 0.000000000000000000e+00 0.000000000000000000e+00 0.000000000000000000e+00 0.000000000000000000e+00 0.000000000000000000e+00 0.000000000000000000e+00 0.000000000000000000e+00 0.000000000000000000e+00 0.000000000000000000e+00 0.000000000000000000e+00 0.000000000000000000e+00 0.000000000000000000e+00 0.000000000000000000e+00 0.000000000000000000e+00 0.000000000000000000e+00 0.000000000000000000e+00 0.000000000000000000e+00 0.000000000000000000e+00 0.000000000000000000e+00 0.000000000000000000e+00 0.000000000000000000e+00 0.000000000000000000e+00 0.000000000000000000e+00 0.000000000000000000e+00 0.000000000000000000e+00
-8.830308959140269476e-01 1.616023633164807052e+03 1.787458042224882229e+04 -6.548986578536017511e+00 1.957561918473004198e+03 6.514857223975594707e+02 8.251889630440082328e+02 -1.164698949133413407e+03 -3.162114203254232621e+02 1.729594980538150139e+03 1.255222952002224446e+02 -1.156253920425363475e+02 -9.126237310108926692e+00 6.623401622541136931e+02 -7.922593057097578821e+02 1.195654931118882359e+03 2.104593503413339931e+03 1.074667037702719881e+03 0.000000000000000000e+00 0.000000000000000000e+00 0.000000000000000000e+00 0.000000000000000000e+00 0.000000000000000000e+00 0.000000000000000000e+00 0.000000000000000000e+00 0.000000000000000000e+00 0.000000000000000000e+00 3.916608668397114042e-06 1.376323591273145830e-04 7.255047032506761967e-04 2.022569233144120866e-03 4.308134393284796144e-03 8.010823457927463559e-03 1.381062842876356299e-02 2.241371396870698099e-02 3.506376488037650507e-02 5.370119341773779004e-02 8.081526586826767722e-02 1.197726937908170641e-01 1.758056402104287153e-01 2.577154361645200842e-01 3.744567861437582690e-01 5.416519176896503751e-01 7.825226153940268992e-01 1.130885070153836658e+00 1.626990391417577175e+00 2.337544757800291251e+00 3.369446026756756307e+00 4.846832142768173313e+00 6.956157076582059062e+00 9.973988348352428090e+00 1.433694360150859204e+01 2.049490605840727753e+01 2.926966177084373300e+01 4.193611076734295295e+01 6.000652757827296568e+01 8.522681144404742781e+01 1.205857463796313311e+02 1.711236953310182400e+02 2.209174157133833489e+02 1.983285166917203668e+01 0.000000000000000000e+00 0.000000000000000000e+00 0.000000000000000000e+00 0.000000000000000000e+00 0.000000000000000000e+00 0.000000000000000000e+00 0.000000000000000000e+00 0.000000000000000000e+00 0.000000000000000000e+00 0.000000000000000000e+00 0.000000000000000000e+00 0.000000000000000000e+00 0.000000000000000000e+00 0.000000000000000000e+00 0.000000000000000000e+00 0.000000000000000000e+00 0.000000000000000000e+00 0.000000000000000000e+00 0.000000000000000000e+00 0.000000000000000000e+00 0.000000000000000000e+00 0.000000000000000000e+00 0.000000000000000000e+00 0.000000000000000000e+00 0.000000000000000000e+00 0.000000000000000000e+00 0.000000000000000000e+00 0.000000000000000000e+00 0.000000000000000000e+00 0.000000000000000000e+00 0.000000000000000000e+00 0.000000000000000000e+00 0.000000000000000000e+00 0.000000000000000000e+00 0.000000000000000000e+00 0.000000000000000000e+00 0.000000000000000000e+00 0.000000000000000000e+00 0.000000000000000000e+00 0.000000000000000000e+00 0.000000000000000000e+00 0.000000000000000000e+00 0.000000000000000000e+00 0.000000000000000000e+00 0.000000000000000000e+00 0.000000000000000000e+00 0.000000000000000000e+00
-1.231674190012499670e+00 -2.263502519350179227e+03 -2.509629203026716641e+04 9.304974480581172713e+00 -2.748458672192304221e+03 -8.334893810341319522e+02 -1.164698949133413407e+03 1.975591170600795294e+03 6.559014099354679956e+02 -2.441310839373069030e+03 -1.886914230262574392e+02 1.680156427345604868e+02 1.350398241495367735e+01 -9.941359685002589686e+02 1.109687319943901230e+03 -1.674708149880783139e+03 -2.947823657661999732e+03 -1.516820541156370382e+03 -0.000000000000000000e+00 -0.000000000000000000e+00 -0.000000000000000000e+00 -0.000000000000000000e+00 -0.000000000000000000e+00 -0.000000000000000000e+00 -0.000000000000000000e+00 -0.000000000000000000e+00 -0.000000000000000000e+00 -8.914550527823697992e-06 -3.189063983695459409e-04 -1.743929326198572242e-03 -5.093045199979438428e-03 -1.139485359321783416e-02 -2.221963048110901784e-02 -4.003149394941121764e-02 -6.730413619917119394e-02 -1.082351974289655072e-01 -1.689714180253260034e-01 -2.556217808368136946e-01 -3.766727247713955729e-01 -5.420385055967849031e-01 -7.680301746430291399e-01 -1.060387242672219843e+00 -1.443744042038077824e+00 -1.956987547304119612e+00 -2.777720850500971395e+00 -4.410857448384777335e+00 -6.170908537483870582e+00 -8.574348320679126445e+00 -1.182304610083779117e+01 -1.604685048235982237e+01 -2.147520116278687752e+01 -2.876649139487392404e+01 -3.794254345651645366e+01 -5.087931610968858820e+01 -7.114032106824369350e+01 -1.005067230655547377e+02 -1.223732762602544568e+02 -1.487160553356797550e+02 -2.375674111935286419e+02 -2.521369661009452159e+02 -1.816998273811305964e+01 -0.000000000000000000e+00 -0.000000000000000000e+00 -0.000000000000000000e+00 -0.000000000000000000e+00 -0.000000000000000000e+00 -0.000000000000000000e+00 -0.000000000000000000e+00 -0.000000000000000000e+00 -0.000000000000000000e+00 -0.000000000000000000e+00 -0.000000000000000000e+00 -0.000000000000000000e+00 -0.000000000000000000e+00 -0.000000000000000000e+00 -0.000000000000000000e+00 -0.000000000000000000e+00 -0.000000000000000000e+00 -0.000000000000000000e+00 -0.000000000000000000e+00 -0.000000000000000000e+00 -0.000000000000000000e+00 -0.000000000000000000e+00 -0.000000000000000000e+00 -0.000000000000000000e+00 -0.000000000000000000e+00 -0.000000000000000000e+00 -0.000000000000000000e+00 -0.000000000000000000e+00 -0.000000000000000000e+00 -0.000000000000000000e+00 -0.000000000000000000e+00 -0.000000000000000000e+00 -0.000000000000000000e+00 -0.000000000000000000e+00 -0.000000000000000000e+00 -0.000000000000000000e+00 -0.000000000000000000e+00 -0.000000000000000000e+00 -0.000000000000000000e+00 -0.000000000000000000e+00 -0.000000000000000000e+00 -0.000000000000000000e+00 -0.000000000000000000e+00 -0.000000000000000000e+00 -0.000000000000000000e+00 -0.000000000000000000e+00 -0.000000000000000000e+00
1.249075844244944999e+00 1.757200793825912342e+03 1.123762718821662929e+04 5.369809367542179857e+00 1.230705869339902392e+03 2.666816906899204582e+02 -3.162114203254232621e+02 6.559014099354679956e+02 2.305999591534610772e+03 2.379155319479240461e+03 -1.797325256131414335e+02 4.173880239335884568e+01 3.277692211497148733e+00 1.929489910831963698e+03 -8.614717336668900316e+02 1.300108334424153327e+03 2.288452531870630992e+03 -4.118111191348654643e+02 0.000000000000000000e+00 0.000000000000000000e+00 0.000000000000000000e+00 0.000000000000000000e+00 0.000000000000000000e+00 0.000000000000000000e+00 0.000000000000000000e+00 0.000000000000000000e+00 0.000000000000000000e+00 6.730411875167824285e-06 2.587428768292327126e-04 1.481388043597285870e-03 4.386460462400490305e-03 9.758759199672116177e-03 1.872113490760922080e-02 3.300067390361483693e-02 5.423062025438214057e-02 8.537437061171958275e-02 1.307768122936205646e-01 1.950475683349494338e-01 2.847868337870942956e-01 4.086348673798277376e-01 5.812806221849456945e-01 8.126098160275637694e-01 1.127606631335986487e+00 1.564515833416616486e+00 2.234441784282238608e+00 3.405293207436919989e+00 4.794741108762940129e+00 6.722375944054408414e+00 9.354932090823545821e+00 1.285576419618754684e+01 1.744830660637979491e+01 2.357919465767096057e+01 3.124468176008912934e+01 4.112399266728347413e+01 5.425226808498022990e+01 6.981313189058310797e+01 7.743525488133381884e+01 7.565509798527735086e+01 7.471673151561559223e+01 7.304788062582660224e+00 -3.959769145030878068e+00 0.000000000000000000e+00 0.000000000000000000e+00 0.000000000000000000e+00 0.000000000000000000e+00 0.000000000000000000e+00 0.000000000000000000e+00 0.000000000000000000e+00 0.000000000000000000e+00 0.000000000000000000e+00 0.000000000000000000e+00 0.000000000000000000e+00 0.000000000000000000e+00 0.000000000000000000e+00 0.000000000000000000e+00 0.000000000000000000e+00 0.000000000000000000e+00 0.000000000000000000e+00 0.000000000000000000e+00 0.000000000000000000e+00 0.000000000000000000e+00 0.000000000000000000e+00 0.000000000000000000e+00 0.000000000000000000e+00 0.000000000000000000e+00 0.000000000000000000e+00 0.000000000000000000e+00 0.000000000000000000e+00 0.000000000000000000e+00 0.000000000000000000e+00 0.000000000000000000e+00 0.000000000000000000e+00 0.000000000000000000e+00 0.000000000000000000e+00 0.000000000000000000e+00 0.000000000000000000e+00 0.000000000000000000e+00 0.000000000000000000e+00 0.000000000000000000e+00 0.000000000000000000e+00 0.000000000000000000e+00 0.000000000000000000e+00 0.000000000000000000e+00 0.000000000000000000e+00 0.000000000000000000e+00 0.000000000000000000e+00 0.000000000000000000e+00 0.000000000000000000e+00
-1.960031387315104290e+00 7.615239823233156130e+03 6.964468258903310925e+04 -1.160809554710155567e+01 7.627243562636796923e+03 2.467759240100625902e+03 1.729594980538150139e+03 -2.441310839373069030e+03 2.379155319479240461e+03 8.803841417145556989e+03 1.456369241648976924e+02 -3.096987610083946265e+02 -2.415993404799180766e+01 4.679829985896024482e+03 -3.733388851097767656e+03 5.634322951372971147e+03 9.917543240084885838e+03 2.252500696693514328e+03 0.000000000000000000e+00 0.000000000000000000e+00 0.000000000000000000e+00 0.000000000000000000e+00 0.000000000000000000e+00 0.000000000000000000e+00 0.000000000000000000e+00 0.000000000000000000e+00 0.000000000000000000e+00 9.564996832661140823e-06 3.629939853832237330e-04 2.084204658974398144e-03 6.280676147025659670e-03 1.431910786945427179e-02 2.826811784666158345e-02 5.140262569841438922e-02 8.723703312164048096e-02 1.417324222123094446e-01 2.242156078952695919e-01 3.456938875659922306e-01 5.217723442067603301e-01 7.746472033837493720e-01 1.142751305458355571e+00 1.659185989214392754e+00 2.390656222681847520e+00 3.439040508289154641e+00 5.007981447816073128e+00 7.499674177425194266e+00 1.079178665133160386e+01 1.551980231221115858e+01 2.221325468111147217e+01 3.159022620193762876e+01 4.468363145805015790e+01 6.334818921216823639e+01 8.904026866923642558e+01 1.252116078151599652e+02 1.776322850777777376e+02 2.514523778911618876e+02 3.427599871081944229e+02 4.644888079475728659e+02 6.558241883401046834e+02 7.950148062830663775e+02 6.820582048917358975e+01 0.000000000000000000e+00 0.000000000000000000e+00 0.000000000000000000e+00 0.000000000000000000e+00 0.000000000000000000e+00 0.000000000000000000e+00 0.000000000000000000e+00 0.000000000000000000e+00 0.000000000000000000e+00 0.000000000000000000e+00 0.000000000000000000e+00 0.000000000000000000e+00 0.000000000000000000e+00 0.000000000000000000e+00 0.000000000000000000e+00 0.000000000000000000e+00 0.000000000000000000e+00 0.000000000000000000e+00 0.000000000000000000e+00 0.000000000000000000e+00 0.000000000000000000e+00 0.000000000000000000e+00 0.000000000000000000e+00 0.000000000000000000e+00 0.000000000000000000e+00 0.000000000000000000e+00 0.000000000000000000e+00 0.000000000000000000e+00 0.000000000000000000e+00 0.000000000000000000e+00 0.000000000000000000e+00 0.000000000000000000e+00 0.000000000000000000e+00 0.000000000000000000e+00 0.000000000000000000e+00 0.000000000000000000e+00 0.000000000000000000e+00 0.000000000000000000e+00 0.000000000000000000e+00 0.000000000000000000e+00 0.000000000000000000e+00 0.000000000000000000e+00 0.000000000000000000e+00 0.000000000000000000e+00 0.000000000000000000e+00 0.000000000000000000e+00 0.000000000000000000e+00
-5.755432960285546962e-01 1.739517439721776384e+02 2.171985219080415845e+03 -1.375159847521929102e+00 2.378682716974869606e+02 1.097911274617531774e+02 1.255222952002224446e+02 -1.886914230262574392e+02 -1.797325256131414335e+02 1.456369241648976356e+02 3.369913826518819633e+01 -2.330604786572618892e+01 -1.784122526444082313e+00 -3.174028996608064190e+01 -8.528024286161178225e+01 1.287024868873636763e+02 2.265422997275744592e+02 1.634712522703424327e+02 0.000000000000000000e+00 0.000000000000000000e+00 0.000000000000000000e+00 0.000000000000000000e+00 0.000000000000000000e+00 0.000000000000000000e+00 0.000000000000000000e+00 0.000000000000000000e+00 0.000000000000000000e+00 -1.313746550465026912e-06 -4.866697221854647082e-05 -2.700929130084309452e-04 -7.819847236833255043e-04 -1.711390228300994996e-03 -3.238352905610611572e-03 -5.635247702724673936e-03 -9.131913443437842184e-03 -1.415863736996194125e-02 -2.128698957822123053e-02 -3.097237124916496498e-02 -4.385707184591846469e-02 -6.048951793073568950e-02 -8.167965416656566835e-02 -1.067422372207966486e-01 -1.366199854730802965e-01 -1.728932775679777045e-01 -2.356380011689870879e-01 -3.895685896332214404e-01 -5.215138258077726130e-01 -6.848046782645156316e-01 -8.809483921774491355e-01 -1.084943178183025658e+00 -1.262558809680319305e+00 -1.385712822917760878e+00 -1.310403993349992913e+00 -1.015812709683290072e+00 -4.877153136928569221e-01 7.852237578295628850e-01 6.186265948410725635e+00 1.614922076489661862e+01 2.681774404559748248e+01 5.334990214845936407e+01 5.869122512874185738e+00 0.000000000000000000e+00 0.000000000000000000e+00 0.000000000000000000e+00 0.000000000000000000e+00 0.000000000000000000e+00 0.000000000000000000e+00 0.000000000000000000e+00 0.000000000000000000e+00 0.000000000000000000e+00 0.000000000000000000e+00 0.000000000000000000e+00 0.000000000000000000e+00 0.000000000000000000e+00 0.000000000000000000e+00 0.000000000000000000e+00 0.000000000000000000e+00 0.000000000000000000e+00 0.000000000000000000e+00 0.000000000000000000e+00 0.000000000000000000e+00 0.000000000000000000e+00 0.000000000000000000e+00 0.000000000000000000e+00 0.000000000000000000e+00 0.000000000000000000e+00 0.000000000000000000e+00 0.000000000000000000e+00 0.000000000000000000e+00 0.000000000000000000e+00 0.000000000000000000e+00 0.000000000000000000e+00 0.000000000000000000e+00 0.000000000000000000e+00 0.000000000000000000e+00 0.000000000000000000e+00 0.000000000000000000e+00 0.000000000000000000e+00 0.000000000000000000e+00 0.000000000000000000e+00 0.000000000000000000e+00 0.000000000000000000e+00 0.000000000000000000e+00 0.000000000000000000e+00 0.000000000000000000e+00 0.000000000000000000e+00 0.000000000000000000e+00 0.000000000000000000e+00
4.141044500722821375e-01 -2.962800484125705793e+02 -3.036156803079134534e+03 1.092627051142442518e+00 -3.325093398456788236e+02 -1.280953380289939219e+02 -1.156253920425363475e+02 1.680156427345604868e+02 4.173880239335884568e+01 -3.096987610083945697e+02 -2.330604786572618892e+01 2.148820643426869381e+01 1.652765364821562999e+00 -9.974186472422205441e+01 1.452519756727208744e+02 -2.192100991635087723e+02 -3.858539270610372114e+02 -1.505822340269731683e+02 0.000000000000000000e+00 0.000000000000000000e+00 0.000000000000000000e+00 0.000000000000000000e+00 0.000000000000000000e+00 0.000000000000000000e+00 0.000000000000000000e+00 0.000000000000000000e+00 0.000000000000000000e+00 6.088283808310910785e-07 2.224354199905733664e-05 1.213966493720501925e-04 3.451394128758337315e-04 7.415917416299416982e-04 1.376162640544761114e-03 2.344491246715212692e-03 3.709748344098202748e-03 5.603896137635426197e-03 8.168194192110910662e-03 1.142716743209231701e-02 1.541235613104696700e-02 1.993002724257659716e-02 2.455326766541080646e-02 2.800985474192805094e-02 2.924987719162851912e-02 2.676459288723614591e-02 2.859178983098297974e-02 6.702529010715335689e-02 7.129329538602380278e-02 6.050751517624097103e-02 2.271076680035087614e-02 -7.587634051728743556e-02 -2.824904927220994177e-01 -6.598037268162795232e-01 -1.335183480650805610e+00 -2.401562114402438830e+00 -3.998763829969222083e+00 -6.566912056491696070e+00 -1.218847170487449105e+01 -2.139627245897326446e+01 -3.248572475010879401e+01 -5.240544260605175708e+01 -5.311942875745199188e+00 0.000000000000000000e+00 0.000000000000000000e+00 0.000000000000000000e+00 0.000000000000000000e+00 0.000000000000000000e+00 0.000000000000000000e+00 0.000000000000000000e+00 0.000000000000000000e+00 0.000000000000000000e+00 0.000000000000000000e+00 0.000000000000000000e+00 0.000000000000000000e+00 0.000000000000000000e+00 0.000000000000000000e+00 0.000000000000000000e+00 0.000000000000000000e+00 0.000000000000000000e+00 0.000000000000000000e+00 0.000000000000000000e+00 0.000000000000000000e+00 0.000000000000000000e+00 0.000000000000000000e+00 0.000000000000000000e+00 0.000000000000000000e+00 0.000000000000000000e+00 0.000000000000000000e+00 0.000000000000000000e+00 0.000000000000000000e+00 0.000000000000000000e+00 0.000000000000000000e+00 0.000000000000000000e+00 0.000000000000000000e+00 0.000000000000000000e+00 0.000000000000000000e+00 0.000000000000000000e+00 0.000000000000000000e+00 0.000000000000000000e+00 0.000000000000000000e+00 0.000000000000000000e+00 0.000000000000000000e+00 0.000000000000000000e+00 0.000000000000000000e+00 0.000000000000000000e+00 0.000000000000000000e+00 0.000000000000000000e+00 0.000000000000000000e+00 0.000000000000000000e+00
2.763950669403166666e-02 -2.299014599852320018e+01 -2.366352066222435724e+02 8.439923911365944387e-02 -2.591546532063522434e+01 -9.751398941087668248e+00 -9.126237310108926692e+00 1.350398241495367735e+01 3.277692211497148733e+00 -2.415993404799180766e+01 -1.784122526444082313e+00 1.652765364821562999e+00 1.276564563161007304e-01 -8.099901234814112172e+00 1.127097199147112860e+01 -1.700982638257862334e+01 -2.994072049321426476e+01 -1.188535820843709523e+01 0.000000000000000000e+00 0.000000000000000000e+00 0.000000000000000000e+00 0.000000000000000000e+00 0.000000000000000000e+00 0.000000000000000000e+00 0.000000000000000000e+00 0.000000000000000000e+00 0.000000000000000000e+00 3.349212337566666516e-08 1.228572776433568327e-06 6.694390237746579782e-06 1.888812304237079290e-05 4.012782306297473309e-05 7.339803805567868917e-05 1.228969078260001889e-04 1.905561474010224144e-04 2.813627759318754543e-04 3.989887471682156670e-04 5.389598429501632178e-04 6.948627850009005211e-04 8.430012981004986194e-04 9.367834975307391069e-04 8.809453102565696246e-04 5.765221633256496564e-04 -1.222002879129675172e-04 -8.312627500474119129e-04 2.055711057594982870e-04 -1.285503285284108526e-03 -4.485232930603350043e-03 -1.043471737419629508e-02 -2.163168267162145914e-02 -4.161296310799137560e-02 -7.541702377800239832e-02 -1.319592226242783106e-01 -2.195506559807979263e-01 -3.513876905389688443e-01 -5.597801187555753177e-01 -9.735837889843647064e-01 -1.641010160299570364e+00 -2.498170665664747325e+00 -3.895689576328129622e+00 -3.874890340886791851e-01 0.000000000000000000e+00 0.000000000000000000e+00 0.000000000000000000e+00 0.000000000000000000e+00 0.000000000000000000e+00 0.000000000000000000e+00 0.000000000000000000e+00 0.000000000000000000e+00 0.000000000000000000e+00 0.000000000000000000e+00 0.000000000000000000e+00 0.000000000000000000e+00 0.000000000000000000e+00 0.000000000000000000e+00 0.000000000000000000e+00 0.000000000000000000e+00 0.000000000000000000e+00 0.000000000000000000e+00 0.000000000000000000e+00 0.000000000000000000e+00 0.000000000000000000e+00 0.000000000000000000e+00 0.000000000000000000e+00 0.000000000000000000e+00 0.000000000000000000e+00 0.000000000000000000e+00 0.000000000000000000e+00 0.000000000000000000e+00 0.000000000000000000e+00 0.000000000000000000e+00 0.000000000000000000e+00 0.000000000000000000e+00 0.000000000000000000e+00 0.000000000000000000e+00 0.000000000000000000e+00 0.000000000000000000e+00 0.000000000000000000e+00 0.000000000000000000e+00 0.000000000000000000e+00 0.000000000000000000e+00 0.000000000000000000e+00 0.000000000000000000e+00 0.000000000000000000e+00 0.000000000000000000e+00 0.000000000000000000e+00 0.000000000000000000e+00 0.000000000000000000e+00
2.413797175845056042e+00 3.853503559213023436e+03 3.380373238719514484e+04 -2.214734834445496681e+00 3.702067274320974320e+03 1.007399578076437592e+03 6.623401622541136931e+02 -9.941359685002589686e+02 1.929489910831963698e+03 4.679829985896024482e+03 -3.174028996608066677e+01 -9.974186472422206862e+01 -8.099901234814113948e+00 2.945164224715627370e+03 -1.889188989391988343e+03 2.851109623708907748e+03 5.018527198279422009e+03 8.625844164171240891e+02 0.000000000000000000e+00 0.000000000000000000e+00 0.000000000000000000e+00 0.000000000000000000e+00 0.000000000000000000e+00 0.000000000000000000e+00 0.000000000000000000e+00 0.000000000000000000e+00 0.000000000000000000e+00 1.497086809463228445e-05 5.550086841484675425e-04 3.106960105141908391e-03 9.138784604079647905e-03 2.038677479363247558e-02 3.942017414806306408e-02 7.023292173363535063e-02 1.167256732623451476e-01 1.857251697625130760e-01 2.872339690911647203e-01 4.315085183142433611e-01 6.330095626553706722e-01 9.096366831792894736e-01 1.291351255779876972e+00 1.793799992335590066e+00 2.465262452405355909e+00 3.380658756140990651e+00 4.813380974248404165e+00 7.488776914377818450e+00 1.051015881422178921e+01 1.466876638675767452e+01 2.031911361679312122e+01 2.774994343123550067e+01 3.740089914020305173e+01 5.032308509957101705e+01 6.653126794059673443e+01 8.837830810146745364e+01 1.200576051453435440e+02 1.622219733086178621e+02 1.893281261349418116e+02 2.101212003747773167e+02 2.857354887111273456e+02 2.253589358937821032e+02 1.138605113664477209e+01 0.000000000000000000e+00 0.000000000000000000e+00 0.000000000000000000e+00 0.000000000000000000e+00 0.000000000000000000e+00 0.000000000000000000e+00 0.000000000000000000e+00 0.000000000000000000e+00 0.000000000000000000e+00 0.000000000000000000e+00 0.000000000000000000e+00 0.000000000000000000e+00 0.000000000000000000e+00 0.000000000000000000e+00 0.000000000000000000e+00 0.000000000000000000e+00 0.000000000000000000e+00 0.000000000000000000e+00 0.000000000000000000e+00 0.000000000000000000e+00 0.000000000000000000e+00 0.000000000000000000e+00 0.000000000000000000e+00 0.000000000000000000e+00 0.000000000000000000e+00 0.000000000000000000e+00 0.000000000000000000e+00 0.000000000000000000e+00 0.000000000000000000e+00 0.000000000000000000e+00 0.000000000000000000e+00 0.000000000000000000e+00 0.000000000000000000e+00 0.000000000000000000e+00 0.000000000000000000e+00 0.000000000000000000e+00 0.000000000000000000e+00 0.000000000000000000e+00 0.000000000000000000e+00 0.000000000000000000e+00 0.000000000000000000e+00 0.000000000000000000e+00 0.000000000000000000e+00 0.000000000000000000e+00 0.000000000000000000e+00 0.000000000000000000e+00 0.000000000000000000e+00
