# A b_HI Tb sigma_NL sigma8tot n_s f DA H omegak omegaDE w0 wa h gamma sigma_8 fs8 bs8 pk0 pk1 pk2 pk3 pk4 pk5 pk6 pk7 pk8 pk9 pk10 pk11 pk12 pk13 pk14 pk15 pk16 pk17 pk18 pk19 pk20 pk21 pk22 pk23 pk24 pk25 pk26 pk27 pk28 pk29 pk30 pk31 pk32 pk33 pk34 pk35 pk36 pk37 pk38 pk39 pk40 pk41 pk42 pk43 pk44 pk45 pk46 pk47 pk48 pk49 pk50 pk51 pk52 pk53 pk54 pk55 pk56 pk57 pk58 pk59 pk60 pk61 pk62 pk63 pk64 pk65 pk66 pk67 pk68 pk69 pk70 pk71 pk72 pk73 pk74 pk75 pk76 pk77 pk78 pk79 pk80 pk81 pk82 pk83 pk84 pk85 pk86 pk87 pk88 pk89
8.629821754858869876e-02 8.031308120411589924e-01 9.882606671783531027e+00 -2.398039902220335581e-03 8.056330754548016726e-01 3.556147598309026270e-01 2.300239088595134040e-01 -1.193532182219081639e+00 9.667275208330794456e-02 9.185524732430954131e-01 9.458195243701006394e-03 -1.429314662344586401e-02 -4.236969375303072300e-04 4.898258836322724186e-01 -4.595862110637723430e-01 5.404517925861369587e-01 9.901068242251582774e-01 2.835755252845141294e-01 0.000000000000000000e+00 0.000000000000000000e+00 0.000000000000000000e+00 0.000000000000000000e+00 0.000000000000000000e+00 0.000000000000000000e+00 0.000000000000000000e+00 0.000000000000000000e+00 0.000000000000000000e+00 0.000000000000000000e+00 1.267791457312981547e-22 -1.079180399356181461e-20 -8.931294457494500494e-20 1.884023970589879248e-19 2.198561603872305698e-19 -2.142642200098467868e-19 -2.820650567268563932e-18 -2.155200599971594916e-18 -4.544278506651307937e-18 4.891883851367334391e-18 -2.759222635909205386e-17 -8.626035395045252620e-18 -7.598574649318240567e-18 -3.505045122764876905e-17 -7.543933992798362546e-17 -6.009783461233285935e-17 -2.466769352189228468e-04 -5.558657361604913381e-03 -1.426925465720787350e-02 -1.806655401586243839e-02 -4.063444360939493828e-03 3.554591614477096290e-02 8.234190797797635852e-02 6.900293534779154692e-02 -7.625446624162650344e-02 -2.222164498124654108e-01 1.063882797619413248e-02 3.774999216239802724e-01 -8.887159666774065159e-02 -5.444834724450260399e-01 5.910462500815742981e-01 1.439623002719565004e-01 0.000000000000000000e+00 0.000000000000000000e+00 0.000000000000000000e+00 0.000000000000000000e+00 0.000000000000000000e+00 0.000000000000000000e+00 0.000000000000000000e+00 0.000000000000000000e+00 0.000000000000000000e+00 0.000000000000000000e+00 0.000000000000000000e+00 0.000000000000000000e+00 0.000000000000000000e+00 0.000000000000000000e+00 0.000000000000000000e+00 0.000000000000000000e+00 0.000000000000000000e+00 0.000000000000000000e+00 0.000000000000000000e+00 0.000000000000000000e+00 0.000000000000000000e+00 0.000000000000000000e+00 0.000000000000000000e+00 0.000000000000000000e+00 0.000000000000000000e+00 0.000000000000000000e+00 0.000000000000000000e+00 0.000000000000000000e+00 0.000000000000000000e+00 0.000000000000000000e+00 0.000000000000000000e+00 0.000000000000000000e+00 0.000000000000000000e+00 0.000000000000000000e+00 0.000000000000000000e+00 0.000000000000000000e+00 0.000000000000000000e+00 0.000000000000000000e+00 0.000000000000000000e+00 0.000000000000000000e+00 0.000000000000000000e+00 0.000000000000000000e+00 0.000000000000000000e+00 0.000000000000000000e+00 0.000000000000000000e+00 0.000000000000000000e+00 0.000000000000000000e+00 0.000000000000000000e+00
8.031308120411589924e-01 6.472679751877855097e+02 7.747909543552385912e+03 -9.825263046860412963e-01 6.316119219577543618e+02 1.969062119948072791e+02 1.591213396615584372e+02 -6.156732621648312715e+02 1.892349750418565861e+02 7.415747434417959312e+02 4.588695704565292743e+00 -9.647621418575642593e+00 -2.786576371180514711e-01 3.956305048033382263e+02 -3.703947498956484878e+02 4.355668245186319041e+02 7.979577295846341940e+02 1.961662059488813554e+02 0.000000000000000000e+00 0.000000000000000000e+00 0.000000000000000000e+00 0.000000000000000000e+00 0.000000000000000000e+00 0.000000000000000000e+00 0.000000000000000000e+00 0.000000000000000000e+00 0.000000000000000000e+00 0.000000000000000000e+00 2.121302402045690758e-07 1.675235668297619625e-05 1.200471007710950658e-04 4.038742942688362163e-04 1.000136596972390785e-03 2.112294207851849685e-03 3.989142174181599040e-03 7.026112307901067645e-03 1.184597321754879591e-02 1.931608878234487153e-02 3.058657368629492251e-02 4.748606866332596294e-02 7.305944069257885864e-02 1.105950383710575941e-01 1.658077635440957376e-01 2.471602457497416305e-01 3.669913484901280443e-01 5.407828106702400328e-01 7.932366718592904764e-01 1.164240796607033168e+00 1.702084617048206017e+00 2.478225280503180361e+00 3.598397019750929182e+00 5.234716856961250109e+00 7.572404605349770890e+00 1.093095657076968585e+01 1.581427216012647996e+01 2.285273764786446193e+01 3.286339980047874576e+01 4.719890502140466282e+01 6.807497753437854726e+01 4.152117628823672391e+01 0.000000000000000000e+00 0.000000000000000000e+00 0.000000000000000000e+00 0.000000000000000000e+00 0.000000000000000000e+00 0.000000000000000000e+00 0.000000000000000000e+00 0.000000000000000000e+00 0.000000000000000000e+00 0.000000000000000000e+00 0.000000000000000000e+00 0.000000000000000000e+00 0.000000000000000000e+00 0.000000000000000000e+00 0.000000000000000000e+00 0.000000000000000000e+00 0.000000000000000000e+00 0.000000000000000000e+00 0.000000000000000000e+00 0.000000000000000000e+00 0.000000000000000000e+00 0.000000000000000000e+00 0.000000000000000000e+00 0.000000000000000000e+00 0.000000000000000000e+00 0.000000000000000000e+00 0.000000000000000000e+00 0.000000000000000000e+00 0.000000000000000000e+00 0.000000000000000000e+00 0.000000000000000000e+00 0.000000000000000000e+00 0.000000000000000000e+00 0.000000000000000000e+00 0.000000000000000000e+00 0.000000000000000000e+00 0.000000000000000000e+00 0.000000000000000000e+00 0.000000000000000000e+00 0.000000000000000000e+00 0.000000000000000000e+00 0.000000000000000000e+00 0.000000000000000000e+00 0.000000000000000000e+00 0.000000000000000000e+00 0.000000000000000000e+00 0.000000000000000000e+00 0.000000000000000000e+00
9.882606671783531027e+00 7.747909543552385912e+03 9.561834217698151770e+04 -1.425256166123476476e+01 7.794836082859999806e+03 2.425670506544907767e+03 2.252932997261477340e+03 -8.599222727095810114e+03 1.716152868559520812e+03 8.816636816408965387e+03 7.398201338727147913e+01 -1.273726225303057333e+02 -3.689840708463292707e+00 4.575034670542401727e+03 -4.433689179146569586e+03 5.213810177405484865e+03 9.551691950473084944e+03 2.777435881760582106e+03 0.000000000000000000e+00 0.000000000000000000e+00 0.000000000000000000e+00 0.000000000000000000e+00 0.000000000000000000e+00 0.000000000000000000e+00 0.000000000000000000e+00 0.000000000000000000e+00 0.000000000000000000e+00 0.000000000000000000e+00 3.715311835276997217e-06 2.796994121408227785e-04 1.912205656167851328e-03 6.185623719732391210e-03 1.482567527598211907e-02 3.047066176127528198e-02 5.625812078799583005e-02 9.723291038594333857e-02 1.613008577111196828e-01 2.593585040896859151e-01 4.058282273792240824e-01 6.236127574798132622e-01 9.508507134107315739e-01 1.428349864586530682e+00 2.127020848441468992e+00 3.151932400393403277e+00 4.656438309260471087e+00 6.831045327471549022e+00 9.982157925393551068e+00 1.460389748802848331e+01 2.128991443714151188e+01 3.092081264749764813e+01 4.480111989440868570e+01 6.504506826542827014e+01 9.391795558056524840e+01 1.353660262775020726e+02 1.955844493724852953e+02 2.823033852421112897e+02 4.055122455999806448e+02 5.817516163973510857e+02 8.382630207656104631e+02 5.108680285570074489e+02 0.000000000000000000e+00 0.000000000000000000e+00 0.000000000000000000e+00 0.000000000000000000e+00 0.000000000000000000e+00 0.000000000000000000e+00 0.000000000000000000e+00 0.000000000000000000e+00 0.000000000000000000e+00 0.000000000000000000e+00 0.000000000000000000e+00 0.000000000000000000e+00 0.000000000000000000e+00 0.000000000000000000e+00 0.000000000000000000e+00 0.000000000000000000e+00 0.000000000000000000e+00 0.000000000000000000e+00 0.000000000000000000e+00 0.000000000000000000e+00 0.000000000000000000e+00 0.000000000000000000e+00 0.000000000000000000e+00 0.000000000000000000e+00 0.000000000000000000e+00 0.000000000000000000e+00 0.000000000000000000e+00 0.000000000000000000e+00 0.000000000000000000e+00 0.000000000000000000e+00 0.000000000000000000e+00 0.000000000000000000e+00 0.000000000000000000e+00 0.000000000000000000e+00 0.000000000000000000e+00 0.000000000000000000e+00 0.000000000000000000e+00 0.000000000000000000e+00 0.000000000000000000e+00 0.000000000000000000e+00 0.000000000000000000e+00 0.000000000000000000e+00 0.000000000000000000e+00 0.000000000000000000e+00 0.000000000000000000e+00 0.000000000000000000e+00 0.000000000000000000e+00 0.000000000000000000e+00
-2.398039902220335581e-03 -9.825263046860412963e-01 -1.425256166123476476e+01 4.385982831651063195e-03 -1.161873123720862377e+00 -4.228852248038757478e-01 -5.433688997033799817e-01 2.013818933679544454e+00 3.429591500516821490e-01 -1.019269561935142177e+00 -3.168009339275829062e-02 3.013833058864752099e-02 8.605382703825503266e-04 -3.073596426955809702e-01 5.622440763958710397e-01 -6.611726192910537536e-01 -1.211267186696508125e+00 -6.698700231668622829e-01 0.000000000000000000e+00 0.000000000000000000e+00 0.000000000000000000e+00 0.000000000000000000e+00 0.000000000000000000e+00 0.000000000000000000e+00 0.000000000000000000e+00 0.000000000000000000e+00 0.000000000000000000e+00 0.000000000000000000e+00 -1.642924795741816555e-12 -1.318996176169831719e-10 -9.950577644525598203e-10 -3.652637248198703648e-09 -1.012151581642545355e-08 -2.456432497805632292e-08 -5.403634912298349659e-08 -1.121770268353544946e-07 -2.256700437668995861e-07 -4.431398753149180150e-07 -8.492590501707059024e-07 -1.602901995965752950e-06 -3.028544439279259399e-06 -5.641260601654886284e-06 -1.042696313259313901e-05 -1.924161623498117581e-05 -3.559950666421796177e-05 -6.532078237918946127e-05 -1.195005127600995350e-04 -2.201753588203055794e-04 -4.043143893827006894e-04 -7.390009357671692295e-04 -1.348427591382324970e-03 -2.478456694948687113e-03 -4.515279946885992872e-03 -8.211950156609668788e-03 -1.502366486634601657e-02 -2.749208326488983625e-02 -4.993231570751217180e-02 -9.045442419037780235e-02 -1.656048591031100692e-01 -1.178984144696401115e-01 0.000000000000000000e+00 0.000000000000000000e+00 0.000000000000000000e+00 0.000000000000000000e+00 0.000000000000000000e+00 0.000000000000000000e+00 0.000000000000000000e+00 0.000000000000000000e+00 0.000000000000000000e+00 0.000000000000000000e+00 0.000000000000000000e+00 0.000000000000000000e+00 0.000000000000000000e+00 0.000000000000000000e+00 0.000000000000000000e+00 0.000000000000000000e+00 0.000000000000000000e+00 0.000000000000000000e+00 0.000000000000000000e+00 0.000000000000000000e+00 0.000000000000000000e+00 0.000000000000000000e+00 0.000000000000000000e+00 0.000000000000000000e+00 0.000000000000000000e+00 0.000000000000000000e+00 0.000000000000000000e+00 0.000000000000000000e+00 0.000000000000000000e+00 0.000000000000000000e+00 0.000000000000000000e+00 0.000000000000000000e+00 0.000000000000000000e+00 0.000000000000000000e+00 0.000000000000000000e+00 0.000000000000000000e+00 0.000000000000000000e+00 0.000000000000000000e+00 0.000000000000000000e+00 0.000000000000000000e+00 0.000000000000000000e+00 0.000000000000000000e+00 0.000000000000000000e+00 0.000000000000000000e+00 0.000000000000000000e+00 0.000000000000000000e+00 0.000000000000000000e+00 0.000000000000000000e+00
8.056330754548016726e-01 6.316119219577543618e+02 7.794836082859999806e+03 -1.161873123720862377e+00 6.354373875902967939e+02 1.977413910246317243e+02 1.836597771880975074e+02 -7.010112293481324741e+02 1.399012992590009787e+02 7.187348914585209059e+02 6.031036036646121978e+00 -1.038345459106636604e+01 -3.007969270278696428e-01 3.729582056994119057e+02 -3.614356786256572036e+02 4.250313776074497127e+02 7.786568076039548032e+02 2.264174104682317079e+02 0.000000000000000000e+00 0.000000000000000000e+00 0.000000000000000000e+00 0.000000000000000000e+00 0.000000000000000000e+00 0.000000000000000000e+00 0.000000000000000000e+00 0.000000000000000000e+00 0.000000000000000000e+00 0.000000000000000000e+00 3.028733409651775833e-07 2.280118040610480654e-05 1.558835816140551197e-04 5.042539105762900136e-04 1.208593518386797024e-03 2.483977533576067070e-03 4.586178968262149061e-03 7.926456170041180915e-03 1.314929455224940480e-02 2.114298344906419269e-02 3.308323945173161085e-02 5.083710000679830115e-02 7.751363683537479399e-02 1.164395116035336075e-01 1.733953808542222086e-01 2.569464795765571408e-01 3.795942548706185415e-01 5.568688746315213489e-01 8.137485236634421915e-01 1.190514126247598448e+00 1.735560243749787679e+00 2.520673969539819037e+00 3.652200801171617162e+00 5.302493575856068730e+00 7.656220054859590896e+00 1.103507927452080928e+01 1.594410328086573259e+01 2.301345707841054633e+01 3.305748052182033092e+01 4.742456716476978329e+01 6.833545418615277356e+01 4.164611571287361613e+01 0.000000000000000000e+00 0.000000000000000000e+00 0.000000000000000000e+00 0.000000000000000000e+00 0.000000000000000000e+00 0.000000000000000000e+00 0.000000000000000000e+00 0.000000000000000000e+00 0.000000000000000000e+00 0.000000000000000000e+00 0.000000000000000000e+00 0.000000000000000000e+00 0.000000000000000000e+00 0.000000000000000000e+00 0.000000000000000000e+00 0.000000000000000000e+00 0.000000000000000000e+00 0.000000000000000000e+00 0.000000000000000000e+00 0.000000000000000000e+00 0.000000000000000000e+00 0.000000000000000000e+00 0.000000000000000000e+00 0.000000000000000000e+00 0.000000000000000000e+00 0.000000000000000000e+00 0.000000000000000000e+00 0.000000000000000000e+00 0.000000000000000000e+00 0.000000000000000000e+00 0.000000000000000000e+00 0.000000000000000000e+00 0.000000000000000000e+00 0.000000000000000000e+00 0.000000000000000000e+00 0.000000000000000000e+00 0.000000000000000000e+00 0.000000000000000000e+00 0.000000000000000000e+00 0.000000000000000000e+00 0.000000000000000000e+00 0.000000000000000000e+00 0.000000000000000000e+00 0.000000000000000000e+00 0.000000000000000000e+00 0.000000000000000000e+00 0.000000000000000000e+00 0.000000000000000000e+00
3.556147598309026270e-01 1.969062119948072791e+02 2.425670506544907767e+03 -4.228852248038757478e-01 1.977413910246317243e+02 7.303522357461451975e+01 5.672515302985762986e+01 -2.000319435412585278e+02 3.182245658672814770e+01 2.177195942568807254e+02 2.673918236078435928e+00 -3.742195827511411110e+00 -1.055625554786032844e-01 9.811605769427563928e+01 -1.126782568279495536e+02 1.325043363402744490e+02 2.427477333772037298e+02 6.993127430553637680e+01 0.000000000000000000e+00 0.000000000000000000e+00 0.000000000000000000e+00 0.000000000000000000e+00 0.000000000000000000e+00 0.000000000000000000e+00 0.000000000000000000e+00 0.000000000000000000e+00 0.000000000000000000e+00 0.000000000000000000e+00 -3.266432932781201443e-07 -2.374906289625974631e-05 -1.553805539664975856e-04 -4.786794975825513091e-04 -1.088738546794810937e-03 -2.113026779509300044e-03 -3.673453006669016169e-03 -5.957028673202427460e-03 -9.224241247342329988e-03 -1.376764307977379302e-02 -1.989476909635218282e-02 -2.805024222916229285e-02 -3.883933958047248308e-02 -5.251579123689782691e-02 -6.957167067285832673e-02 -9.024370789180378993e-02 -1.141156866879140946e-01 -1.396091640968784575e-01 -1.635439071389239440e-01 -1.791181028565593802e-01 -1.739158914008333834e-01 -1.269347859139960955e-01 -1.979431084917162957e-03 2.662642696908179563e-01 7.670572747847573813e-01 1.654959080479612821e+00 3.193121617605166662e+00 5.769055477396396014e+00 9.935883537328681570e+00 1.661163296304904691e+01 2.740651801712424884e+01 1.810283995189884010e+01 0.000000000000000000e+00 0.000000000000000000e+00 0.000000000000000000e+00 0.000000000000000000e+00 0.000000000000000000e+00 0.000000000000000000e+00 0.000000000000000000e+00 0.000000000000000000e+00 0.000000000000000000e+00 0.000000000000000000e+00 0.000000000000000000e+00 0.000000000000000000e+00 0.000000000000000000e+00 0.000000000000000000e+00 0.000000000000000000e+00 0.000000000000000000e+00 0.000000000000000000e+00 0.000000000000000000e+00 0.000000000000000000e+00 0.000000000000000000e+00 0.000000000000000000e+00 0.000000000000000000e+00 0.000000000000000000e+00 0.000000000000000000e+00 0.000000000000000000e+00 0.000000000000000000e+00 0.000000000000000000e+00 0.000000000000000000e+00 0.000000000000000000e+00 0.000000000000000000e+00 0.000000000000000000e+00 0.000000000000000000e+00 0.000000000000000000e+00 0.000000000000000000e+00 0.000000000000000000e+00 0.000000000000000000e+00 0.000000000000000000e+00 0.000000000000000000e+00 0.000000000000000000e+00 0.000000000000000000e+00 0.000000000000000000e+00 0.000000000000000000e+00 0.000000000000000000e+00 0.000000000000000000e+00 0.000000000000000000e+00 0.000000000000000000e+00 0.000000000000000000e+00 0.000000000000000000e+00
2.300239088595134040e-01 1.591213396615584372e+02 2.252932997261477340e+03 -5.433688997033799817e-01 1.836597771880975074e+02 5.672515302985762986e+01 8.130175400000999275e+01 -3.002980529334878952e+02 -1.998851656889381445e+01 1.750197265343800552e+02 3.436349601779207674e+00 -3.811963268686463735e+00 -1.114193971625639934e-01 7.778885331825067340e+01 -9.105611750667014803e+01 1.070777163190068251e+02 1.961662059488813554e+02 1.002295270583636864e+02 0.000000000000000000e+00 0.000000000000000000e+00 0.000000000000000000e+00 0.000000000000000000e+00 0.000000000000000000e+00 0.000000000000000000e+00 0.000000000000000000e+00 0.000000000000000000e+00 0.000000000000000000e+00 0.000000000000000000e+00 1.946202113590111587e-07 1.370915575600688636e-05 8.708060255609133954e-05 2.629697651492671835e-04 5.915893957198493621e-04 1.147530381826390071e-03 2.011267387856132370e-03 3.317743435950451254e-03 5.274713384900544914e-03 8.157677967764349891e-03 1.232876050447183000e-02 1.836029215921499563e-02 2.720566257539046642e-02 3.984839380762184025e-02 5.799653882501192015e-02 8.418716393776123907e-02 1.221387061331584839e-01 1.762855626614313331e-01 2.539986105056402099e-01 3.671015125778571142e-01 5.293574466868886663e-01 7.613918518501698873e-01 1.093906779930697626e+00 1.575751639331244069e+00 2.258297142773845856e+00 3.234843984181673626e+00 4.649063619252261859e+00 6.678256920934932950e+00 9.548628068842587524e+00 1.363500473371011878e+01 1.956918108859506233e+01 1.188546308535986640e+01 0.000000000000000000e+00 0.000000000000000000e+00 0.000000000000000000e+00 0.000000000000000000e+00 0.000000000000000000e+00 0.000000000000000000e+00 0.000000000000000000e+00 0.000000000000000000e+00 0.000000000000000000e+00 0.000000000000000000e+00 0.000000000000000000e+00 0.000000000000000000e+00 0.000000000000000000e+00 0.000000000000000000e+00 0.000000000000000000e+00 0.000000000000000000e+00 0.000000000000000000e+00 0.000000000000000000e+00 0.000000000000000000e+00 0.000000000000000000e+00 0.000000000000000000e+00 0.000000000000000000e+00 0.000000000000000000e+00 0.000000000000000000e+00 0.000000000000000000e+00 0.000000000000000000e+00 0.000000000000000000e+00 0.000000000000000000e+00 0.000000000000000000e+00 0.000000000000000000e+00 0.000000000000000000e+00 0.000000000000000000e+00 0.000000000000000000e+00 0.000000000000000000e+00 0.000000000000000000e+00 0.000000000000000000e+00 0.000000000000000000e+00 0.000000000000000000e+00 0.000000000000000000e+00 0.000000000000000000e+00 0.000000000000000000e+00 0.000000000000000000e+00 0.000000000000000000e+00 0.000000000000000000e+00 0.000000000000000000e+00 0.000000000000000000e+00 0.000000000000000000e+00 0.000000000000000000e+00
-1.193532182219081639e+00 -6.156732621648312715e+02 -8.599222727095810114e+03 2.013818933679544454e+00 -7.010112293481324741e+02 -2.000319435412585278e+02 -3.002980529334878952e+02 1.288537927964543087e+03 9.834509786843972279e+01 -6.838437758850582213e+02 -1.334377263430083893e+01 1.476158761488513704e+01 4.372531960076099788e-01 -3.208801839647235283e+02 3.523148876488460246e+02 -4.143057559187323022e+02 -7.590074857333755745e+02 -3.702101165254965736e+02 -0.000000000000000000e+00 -0.000000000000000000e+00 -0.000000000000000000e+00 -0.000000000000000000e+00 -0.000000000000000000e+00 -0.000000000000000000e+00 -0.000000000000000000e+00 -0.000000000000000000e+00 -0.000000000000000000e+00 -0.000000000000000000e+00 -1.101510709153310369e-06 -7.917955508344460397e-05 -5.223937231519711500e-04 -1.654156625137495531e-03 -3.911074434559083657e-03 -7.956200099527721212e-03 -1.451694584394859142e-02 -2.474838920825998823e-02 -4.028734061662884308e-02 -6.298234470033411969e-02 -9.510284575474718671e-02 -1.395589674086858689e-01 -2.006754153808052721e-01 -2.805534338928551974e-01 -3.861544905213959433e-01 -5.280248562034304260e-01 -7.549146910933569599e-01 -1.202828791714895651e+00 -1.691855604483777142e+00 -2.362008548613459880e+00 -3.272959085343534635e+00 -4.462586574695096786e+00 -6.001442284575056796e+00 -8.073998845875879127e+00 -1.070470956905383275e+01 -1.443246449334931469e+01 -2.026877433146780305e+01 -2.876871393570862523e+01 -3.537962437532597448e+01 -4.353343434641723064e+01 -7.020206986002065719e+01 -3.947346636649926666e+01 -0.000000000000000000e+00 -0.000000000000000000e+00 -0.000000000000000000e+00 -0.000000000000000000e+00 -0.000000000000000000e+00 -0.000000000000000000e+00 -0.000000000000000000e+00 -0.000000000000000000e+00 -0.000000000000000000e+00 -0.000000000000000000e+00 -0.000000000000000000e+00 -0.000000000000000000e+00 -0.000000000000000000e+00 -0.000000000000000000e+00 -0.000000000000000000e+00 -0.000000000000000000e+00 -0.000000000000000000e+00 -0.000000000000000000e+00 -0.000000000000000000e+00 -0.000000000000000000e+00 -0.000000000000000000e+00 -0.000000000000000000e+00 -0.000000000000000000e+00 -0.000000000000000000e+00 -0.000000000000000000e+00 -0.000000000000000000e+00 -0.000000000000000000e+00 -0.000000000000000000e+00 -0.000000000000000000e+00 -0.000000000000000000e+00 -0.000000000000000000e+00 -0.000000000000000000e+00 -0.000000000000000000e+00 -0.000000000000000000e+00 -0.000000000000000000e+00 -0.000000000000000000e+00 -0.000000000000000000e+00 -0.000000000000000000e+00 -0.000000000000000000e+00 -0.000000000000000000e+00 -0.000000000000000000e+00 -0.000000000000000000e+00 -0.000000000000000000e+00 -0.000000000000000000e+00 -0.000000000000000000e+00 -0.000000000000000000e+00 -0.000000000000000000e+00 -0.000000000000000000e+00
9.667275208330794456e-02 1.892349750418565861e+02 1.716152868559520812e+03 3.429591500516821490e-01 1.399012992590009787e+02 3.182245658672814770e+01 -1.998851656889381445e+01 9.834509786843972279e+01 2.055690773369272790e+02 2.398063817473004349e+02 -4.370373539864851331e+00 7.561347223828911446e-01 2.088638132581221996e-02 1.786757624708438073e+02 -1.082884430236220794e+02 1.273421215423658595e+02 2.332905640798869911e+02 -2.464202140458429469e+01 0.000000000000000000e+00 0.000000000000000000e+00 0.000000000000000000e+00 0.000000000000000000e+00 0.000000000000000000e+00 0.000000000000000000e+00 0.000000000000000000e+00 0.000000000000000000e+00 0.000000000000000000e+00 0.000000000000000000e+00 3.199466278522587664e-07 2.492103150871064653e-05 1.722692201533181154e-04 5.540879275559155211e-04 1.304287457508273998e-03 2.611954143564549236e-03 4.667924766852630386e-03 7.789635247621991970e-03 1.242745783857297608e-02 1.910477589527568437e-02 2.850232194112722536e-02 4.156619976313540021e-02 5.980255128625918543e-02 8.433574192267161151e-02 1.178634963030524424e-01 1.644062934672748666e-01 2.361463762450510817e-01 3.620125584814571362e-01 5.116475159109757920e-01 7.194109776450184901e-01 1.004029302949557945e+00 1.382813919569931382e+00 1.881312835845095455e+00 2.547454388395428815e+00 3.386312016330565111e+00 4.475634150111224230e+00 5.924324946861792895e+00 7.653628706790361669e+00 8.552153993869282544e+00 8.456901052748570180e+00 8.460097784531516396e+00 2.249984816089269479e+00 0.000000000000000000e+00 0.000000000000000000e+00 0.000000000000000000e+00 0.000000000000000000e+00 0.000000000000000000e+00 0.000000000000000000e+00 0.000000000000000000e+00 0.000000000000000000e+00 0.000000000000000000e+00 0.000000000000000000e+00 0.000000000000000000e+00 0.000000000000000000e+00 0.000000000000000000e+00 0.000000000000000000e+00 0.000000000000000000e+00 0.000000000000000000e+00 0.000000000000000000e+00 0.000000000000000000e+00 0.000000000000000000e+00 0.000000000000000000e+00 0.000000000000000000e+00 0.000000000000000000e+00 0.000000000000000000e+00 0.000000000000000000e+00 0.000000000000000000e+00 0.000000000000000000e+00 0.000000000000000000e+00 0.000000000000000000e+00 0.000000000000000000e+00 0.000000000000000000e+00 0.000000000000000000e+00 0.000000000000000000e+00 0.000000000000000000e+00 0.000000000000000000e+00 0.000000000000000000e+00 0.000000000000000000e+00 0.000000000000000000e+00 0.000000000000000000e+00 0.000000000000000000e+00 0.000000000000000000e+00 0.000000000000000000e+00 0.000000000000000000e+00 0.000000000000000000e+00 0.000000000000000000e+00 0.000000000000000000e+00 0.000000000000000000e+00 0.000000000000000000e+00 0.000000000000000000e+00
9.185524732430954131e-01 7.415747434417959312e+02 8.816636816408965387e+03 -1.019269561935142177e+00 7.187348914585209059e+02 2.177195942568807254e+02 1.750197265343800552e+02 -6.838437758850582213e+02 2.398063817473004349e+02 8.555151745509544980e+02 4.202458572535753945e+00 -1.038853654575456886e+01 -3.016279534018821984e-01 4.698182226771206729e+02 -4.243611643946463801e+02 4.990287925962225017e+02 9.142199541425572988e+02 2.157658790045649937e+02 0.000000000000000000e+00 0.000000000000000000e+00 0.000000000000000000e+00 0.000000000000000000e+00 0.000000000000000000e+00 0.000000000000000000e+00 0.000000000000000000e+00 0.000000000000000000e+00 0.000000000000000000e+00 0.000000000000000000e+00 4.375742254406324090e-07 3.355214640293784138e-05 2.330851973233854504e-04 7.633251405328618511e-04 1.844891038496896405e-03 3.810598891898889923e-03 7.043435446859929068e-03 1.215710220825605772e-02 2.007967932167866940e-02 3.201766771448916887e-02 4.954562454861700938e-02 7.503918864279396361e-02 1.123703709219967262e-01 1.652500197053776432e-01 2.407687369435939084e-01 3.494623352372501213e-01 5.127341802186186071e-01 7.707961922002301014e-01 1.115466302983277647e+00 1.612140449642863294e+00 2.319356662082823650e+00 3.314302186747654311e+00 4.712797833784119206e+00 6.713509478953791465e+00 9.493819554810634997e+00 1.344056152225632239e+01 1.917706402063792837e+01 2.732542588797908323e+01 3.773358377381252637e+01 5.199078857759721473e+01 7.446935589582989223e+01 4.399251222841336073e+01 0.000000000000000000e+00 0.000000000000000000e+00 0.000000000000000000e+00 0.000000000000000000e+00 0.000000000000000000e+00 0.000000000000000000e+00 0.000000000000000000e+00 0.000000000000000000e+00 0.000000000000000000e+00 0.000000000000000000e+00 0.000000000000000000e+00 0.000000000000000000e+00 0.000000000000000000e+00 0.000000000000000000e+00 0.000000000000000000e+00 0.000000000000000000e+00 0.000000000000000000e+00 0.000000000000000000e+00 0.000000000000000000e+00 0.000000000000000000e+00 0.000000000000000000e+00 0.000000000000000000e+00 0.000000000000000000e+00 0.000000000000000000e+00 0.000000000000000000e+00 0.000000000000000000e+00 0.000000000000000000e+00 0.000000000000000000e+00 0.000000000000000000e+00 0.000000000000000000e+00 0.000000000000000000e+00 0.000000000000000000e+00 0.000000000000000000e+00 0.000000000000000000e+00 0.000000000000000000e+00 0.000000000000000000e+00 0.000000000000000000e+00 0.000000000000000000e+00 0.000000000000000000e+00 0.000000000000000000e+00 0.000000000000000000e+00 0.000000000000000000e+00 0.000000000000000000e+00 0.000000000000000000e+00 0.000000000000000000e+00 0.000000000000000000e+00 0.000000000000000000e+00 0.000000000000000000e+00
9.458195243701006394e-03 4.588695704565292743e+00 7.398201338727147913e+01 -3.168009339275829062e-02 6.031036036646121978e+00 2.673918236078435928e+00 3.436349601779207674e+00 -1.334377263430083893e+01 -4.370373539864851331e+00 4.202458572535753945e+00 2.634037572997499632e-01 -2.132861472854706841e-01 -6.015914308930440935e-03 -1.153474240295430664e-01 -2.625850286114653542e+00 3.087876572512235018e+00 5.656984968408776737e+00 4.236362420833924780e+00 0.000000000000000000e+00 0.000000000000000000e+00 0.000000000000000000e+00 0.000000000000000000e+00 0.000000000000000000e+00 0.000000000000000000e+00 0.000000000000000000e+00 0.000000000000000000e+00 0.000000000000000000e+00 0.000000000000000000e+00 -2.009339802880073931e-08 -1.501344582502625824e-06 -1.003318807848609281e-05 -3.149757918614845044e-05 -7.275950313737872374e-05 -1.433778522377820606e-04 -2.521521494944510056e-04 -4.138199920183883909e-04 -6.473610164928957512e-04 -9.699226461548080599e-04 -1.401972043092537595e-03 -1.962735123644659355e-03 -2.676037016710169740e-03 -3.518559170831407710e-03 -4.518169893846091592e-03 -5.719555319006085735e-03 -7.814033016589607902e-03 -1.304463386051891299e-02 -1.747056902038368262e-02 -2.290562209490991027e-02 -2.937333705730517733e-02 -3.591671521537447009e-02 -4.124018989429291404e-02 -4.417238476381632473e-02 -3.945746445886255671e-02 -2.599817538710365653e-02 -2.708043780434689785e-03 4.943530280779264569e-02 2.545907316030319723e-01 6.340716377012708405e-01 1.052409054867967431e+00 8.273138371772464916e-01 0.000000000000000000e+00 0.000000000000000000e+00 0.000000000000000000e+00 0.000000000000000000e+00 0.000000000000000000e+00 0.000000000000000000e+00 0.000000000000000000e+00 0.000000000000000000e+00 0.000000000000000000e+00 0.000000000000000000e+00 0.000000000000000000e+00 0.000000000000000000e+00 0.000000000000000000e+00 0.000000000000000000e+00 0.000000000000000000e+00 0.000000000000000000e+00 0.000000000000000000e+00 0.000000000000000000e+00 0.000000000000000000e+00 0.000000000000000000e+00 0.000000000000000000e+00 0.000000000000000000e+00 0.000000000000000000e+00 0.000000000000000000e+00 0.000000000000000000e+00 0.000000000000000000e+00 0.000000000000000000e+00 0.000000000000000000e+00 0.000000000000000000e+00 0.000000000000000000e+00 0.000000000000000000e+00 0.000000000000000000e+00 0.000000000000000000e+00 0.000000000000000000e+00 0.000000000000000000e+00 0.000000000000000000e+00 0.000000000000000000e+00 0.000000000000000000e+00 0.000000000000000000e+00 0.000000000000000000e+00 0.000000000000000000e+00 0.000000000000000000e+00 0.000000000000000000e+00 0.000000000000000000e+00 0.000000000000000000e+00 0.000000000000000000e+00 0.000000000000000000e+00 0.000000000000000000e+00
-1.429314662344586401e-02 -9.647621418575642593e+00 -1.273726225303057333e+02 3.013833058864752099e-02 -1.038345459106636781e+01 -3.742195827511411110e+00 -3.811963268686463735e+00 1.476158761488513704e+01 7.561347223828911446e-01 -1.038853654575456886e+01 -2.132861472854706009e-01 2.347367969805200238e-01 6.686976465800172596e-03 -4.056088235293626276e+00 5.520786535722710830e+00 -6.492185596279185233e+00 -1.189367368411090098e+01 -4.699422297632737333e+00 0.000000000000000000e+00 0.000000000000000000e+00 0.000000000000000000e+00 0.000000000000000000e+00 0.000000000000000000e+00 0.000000000000000000e+00 0.000000000000000000e+00 0.000000000000000000e+00 0.000000000000000000e+00 0.000000000000000000e+00 1.063895398653162729e-08 7.849600445418700679e-07 5.159363844811757227e-06 1.591404415777525580e-05 3.606531903469394138e-05 6.961206923775474086e-05 1.196031853011418757e-04 1.913603113057718347e-04 2.905602270301905826e-04 4.191688485876144928e-04 5.783299718082455685e-04 7.613327458125279277e-04 9.517453005749339093e-04 1.100404662181567097e-03 1.165638924776025162e-03 1.087938418902023845e-03 1.181691783326918859e-03 2.722886830232075246e-03 2.930449225160995218e-03 2.551650699918147237e-03 1.100319069173757644e-03 -2.778049691211389657e-03 -1.100935756014681174e-02 -2.612518213049097940e-02 -5.340391673994096533e-02 -9.683505726126757918e-02 -1.622800209303912611e-01 -2.683547989452023663e-01 -5.029311314712613390e-01 -8.932885034715380979e-01 -1.374634279888268917e+00 -9.562948026827574610e-01 0.000000000000000000e+00 0.000000000000000000e+00 0.000000000000000000e+00 0.000000000000000000e+00 0.000000000000000000e+00 0.000000000000000000e+00 0.000000000000000000e+00 0.000000000000000000e+00 0.000000000000000000e+00 0.000000000000000000e+00 0.000000000000000000e+00 0.000000000000000000e+00 0.000000000000000000e+00 0.000000000000000000e+00 0.000000000000000000e+00 0.000000000000000000e+00 0.000000000000000000e+00 0.000000000000000000e+00 0.000000000000000000e+00 0.000000000000000000e+00 0.000000000000000000e+00 0.000000000000000000e+00 0.000000000000000000e+00 0.000000000000000000e+00 0.000000000000000000e+00 0.000000000000000000e+00 0.000000000000000000e+00 0.000000000000000000e+00 0.000000000000000000e+00 0.000000000000000000e+00 0.000000000000000000e+00 0.000000000000000000e+00 0.000000000000000000e+00 0.000000000000000000e+00 0.000000000000000000e+00 0.000000000000000000e+00 0.000000000000000000e+00 0.000000000000000000e+00 0.000000000000000000e+00 0.000000000000000000e+00 0.000000000000000000e+00 0.000000000000000000e+00 0.000000000000000000e+00 0.000000000000000000e+00 0.000000000000000000e+00 0.000000000000000000e+00 0.000000000000000000e+00 0.000000000000000000e+00
-4.236969375303072300e-04 -2.786576371180514711e-01 -3.689840708463292707e+00 8.605382703825503266e-04 -3.007969270278696428e-01 -1.055625554786032844e-01 -1.114193971625639934e-01 4.372531960076099788e-01 2.088638132581221996e-02 -3.016279534018821984e-01 -6.015914308930439200e-03 6.686976465800172596e-03 1.913167776711725712e-04 -1.216954774790930394e-01 1.594599605780106788e-01 -1.875174221189638557e-01 -3.435316190046774354e-01 -1.373588260190599375e-01 0.000000000000000000e+00 0.000000000000000000e+00 0.000000000000000000e+00 0.000000000000000000e+00 0.000000000000000000e+00 0.000000000000000000e+00 0.000000000000000000e+00 0.000000000000000000e+00 0.000000000000000000e+00 0.000000000000000000e+00 2.125758539233767625e-10 1.576571149207662820e-08 1.033986568003174072e-07 3.165003180185165081e-07 7.086297299307872834e-07 1.346519174739482882e-06 2.269539861432926273e-06 3.552224402384803105e-06 5.252682045083755996e-06 7.323055248754548494e-06 9.671651401539013094e-06 1.197141551506638103e-05 1.357021046077375310e-05 1.309596218621070400e-05 9.106902355308880908e-06 -4.878918344411018758e-07 -1.023641362662222451e-05 5.312559147596702421e-06 -1.548226297547520246e-05 -6.091899102395756735e-05 -1.465744268882252725e-04 -3.090675875120971325e-04 -6.012913702793789899e-04 -1.097454671066708156e-03 -1.933310005731056188e-03 -3.237906130984018801e-03 -5.211448735259215093e-03 -8.354027292600983354e-03 -1.466598446273662502e-02 -2.500675155936704988e-02 -3.856767556487197823e-02 -2.631915834330855047e-02 0.000000000000000000e+00 0.000000000000000000e+00 0.000000000000000000e+00 0.000000000000000000e+00 0.000000000000000000e+00 0.000000000000000000e+00 0.000000000000000000e+00 0.000000000000000000e+00 0.000000000000000000e+00 0.000000000000000000e+00 0.000000000000000000e+00 0.000000000000000000e+00 0.000000000000000000e+00 0.000000000000000000e+00 0.000000000000000000e+00 0.000000000000000000e+00 0.000000000000000000e+00 0.000000000000000000e+00 0.000000000000000000e+00 0.000000000000000000e+00 0.000000000000000000e+00 0.000000000000000000e+00 0.000000000000000000e+00 0.000000000000000000e+00 0.000000000000000000e+00 0.000000000000000000e+00 0.000000000000000000e+00 0.000000000000000000e+00 0.000000000000000000e+00 0.000000000000000000e+00 0.000000000000000000e+00 0.000000000000000000e+00 0.000000000000000000e+00 0.000000000000000000e+00 0.000000000000000000e+00 0.000000000000000000e+00 0.000000000000000000e+00 0.000000000000000000e+00 0.000000000000000000e+00 0.000000000000000000e+00 0.000000000000000000e+00 0.000000000000000000e+00 0.000000000000000000e+00 0.000000000000000000e+00 0.000000000000000000e+00 0.000000000000000000e+00 0.000000000000000000e+00 0.000000000000000000e+00
4.898258836322724186e-01 3.956305048033382263e+02 4.575034670542401727e+03 -3.073596426955809702e-01 3.729582056994119057e+02 9.811605769427563928e+01 7.778885331825067340e+01 -3.208801839647235283e+02 1.786757624708438073e+02 4.698182226771206160e+02 -1.153474240295428999e-01 -4.056088235293626276e+00 -1.216954774790930394e-01 2.883087074086844268e+02 -2.263968981861145835e+02 2.662321160102179647e+02 4.877368129880125025e+02 9.589879178375083768e+01 0.000000000000000000e+00 0.000000000000000000e+00 0.000000000000000000e+00 0.000000000000000000e+00 0.000000000000000000e+00 0.000000000000000000e+00 0.000000000000000000e+00 0.000000000000000000e+00 0.000000000000000000e+00 0.000000000000000000e+00 6.887324441861657967e-07 5.147988080811147856e-05 3.476957216907224524e-04 1.109796448840103672e-03 2.618050879597253345e-03 5.283445181344315761e-03 9.539826897436199521e-03 1.609088636064585909e-02 2.593435435343509343e-02 4.021215795330926324e-02 6.036539484310390891e-02 8.831707608887676142e-02 1.270276961249189041e-01 1.783383614163126241e-01 2.472949055954120900e-01 3.414733621639374217e-01 4.893265694107050146e-01 7.650452698295432397e-01 1.078602015641896505e+00 1.511070482349658128e+00 2.101190955676308203e+00 2.879119427679489807e+00 3.894154733169071125e+00 5.255840974677900235e+00 6.977386273871915456e+00 9.314929683941789662e+00 1.271126508645550146e+01 1.726729252516542346e+01 2.035282629777588426e+01 2.292399236402093265e+01 3.165634516633967266e+01 1.522825808418786409e+01 0.000000000000000000e+00 0.000000000000000000e+00 0.000000000000000000e+00 0.000000000000000000e+00 0.000000000000000000e+00 0.000000000000000000e+00 0.000000000000000000e+00 0.000000000000000000e+00 0.000000000000000000e+00 0.000000000000000000e+00 0.000000000000000000e+00 0.000000000000000000e+00 0.000000000000000000e+00 0.000000000000000000e+00 0.000000000000000000e+00 0.000000000000000000e+00 0.000000000000000000e+00 0.000000000000000000e+00 0.000000000000000000e+00 0.000000000000000000e+00 0.000000000000000000e+00 0.000000000000000000e+00 0.000000000000000000e+00 0.000000000000000000e+00 0.000000000000000000e+00 0.000000000000000000e+00 0.000000000000000000e+00 0.000000000000000000e+00 0.000000000000000000e+00 0.000000000000000000e+00 0.000000000000000000e+00 0.000000000000000000e+00 0.000000000000000000e+00 0.000000000000000000e+00 0.000000000000000000e+00 0.000000000000000000e+00 0.000000000000000000e+00 0.000000000000000000e+00 0.000000000000000000e+00 0.000000000000000000e+00 0.000000000000000000e+00 0.000000000000000000e+00 0.000000000000000000e+00 0.000000000000000000e+00 0.000000000000000000e+00 0.000000000000000000e+00 0.000000000000000000e+00 0.000000000000000000e+00
