5.079800864472378663e+00 4.710309528195451456e+00 2.376081755735140888e+01 -2.996668395914517825e-03 4.943362239084406973e+00 2.546042158410803391e-01 6.048693862426870460e-01 3.567420453593402208e+00 6.074255267386654999e+00 7.484232717266089630e+00 9.610797810827810261e-01
4.710309528195451456e+00 1.671733205363820889e+04 1.054596611269706918e+05 -5.609088235337350170e+01 2.194054582942627167e+04 4.950798018273264461e+03 6.890782049476370958e+03 7.758761907282990251e+03 2.510609477165577061e+02 2.656224665328377523e+04 1.094879564783052228e+04
2.376081755735140888e+01 1.054596611269706918e+05 6.986179273580050794e+05 -4.411048663657405200e+02 1.453452295281180996e+05 3.544538634434358391e+04 5.095420870213176386e+04 5.724680360878898500e+04 -1.246453553836773244e+04 1.675653460634994553e+05 8.096137919772720488e+04
-2.996668395914517825e-03 -5.609088235337350170e+01 -4.411048663657405200e+02 5.817791665422311631e-01 -9.177045926999825554e+01 -3.573323023528623565e+01 -4.271163215617091424e+01 -5.068280708986443983e+01 5.934229948170341373e+01 -8.912306385314519730e+01 -6.786471098715972516e+01
4.943362239084406973e+00 2.194054582942627167e+04 1.453452295281180996e+05 -9.177045926999825554e+01 3.023861100511918266e+04 7.374299473553880489e+03 1.060086045493048368e+04 1.191001473686301142e+04 -2.593206827137521032e+03 3.486143531509647437e+04 1.684375648204131357e+04
2.546042158410803391e-01 4.950798018273264461e+03 3.544538634434358391e+04 -3.573323023528623565e+01 7.374299473553880489e+03 2.804835396103270796e+03 2.986736498264011971e+03 3.221352218148412248e+03 -2.838656751234161675e+03 7.866345997676318802e+03 4.745639513572271426e+03
6.048693862426870460e-01 6.890782049476370958e+03 5.095420870213176386e+04 -4.271163215617091424e+01 1.060086045493048368e+04 2.986736498264011971e+03 4.520686405303091306e+03 5.061896712679093071e+03 -3.050560406886444980e+03 1.094879564783052047e+04 7.182939655354542992e+03
3.567420453593402208e+00 7.758761907282990251e+03 5.724680360878898500e+04 -5.068280708986443983e+01 1.191001473686301142e+04 3.221352218148412248e+03 5.061896712679093071e+03 6.279682922327315282e+03 -4.186003085832478064e+03 1.232793288092292642e+04 8.042871229944057632e+03
6.074255267386654999e+00 2.510609477165577061e+02 -1.246453553836773244e+04 5.934229948170341373e+01 -2.593206827137521032e+03 -2.838656751234161675e+03 -3.050560406886444980e+03 -4.186003085832478064e+03 9.647804281275743051e+03 3.989119075255230769e+02 -4.847049618831067164e+03
7.484232717266089630e+00 2.656224665328377523e+04 1.675653460634994553e+05 -8.912306385314519730e+01 3.486143531509647437e+04 7.866345997676318802e+03 1.094879564783052047e+04 1.232793288092292642e+04 3.989119075255230769e+02 4.220487724991590221e+04 1.739659232830646579e+04
9.610797810827810261e-01 1.094879564783052228e+04 8.096137919772720488e+04 -6.786471098715972516e+01 1.684375648204131357e+04 4.745639513572271426e+03 7.182939655354542992e+03 8.042871229944057632e+03 -4.847049618831067164e+03 1.739659232830646579e+04 1.141300622665191986e+04
