8.448850370311004054e-01 -2.457876691789631973e+00 -2.358708402874706067e+01 1.048565211051358421e-02 -2.583175457647408635e+00 -1.356117574355697908e+00 -7.223475496783804406e-01 7.022256927070971155e-01 8.688000462228867571e-01 -3.200962666369610243e+00 -9.407337424158976891e-01
-2.457876691789631973e+00 6.110554155477565473e+03 5.666415048770090652e+04 -1.081858448044109977e+01 6.205660805289624477e+03 2.048506696691771594e+03 1.503367261379109777e+03 1.227080617724521062e+03 1.163584056813232564e+03 7.957948333149126483e+03 1.957877908843741807e+03
-2.358708402874706067e+01 5.666415048770090652e+04 5.438298898986008717e+05 -1.231683412636380268e+02 5.955835927022735996e+04 1.963922353119691616e+04 1.666058855031368876e+04 1.362099839525497373e+04 7.440754451931614312e+03 7.379533352448760706e+04 2.169755794806309859e+04
1.048565211051358421e-02 -1.081858448044109977e+01 -1.231683412636380268e+02 5.776205466691392704e-02 -1.348896862043660860e+01 -5.217972077415781840e+00 -6.043177529033720852e+00 -4.985871894657754488e+00 3.575917118687463425e+00 -1.408935002334999886e+01 -7.870201837747990758e+00
-2.583175457647408635e+00 6.205660805289624477e+03 5.955835927022735996e+04 -1.348896862043660860e+01 6.522624491314491024e+03 2.150819498129130807e+03 1.824609748313085674e+03 1.491724399692421457e+03 8.148855646244737727e+02 8.081808426045090528e+03 2.376241129001328318e+03
-1.356117574355697908e+00 2.048506696691771594e+03 1.963922353119691616e+04 -5.217972077415781840e+00 2.150819498129130807e+03 8.360488206900747628e+02 5.991763905532814078e+02 4.453342341752423863e+02 1.673700350840079807e+02 2.667828487825428510e+03 7.803244414733676422e+02
-7.223475496783804406e-01 1.503367261379109777e+03 1.666058855031368876e+04 -6.043177529033720852e+00 1.824609748313085674e+03 5.991763905532814078e+02 7.724119506650397398e+02 6.337552559787279733e+02 -2.094752999837405412e+02 1.957877908843742034e+03 1.005934034606214595e+03
7.022256927070971155e-01 1.227080617724521062e+03 1.362099839525497373e+04 -4.985871894657754488e+00 1.491724399692421457e+03 4.453342341752423863e+02 6.337552559787279733e+02 6.228981063007364583e+02 -2.511577087879079215e+02 1.598061960993662296e+03 8.253574806172802028e+02
8.688000462228867571e-01 1.163584056813232564e+03 7.440754451931614312e+03 3.575917118687463425e+00 8.148855646244737727e+02 1.673700350840079807e+02 -2.094752999837405412e+02 -2.511577087879079215e+02 1.114286486234705308e+03 1.515368585203558496e+03 -2.728056362690460901e+02
-3.200962666369610243e+00 7.957948333149126483e+03 7.379533352448760706e+04 -1.408935002334999886e+01 8.081808426045090528e+03 2.667828487825428510e+03 1.957877908843742034e+03 1.598061960993662296e+03 1.515368585203558496e+03 1.036386227201705151e+04 2.549800041822042658e+03
-9.407337424158976891e-01 1.957877908843741807e+03 2.169755794806309859e+04 -7.870201837747990758e+00 2.376241129001328318e+03 7.803244414733676422e+02 1.005934034606214595e+03 8.253574806172802028e+02 -2.728056362690460901e+02 2.549800041822042658e+03 1.310056481011068854e+03
