3.031663909098280651e+00 -2.518967794745033828e+01 -1.991568248563856969e+02 1.205211551295247846e-01 -2.842865099954719454e+01 -1.414650802639185301e+01 -8.230048269098341862e+00 -1.420754278227559508e+00 6.171174850800470679e+00 -3.505963481632906564e+01 -1.145479062643414814e+01
-2.518967794745033828e+01 2.133328138655042130e+04 1.597206100992842403e+05 -4.584468467228016664e+01 2.279932653687170387e+04 7.905377923585404460e+03 5.396721948208078175e+03 4.341109452047246123e+03 3.599272268904987413e+03 2.969220394189888611e+04 7.511294948040193958e+03
-1.991568248563856969e+02 1.597206100992842403e+05 1.242662200213294942e+06 -4.261871198348131884e+02 1.773838783866336453e+05 6.162228395791419462e+04 4.864342645905818790e+04 3.976247550589330058e+04 1.513597764640814785e+04 2.223032098466739408e+05 6.770315886639431119e+04
1.205211551295247846e-01 -4.584468467228016664e+01 -4.261871198348131884e+02 3.000322562434111773e-01 -6.083610189619682274e+01 -2.497296310566272837e+01 -2.618557922075814659e+01 -2.242734979342181489e+01 2.089284225982948229e+01 -6.380779882271539805e+01 -3.644575555308995973e+01
-2.842865099954719454e+01 2.279932653687170387e+04 1.773838783866336453e+05 -6.083610189619682274e+01 2.532067065859350987e+04 8.796276028691507236e+03 6.943608361018541473e+03 5.675896569701914814e+03 2.160585891831606205e+03 3.173268289132177597e+04 9.664290823915041983e+03
-1.414650802639185301e+01 7.905377923585404460e+03 6.162228395791419462e+04 -2.497296310566272837e+01 8.796276028691507236e+03 3.574196747869374121e+03 2.428126175624108782e+03 1.801758665400849623e+03 2.442713275984245342e+02 1.100290617705288605e+04 3.379527804323025066e+03
-8.230048269098341862e+00 5.396721948208078175e+03 4.864342645905818790e+04 -2.618557922075814659e+01 6.943608361018541473e+03 2.428126175624108782e+03 2.814087753095181597e+03 2.375112091862479247e+03 -1.166696850626962942e+03 7.511294948040193958e+03 3.916718950136772492e+03
-1.420754278227559508e+00 4.341109452047246123e+03 3.976247550589330058e+04 -2.242734979342181489e+01 5.675896569701914814e+03 1.801758665400849623e+03 2.375112091862479247e+03 2.457885985508603426e+03 -1.450811794484443226e+03 6.042066611728797398e+03 3.305741453394583459e+03
6.171174850800470679e+00 3.599272268904987413e+03 1.513597764640814785e+04 2.089284225982948229e+01 2.160585891831606205e+03 2.442713275984245342e+02 -1.166696850626962942e+03 -1.450811794484443226e+03 4.976335084815379560e+03 5.009558741306644151e+03 -1.623838367829660911e+03
-3.505963481632906564e+01 2.969220394189888611e+04 2.223032098466739408e+05 -6.380779882271539805e+01 3.173268289132177597e+04 1.100290617705288605e+04 7.511294948040193958e+03 6.042066611728797398e+03 5.009558741306644151e+03 4.132636507964206976e+04 1.045441146271907746e+04
-1.145479062643414814e+01 7.511294948040193958e+03 6.770315886639431119e+04 -3.644575555308995973e+01 9.664290823915041983e+03 3.379527804323025066e+03 3.916718950136772492e+03 3.305741453394583459e+03 -1.623838367829660911e+03 1.045441146271907746e+04 5.451389110907241957e+03
