5.998857156147550995e+00 -1.743261500139179077e-01 -3.497911541758355281e+00 -9.640550800777908727e-03 -6.654787781417169645e-01 -1.094261199755917513e+00 -5.637829770284109587e-01 5.200674339843544658e+00 3.762099791923964265e+00 -2.671488001155584158e-01 -8.639779277332195750e-01
-1.743261500139179077e-01 2.626047123714561531e+04 1.701880109801860817e+05 -8.727626741161068935e+01 3.237832296482978563e+04 9.331593776497775252e+03 9.407809257765733491e+03 9.340809845967418369e+03 8.929899228559413586e+02 4.024326459864700155e+04 1.441714254991485541e+04
-3.497911541758355281e+00 1.701880109801860817e+05 1.156200290500249248e+06 -7.053899206617447817e+02 2.199674712821311550e+05 6.616389555616925645e+04 7.224301170409703627e+04 7.224057576207477541e+04 -1.519806821453220255e+04 2.608072450621230237e+05 1.107099186894537124e+05
-9.640550800777908727e-03 -8.727626741161068935e+01 -7.053899206617447817e+02 8.537638442981074771e-01 -1.342006557088247689e+02 -5.577219121530600887e+01 -6.085626801605830138e+01 -6.451829984409121721e+01 7.931341491503060581e+01 -1.337478635059516705e+02 -9.326012751790258903e+01
-6.654787781417169645e-01 3.237832296482978563e+04 2.199674712821311550e+05 -1.342006557088247689e+02 4.184888104579208448e+04 1.258770207484431194e+04 1.374425584643303773e+04 1.374379240769216449e+04 -2.891437289016371778e+03 4.961866093594612903e+04 2.106259707773722766e+04
-1.094261199755917513e+00 9.331593776497775252e+03 6.616389555616925645e+04 -5.577219121530600887e+01 1.258770207484431194e+04 4.941252832991420291e+03 4.547179349338177417e+03 4.309459448034023808e+03 -3.204819621270265998e+03 1.430034495890890503e+04 6.968395200542878229e+03
-5.637829770284109587e-01 9.407809257765733491e+03 7.224301170409703627e+04 -6.085626801605830138e+01 1.374425584643303773e+04 4.547179349338177417e+03 5.756853495730369104e+03 5.824256032570593561e+03 -4.122631973316783842e+03 1.441714254991485541e+04 8.822179023071679694e+03
5.200674339843544658e+00 9.340809845967418369e+03 7.224057576207477541e+04 -6.451829984409121721e+01 1.374379240769216449e+04 4.309459448034023808e+03 5.824256032570593561e+03 6.759323690825553967e+03 -5.257654295576188815e+03 1.431446826686012537e+04 8.925471081320974918e+03
3.762099791923964265e+00 8.929899228559413586e+02 -1.519806821453220255e+04 7.931341491503060581e+01 -2.891437289016371778e+03 -3.204819621270265998e+03 -4.122631973316783842e+03 -5.257654295576188815e+03 1.262515375894922545e+04 1.368476194691591218e+03 -6.317791019315423910e+03
-2.671488001155584158e-01 4.024326459864700155e+04 2.608072450621230237e+05 -1.337478635059516705e+02 4.961866093594612903e+04 1.430034495890890503e+04 1.441714254991485541e+04 1.431446826686012537e+04 1.368476194691591218e+03 6.167141217427555966e+04 2.209377269559234264e+04
-8.639779277332195750e-01 1.441714254991485541e+04 1.107099186894537124e+05 -9.326012751790258903e+01 2.106259707773722766e+04 6.968395200542878229e+03 8.822179023071679694e+03 8.925471081320974918e+03 -6.317791019315423910e+03 2.209377269559234264e+04 1.351968445485889242e+04
