# A b_HI Tb sigma_NL sigma8tot n_s f DA H omegak omegaDE w0 wa h gamma sigma_8 fs8 bs8 pk0 pk1 pk2 pk3 pk4 pk5 pk6 pk7 pk8 pk9 pk10 pk11 pk12 pk13 pk14 pk15 pk16 pk17 pk18 pk19 pk20 pk21 pk22 pk23 pk24 pk25 pk26 pk27 pk28 pk29 pk30 pk31 pk32 pk33 pk34 pk35 pk36 pk37 pk38 pk39 pk40 pk41 pk42 pk43 pk44 pk45 pk46 pk47 pk48 pk49 pk50 pk51 pk52 pk53 pk54 pk55 pk56 pk57 pk58 pk59 pk60 pk61 pk62 pk63 pk64 pk65 pk66 pk67 pk68 pk69 pk70 pk71 pk72 pk73 pk74 pk75 pk76 pk77 pk78 pk79 pk80 pk81 pk82 pk83 pk84 pk85 pk86 pk87 pk88 pk89
1.651189411280781305e-03 1.561651825130519998e-02 2.222341484352213514e-01 -4.514486130892278416e-05 1.536046654788059476e-02 6.769604891969856729e-03 4.452351182731972140e-03 -1.529284065330412667e-01 1.955037345767604400e-03 1.763504590973897709e-02 2.505638299573456875e-05 -3.886003589660167416e-05 -7.456529012990636679e-07 9.464457076818848930e-03 -9.462428502922897930e-03 1.001853031202848236e-02 1.879866796400166129e-02 5.359598740027285250e-03 0.000000000000000000e+00 0.000000000000000000e+00 0.000000000000000000e+00 0.000000000000000000e+00 0.000000000000000000e+00 0.000000000000000000e+00 0.000000000000000000e+00 0.000000000000000000e+00 0.000000000000000000e+00 0.000000000000000000e+00 -1.037712816123172924e-27 -1.862013608536367260e-23 -2.821236351646566984e-22 1.231147896419286199e-21 1.767515567250704403e-21 -2.317524955842593713e-21 -3.588454277101849092e-20 -2.925973320155399448e-20 -6.864002040505378798e-20 7.936506685360466191e-20 -4.584188255947667634e-19 -1.434997700697509134e-19 -1.337439060073557699e-19 -6.280637484338686582e-19 -1.361164308536868082e-18 -1.089256427970018152e-18 -4.558441966695454951e-06 -1.030122874590790917e-04 -2.657569547949321042e-04 -3.382550649267485813e-04 -7.622101175383430268e-05 6.716569814924236523e-04 1.560491603542999220e-03 1.310029337119430343e-03 -1.450857456515094882e-03 -4.234411023586503835e-03 2.054670263077349650e-04 7.222972665993135019e-03 -1.709832155543798866e-03 -1.044899271948488903e-02 1.138051512033769197e-02 2.687194206452414146e-03 0.000000000000000000e+00 0.000000000000000000e+00 0.000000000000000000e+00 0.000000000000000000e+00 0.000000000000000000e+00 0.000000000000000000e+00 0.000000000000000000e+00 0.000000000000000000e+00 0.000000000000000000e+00 0.000000000000000000e+00 0.000000000000000000e+00 0.000000000000000000e+00 0.000000000000000000e+00 0.000000000000000000e+00 0.000000000000000000e+00 0.000000000000000000e+00 0.000000000000000000e+00 0.000000000000000000e+00 0.000000000000000000e+00 0.000000000000000000e+00 0.000000000000000000e+00 0.000000000000000000e+00 0.000000000000000000e+00 0.000000000000000000e+00 0.000000000000000000e+00 0.000000000000000000e+00 0.000000000000000000e+00 0.000000000000000000e+00 0.000000000000000000e+00 0.000000000000000000e+00 0.000000000000000000e+00 0.000000000000000000e+00 0.000000000000000000e+00 0.000000000000000000e+00 0.000000000000000000e+00 0.000000000000000000e+00 0.000000000000000000e+00 0.000000000000000000e+00 0.000000000000000000e+00 0.000000000000000000e+00 0.000000000000000000e+00 0.000000000000000000e+00 0.000000000000000000e+00 0.000000000000000000e+00 0.000000000000000000e+00 0.000000000000000000e+00 0.000000000000000000e+00 0.000000000000000000e+00
1.561651825130519998e-02 1.167042882216919431e+01 1.619437569861618158e+02 -1.632000204664596846e-02 1.119329175709073887e+01 3.350790033252137423e+00 2.881867251745461100e+00 -7.512222161931661901e+01 3.582053571344582465e+00 1.325138942362328365e+01 9.996706954206287937e-03 -2.315460047038818067e-02 -5.295112716904345606e-04 7.280241782807499895e+00 -7.071396872923139121e+00 7.486979045377221809e+00 1.404849102053446863e+01 3.469100135516125949e+00 0.000000000000000000e+00 0.000000000000000000e+00 0.000000000000000000e+00 0.000000000000000000e+00 0.000000000000000000e+00 0.000000000000000000e+00 0.000000000000000000e+00 0.000000000000000000e+00 0.000000000000000000e+00 0.000000000000000000e+00 2.190289463795881467e-12 2.011162961612366531e-08 4.704340239584114731e-07 2.677635410935924727e-06 9.023478708267892312e-06 2.355160117027381501e-05 5.129805246907091320e-05 1.000256198659470831e-04 1.822934326882277335e-04 3.140674423605691414e-04 5.180221155978556504e-04 8.286830826443960813e-04 1.306130636020310168e-03 2.011422926452267456e-03 3.053750335580550802e-03 4.599067560518241282e-03 6.887814818175258362e-03 1.021739456142077389e-02 1.507014494485186575e-02 2.224028962718810343e-02 3.264877969588917545e-02 4.772822287062106900e-02 6.952811083162414862e-02 1.013566733133238751e-01 1.468331151630339060e-01 2.123825458279670064e-01 3.079928611497786961e-01 4.458283216956159256e-01 6.425882271465275242e-01 9.241615137531631330e-01 1.336902121896193618e+00 3.330487303501457608e-01 0.000000000000000000e+00 0.000000000000000000e+00 0.000000000000000000e+00 0.000000000000000000e+00 0.000000000000000000e+00 0.000000000000000000e+00 0.000000000000000000e+00 0.000000000000000000e+00 0.000000000000000000e+00 0.000000000000000000e+00 0.000000000000000000e+00 0.000000000000000000e+00 0.000000000000000000e+00 0.000000000000000000e+00 0.000000000000000000e+00 0.000000000000000000e+00 0.000000000000000000e+00 0.000000000000000000e+00 0.000000000000000000e+00 0.000000000000000000e+00 0.000000000000000000e+00 0.000000000000000000e+00 0.000000000000000000e+00 0.000000000000000000e+00 0.000000000000000000e+00 0.000000000000000000e+00 0.000000000000000000e+00 0.000000000000000000e+00 0.000000000000000000e+00 0.000000000000000000e+00 0.000000000000000000e+00 0.000000000000000000e+00 0.000000000000000000e+00 0.000000000000000000e+00 0.000000000000000000e+00 0.000000000000000000e+00 0.000000000000000000e+00 0.000000000000000000e+00 0.000000000000000000e+00 0.000000000000000000e+00 0.000000000000000000e+00 0.000000000000000000e+00 0.000000000000000000e+00 0.000000000000000000e+00 0.000000000000000000e+00 0.000000000000000000e+00 0.000000000000000000e+00 0.000000000000000000e+00
2.222341484352213514e-01 1.619437569861618158e+02 2.311994112069490711e+03 -2.721159634535030847e-01 1.598013107679174993e+02 4.774716522954196307e+01 4.697030307675633054e+01 -1.201197558969052352e+03 3.921847066649696956e+01 1.829480094188716066e+02 1.882661824488986724e-01 -3.547436398303380201e-01 -7.496054269093772697e-03 9.828759052113487371e+01 -9.812566394869764963e+01 1.038924561865149911e+02 1.949427437944685551e+02 5.654135688245813185e+01 0.000000000000000000e+00 0.000000000000000000e+00 0.000000000000000000e+00 0.000000000000000000e+00 0.000000000000000000e+00 0.000000000000000000e+00 0.000000000000000000e+00 0.000000000000000000e+00 0.000000000000000000e+00 0.000000000000000000e+00 4.510306461163055008e-11 3.946467909873604780e-07 8.773933901707430926e-06 4.777679226382875832e-05 1.551908628734543116e-04 3.928219329784580658e-04 8.351750778530923121e-04 1.597046890961260250e-03 2.862289196830515060e-03 4.864019359040896648e-03 7.930251461519991635e-03 1.256188867422147921e-02 1.962537439863570529e-02 3.000132600465139215e-02 4.525855208430914350e-02 6.777336854757180784e-02 1.009980806063101727e-01 1.491787680306360386e-01 2.192439274855267906e-01 3.225579514074254917e-01 4.723058902475510967e-01 6.888220016176688221e-01 1.001345609090779742e+00 1.456910989447257165e+00 2.106675647272607588e+00 3.042272298089687244e+00 4.406053240494910206e+00 6.370797524974954662e+00 9.170064050299250979e+00 1.317332790479812843e+01 1.903526327732964418e+01 4.739017845357049730e+00 0.000000000000000000e+00 0.000000000000000000e+00 0.000000000000000000e+00 0.000000000000000000e+00 0.000000000000000000e+00 0.000000000000000000e+00 0.000000000000000000e+00 0.000000000000000000e+00 0.000000000000000000e+00 0.000000000000000000e+00 0.000000000000000000e+00 0.000000000000000000e+00 0.000000000000000000e+00 0.000000000000000000e+00 0.000000000000000000e+00 0.000000000000000000e+00 0.000000000000000000e+00 0.000000000000000000e+00 0.000000000000000000e+00 0.000000000000000000e+00 0.000000000000000000e+00 0.000000000000000000e+00 0.000000000000000000e+00 0.000000000000000000e+00 0.000000000000000000e+00 0.000000000000000000e+00 0.000000000000000000e+00 0.000000000000000000e+00 0.000000000000000000e+00 0.000000000000000000e+00 0.000000000000000000e+00 0.000000000000000000e+00 0.000000000000000000e+00 0.000000000000000000e+00 0.000000000000000000e+00 0.000000000000000000e+00 0.000000000000000000e+00 0.000000000000000000e+00 0.000000000000000000e+00 0.000000000000000000e+00 0.000000000000000000e+00 0.000000000000000000e+00 0.000000000000000000e+00 0.000000000000000000e+00 0.000000000000000000e+00 0.000000000000000000e+00 0.000000000000000000e+00 0.000000000000000000e+00
-4.514486130892278416e-05 -1.632000204664596846e-02 -2.721159634535030847e-01 6.590932755363945359e-05 -1.880821729334816034e-02 -6.597205729494919416e-03 -8.948174571443099148e-03 2.179216975273333690e-01 4.744616593518182629e-03 -1.708835438247743171e-02 -6.643482297790332194e-05 6.780665600867707542e-05 8.896456829294286419e-07 -5.929314267599072007e-03 9.888686456793027713e-03 -1.046983921547457036e-02 -1.964549938146960967e-02 -1.077152793891318801e-02 0.000000000000000000e+00 0.000000000000000000e+00 0.000000000000000000e+00 0.000000000000000000e+00 0.000000000000000000e+00 0.000000000000000000e+00 0.000000000000000000e+00 0.000000000000000000e+00 0.000000000000000000e+00 0.000000000000000000e+00 -1.884778063320583243e-17 -1.723889372031324342e-13 -4.125784290217695709e-12 -2.490201329122330827e-11 -9.175648326036943828e-11 -2.701943780807403307e-10 -6.783351828068601754e-10 -1.549565889018395054e-09 -3.352944035893258372e-09 -6.951382317435719042e-09 -1.387651231210659973e-08 -2.701102936587752479e-08 -5.228807283984406072e-08 -9.918493843229647091e-08 -1.858914845219077568e-07 -3.467984515780229605e-07 -6.472929524574729484e-07 -1.196311971462179504e-06 -2.202524742155941149e-06 -4.082734111163551542e-06 -7.539059174797617766e-06 -1.384490106986036330e-05 -2.534980741437672209e-05 -4.669185966224342682e-05 -8.516516117778599065e-05 -1.551175213077589767e-04 -2.844359729791311121e-04 -5.214739927591566194e-04 -9.478157731518339684e-04 -1.718681011390059150e-03 -3.152311045843759867e-03 -8.770992727430138285e-04 0.000000000000000000e+00 0.000000000000000000e+00 0.000000000000000000e+00 0.000000000000000000e+00 0.000000000000000000e+00 0.000000000000000000e+00 0.000000000000000000e+00 0.000000000000000000e+00 0.000000000000000000e+00 0.000000000000000000e+00 0.000000000000000000e+00 0.000000000000000000e+00 0.000000000000000000e+00 0.000000000000000000e+00 0.000000000000000000e+00 0.000000000000000000e+00 0.000000000000000000e+00 0.000000000000000000e+00 0.000000000000000000e+00 0.000000000000000000e+00 0.000000000000000000e+00 0.000000000000000000e+00 0.000000000000000000e+00 0.000000000000000000e+00 0.000000000000000000e+00 0.000000000000000000e+00 0.000000000000000000e+00 0.000000000000000000e+00 0.000000000000000000e+00 0.000000000000000000e+00 0.000000000000000000e+00 0.000000000000000000e+00 0.000000000000000000e+00 0.000000000000000000e+00 0.000000000000000000e+00 0.000000000000000000e+00 0.000000000000000000e+00 0.000000000000000000e+00 0.000000000000000000e+00 0.000000000000000000e+00 0.000000000000000000e+00 0.000000000000000000e+00 0.000000000000000000e+00 0.000000000000000000e+00 0.000000000000000000e+00 0.000000000000000000e+00 0.000000000000000000e+00 0.000000000000000000e+00
1.536046654788059476e-02 1.119329175709073887e+01 1.598013107679174993e+02 -1.880821729334816034e-02 1.104520932377573672e+01 3.300207188807843028e+00 3.246511727537828129e+00 -8.302484137498873906e+01 2.710717551615879461e+00 1.264507186886740620e+01 1.301265542656435299e-02 -2.451930925582138793e-02 -5.181152026016164550e-04 6.793480016019008083e+00 -6.782287912030271926e+00 7.180879307102893350e+00 1.347412859765711168e+01 3.908047557407381856e+00 0.000000000000000000e+00 0.000000000000000000e+00 0.000000000000000000e+00 0.000000000000000000e+00 0.000000000000000000e+00 0.000000000000000000e+00 0.000000000000000000e+00 0.000000000000000000e+00 0.000000000000000000e+00 0.000000000000000000e+00 3.117451211040109121e-12 2.727735082062226382e-08 6.064401854505130073e-07 3.302254961718888843e-06 1.072654258802746465e-05 2.715121957302712701e-05 5.772595676818501737e-05 1.103853098938022370e-04 1.978368210639362224e-04 3.361931871355469518e-04 5.481262134944392666e-04 8.682575208050158583e-04 1.356474282023973927e-03 2.073643351983934634e-03 3.128198254820333240e-03 4.684386120414828734e-03 6.980824726878478471e-03 1.031099627182883484e-02 1.515378729002592705e-02 2.229468629026143400e-02 3.264502273209003713e-02 4.761026776394121363e-02 6.921139635653004996e-02 1.006993419967921882e-01 1.456100290392499663e-01 2.102769632542404177e-01 3.045393063367603514e-01 4.403392680860780950e-01 6.338200635605831801e-01 9.105192160191164508e-01 1.315686751384882891e+00 3.275532837593348456e-01 0.000000000000000000e+00 0.000000000000000000e+00 0.000000000000000000e+00 0.000000000000000000e+00 0.000000000000000000e+00 0.000000000000000000e+00 0.000000000000000000e+00 0.000000000000000000e+00 0.000000000000000000e+00 0.000000000000000000e+00 0.000000000000000000e+00 0.000000000000000000e+00 0.000000000000000000e+00 0.000000000000000000e+00 0.000000000000000000e+00 0.000000000000000000e+00 0.000000000000000000e+00 0.000000000000000000e+00 0.000000000000000000e+00 0.000000000000000000e+00 0.000000000000000000e+00 0.000000000000000000e+00 0.000000000000000000e+00 0.000000000000000000e+00 0.000000000000000000e+00 0.000000000000000000e+00 0.000000000000000000e+00 0.000000000000000000e+00 0.000000000000000000e+00 0.000000000000000000e+00 0.000000000000000000e+00 0.000000000000000000e+00 0.000000000000000000e+00 0.000000000000000000e+00 0.000000000000000000e+00 0.000000000000000000e+00 0.000000000000000000e+00 0.000000000000000000e+00 0.000000000000000000e+00 0.000000000000000000e+00 0.000000000000000000e+00 0.000000000000000000e+00 0.000000000000000000e+00 0.000000000000000000e+00 0.000000000000000000e+00 0.000000000000000000e+00 0.000000000000000000e+00 0.000000000000000000e+00
6.769604891969856729e-03 3.350790033252137423e+00 4.774716522954196307e+01 -6.597205729494919416e-03 3.300207188807843028e+00 1.181813211811183040e+00 9.621193583291489659e-01 -2.275425257815584956e+01 6.163827821673765195e-01 3.684648791186310834e+00 5.742994689987638603e-03 -8.590464822111572307e-03 -1.594901692262268419e-04 1.734875027968242556e+00 -2.030325236888512297e+00 2.149646353762226347e+00 4.033574465097457207e+00 1.158168681899140351e+00 0.000000000000000000e+00 0.000000000000000000e+00 0.000000000000000000e+00 0.000000000000000000e+00 0.000000000000000000e+00 0.000000000000000000e+00 0.000000000000000000e+00 0.000000000000000000e+00 0.000000000000000000e+00 0.000000000000000000e+00 -3.327946850783550037e-12 -2.822316459534319172e-08 -6.021578818572134657e-07 -3.127703746664391010e-06 -9.649981168454216566e-06 -2.307223820232223190e-05 -4.619915442670682383e-05 -8.290673262716934827e-05 -1.387155566687764798e-04 -2.188294709842629579e-04 -3.295125084108976496e-04 -4.789613634012008115e-04 -6.795353704024853676e-04 -9.350637473700953647e-04 -1.254923257403627946e-03 -1.644968592379681890e-03 -2.098387390958081182e-03 -2.584596768208367347e-03 -3.045086645987191490e-03 -3.353860910128745546e-03 -3.270625925296177881e-03 -2.396643859244319309e-03 -3.657071618318808229e-05 5.057752490658542002e-03 1.458969193907744960e-02 3.153635900758545996e-02 6.099399864394208087e-02 1.103884762212596349e-01 1.905133927491412249e-01 3.189428714299429313e-01 5.276832870632901518e-01 1.393520540402806707e-01 0.000000000000000000e+00 0.000000000000000000e+00 0.000000000000000000e+00 0.000000000000000000e+00 0.000000000000000000e+00 0.000000000000000000e+00 0.000000000000000000e+00 0.000000000000000000e+00 0.000000000000000000e+00 0.000000000000000000e+00 0.000000000000000000e+00 0.000000000000000000e+00 0.000000000000000000e+00 0.000000000000000000e+00 0.000000000000000000e+00 0.000000000000000000e+00 0.000000000000000000e+00 0.000000000000000000e+00 0.000000000000000000e+00 0.000000000000000000e+00 0.000000000000000000e+00 0.000000000000000000e+00 0.000000000000000000e+00 0.000000000000000000e+00 0.000000000000000000e+00 0.000000000000000000e+00 0.000000000000000000e+00 0.000000000000000000e+00 0.000000000000000000e+00 0.000000000000000000e+00 0.000000000000000000e+00 0.000000000000000000e+00 0.000000000000000000e+00 0.000000000000000000e+00 0.000000000000000000e+00 0.000000000000000000e+00 0.000000000000000000e+00 0.000000000000000000e+00 0.000000000000000000e+00 0.000000000000000000e+00 0.000000000000000000e+00 0.000000000000000000e+00 0.000000000000000000e+00 0.000000000000000000e+00 0.000000000000000000e+00 0.000000000000000000e+00 0.000000000000000000e+00 0.000000000000000000e+00
4.452351182731972140e-03 2.881867251745461100e+00 4.697030307675633054e+01 -8.948174571443099148e-03 3.246511727537828129e+00 9.621193583291489659e-01 1.463626455132027715e+00 -3.565473385935051454e+01 -2.452812102815088435e-01 3.171665936541632647e+00 7.806312278959629848e-03 -9.320292658986159898e-03 -1.467361918969629323e-04 1.503007146757072698e+00 -1.746193510341346622e+00 1.848816359206127968e+00 3.469100135516125949e+00 1.761866973840739981e+00 0.000000000000000000e+00 0.000000000000000000e+00 0.000000000000000000e+00 0.000000000000000000e+00 0.000000000000000000e+00 0.000000000000000000e+00 0.000000000000000000e+00 0.000000000000000000e+00 0.000000000000000000e+00 0.000000000000000000e+00 2.125532938582817197e-12 1.741655451933410438e-08 3.581277698025113056e-07 1.805382862861074202e-06 5.457675858875793688e-06 1.292700753904440273e-05 2.595497352112519367e-05 4.722088948945059946e-05 8.085770367914693602e-05 1.320541314725312326e-04 2.078500918077878638e-04 3.191209559532820765e-04 4.842303122779416141e-04 7.218483737330765818e-04 1.064716650923720797e-03 1.561729301163319742e-03 2.284741168069957546e-03 3.320033320755003299e-03 4.812069519152611941e-03 6.993969075930590862e-03 1.013683885715724320e-02 1.464343816466858079e-02 2.110601682143202137e-02 3.046300870438266306e-02 4.370895580201087510e-02 6.269711183497940488e-02 9.029850355007333629e-02 1.299459958040559970e-01 1.859606791585981245e-01 2.658375095953633971e-01 3.822562503644354459e-01 9.489983856310774124e-02 0.000000000000000000e+00 0.000000000000000000e+00 0.000000000000000000e+00 0.000000000000000000e+00 0.000000000000000000e+00 0.000000000000000000e+00 0.000000000000000000e+00 0.000000000000000000e+00 0.000000000000000000e+00 0.000000000000000000e+00 0.000000000000000000e+00 0.000000000000000000e+00 0.000000000000000000e+00 0.000000000000000000e+00 0.000000000000000000e+00 0.000000000000000000e+00 0.000000000000000000e+00 0.000000000000000000e+00 0.000000000000000000e+00 0.000000000000000000e+00 0.000000000000000000e+00 0.000000000000000000e+00 0.000000000000000000e+00 0.000000000000000000e+00 0.000000000000000000e+00 0.000000000000000000e+00 0.000000000000000000e+00 0.000000000000000000e+00 0.000000000000000000e+00 0.000000000000000000e+00 0.000000000000000000e+00 0.000000000000000000e+00 0.000000000000000000e+00 0.000000000000000000e+00 0.000000000000000000e+00 0.000000000000000000e+00 0.000000000000000000e+00 0.000000000000000000e+00 0.000000000000000000e+00 0.000000000000000000e+00 0.000000000000000000e+00 0.000000000000000000e+00 0.000000000000000000e+00 0.000000000000000000e+00 0.000000000000000000e+00 0.000000000000000000e+00 0.000000000000000000e+00 0.000000000000000000e+00
-1.529284065330412667e-01 -7.512222161931661901e+01 -1.201197558969052352e+03 2.179216975273333690e-01 -8.302484137498873906e+01 -2.275425257815584956e+01 -3.565473385935051454e+01 9.996476505823644629e+02 7.249434942765464740e+00 -8.354522946218422419e+01 -1.970368602629376797e-01 2.385600271961390295e-01 3.818635301447255957e-03 -4.176579145776959479e+01 4.551838249823079963e+01 -4.819347323704135277e+01 -9.042974100975752094e+01 -4.292003456729279520e+01 -0.000000000000000000e+00 -0.000000000000000000e+00 -0.000000000000000000e+00 -0.000000000000000000e+00 -0.000000000000000000e+00 -0.000000000000000000e+00 -0.000000000000000000e+00 -0.000000000000000000e+00 -0.000000000000000000e+00 -0.000000000000000000e+00 -7.781856349693504740e-11 -6.459857017879151816e-07 -1.373923265523685082e-05 -7.270042134327708676e-05 -2.318931147771568515e-04 -5.796535463573952674e-04 -1.216694345338387162e-03 -2.294006839942233297e-03 -4.035085929683189694e-03 -6.666792194264943051e-03 -1.049109644841145564e-02 -1.587238720144197937e-02 -2.339129672598819557e-02 -3.328434558538150012e-02 -4.641707816045558682e-02 -6.415450296063587854e-02 -9.260271888500709592e-02 -1.487193070317281152e-01 -2.104811362795998009e-01 -2.956638230866579509e-01 -4.117430127199007139e-01 -5.640741938619661111e-01 -7.614621709495318358e-01 -1.026856738860748353e+00 -1.363365305022222751e+00 -1.841668229505737608e+00 -2.593380899240075088e+00 -3.688351892862955506e+00 -4.540651819223265662e+00 -5.589364797205554680e+00 -9.035915147010852522e+00 -2.254363913206923087e+00 -0.000000000000000000e+00 -0.000000000000000000e+00 -0.000000000000000000e+00 -0.000000000000000000e+00 -0.000000000000000000e+00 -0.000000000000000000e+00 -0.000000000000000000e+00 -0.000000000000000000e+00 -0.000000000000000000e+00 -0.000000000000000000e+00 -0.000000000000000000e+00 -0.000000000000000000e+00 -0.000000000000000000e+00 -0.000000000000000000e+00 -0.000000000000000000e+00 -0.000000000000000000e+00 -0.000000000000000000e+00 -0.000000000000000000e+00 -0.000000000000000000e+00 -0.000000000000000000e+00 -0.000000000000000000e+00 -0.000000000000000000e+00 -0.000000000000000000e+00 -0.000000000000000000e+00 -0.000000000000000000e+00 -0.000000000000000000e+00 -0.000000000000000000e+00 -0.000000000000000000e+00 -0.000000000000000000e+00 -0.000000000000000000e+00 -0.000000000000000000e+00 -0.000000000000000000e+00 -0.000000000000000000e+00 -0.000000000000000000e+00 -0.000000000000000000e+00 -0.000000000000000000e+00 -0.000000000000000000e+00 -0.000000000000000000e+00 -0.000000000000000000e+00 -0.000000000000000000e+00 -0.000000000000000000e+00 -0.000000000000000000e+00 -0.000000000000000000e+00 -0.000000000000000000e+00 -0.000000000000000000e+00 -0.000000000000000000e+00 -0.000000000000000000e+00 -0.000000000000000000e+00
1.955037345767604400e-03 3.582053571344582465e+00 3.921847066649696956e+01 4.744616593518182629e-03 2.710717551615879461e+00 6.163827821673765195e-01 -2.452812102815088435e-01 7.249434942765464740e+00 3.526863788163054902e+00 4.389710768489072379e+00 -9.579915621613093943e-03 1.434047481418835278e-03 -1.261154124264630928e-04 3.183829979199754856e+00 -2.170453443401500149e+00 2.298009819239076101e+00 4.311962156567465954e+00 -2.952617193979959476e-01 0.000000000000000000e+00 0.000000000000000000e+00 0.000000000000000000e+00 0.000000000000000000e+00 0.000000000000000000e+00 0.000000000000000000e+00 0.000000000000000000e+00 0.000000000000000000e+00 0.000000000000000000e+00 0.000000000000000000e+00 3.252617482468058478e-12 2.969118509663876358e-08 6.746978540968012784e-07 3.683829757764634474e-06 1.180733227966404197e-05 2.918777190168337678e-05 6.013504610097345447e-05 1.110891831092517939e-04 1.914827488272585363e-04 3.111182819486916465e-04 4.836009654332442450e-04 7.269492508227388353e-04 1.071389969852831574e-03 1.537414016593957947e-03 2.176374194895189847e-03 3.067239986781292345e-03 4.442096553228654272e-03 6.846724503784518655e-03 9.728194884768311471e-03 1.374921563429397885e-02 1.926295708992145639e-02 2.662830683106147400e-02 3.633889041805160591e-02 4.931474338795754225e-02 6.568204130606222768e-02 8.703821788071949839e-02 1.155196229548329095e-01 1.495769095300070739e-01 1.682483516889841380e-01 1.679538155263171351e-01 1.708881460697245502e-01 2.956562439572647458e-02 0.000000000000000000e+00 0.000000000000000000e+00 0.000000000000000000e+00 0.000000000000000000e+00 0.000000000000000000e+00 0.000000000000000000e+00 0.000000000000000000e+00 0.000000000000000000e+00 0.000000000000000000e+00 0.000000000000000000e+00 0.000000000000000000e+00 0.000000000000000000e+00 0.000000000000000000e+00 0.000000000000000000e+00 0.000000000000000000e+00 0.000000000000000000e+00 0.000000000000000000e+00 0.000000000000000000e+00 0.000000000000000000e+00 0.000000000000000000e+00 0.000000000000000000e+00 0.000000000000000000e+00 0.000000000000000000e+00 0.000000000000000000e+00 0.000000000000000000e+00 0.000000000000000000e+00 0.000000000000000000e+00 0.000000000000000000e+00 0.000000000000000000e+00 0.000000000000000000e+00 0.000000000000000000e+00 0.000000000000000000e+00 0.000000000000000000e+00 0.000000000000000000e+00 0.000000000000000000e+00 0.000000000000000000e+00 0.000000000000000000e+00 0.000000000000000000e+00 0.000000000000000000e+00 0.000000000000000000e+00 0.000000000000000000e+00 0.000000000000000000e+00 0.000000000000000000e+00 0.000000000000000000e+00 0.000000000000000000e+00 0.000000000000000000e+00 0.000000000000000000e+00 0.000000000000000000e+00
1.763504590973897709e-02 1.325138942362328365e+01 1.829480094188716066e+02 -1.708835438247743171e-02 1.264507186886740620e+01 3.684648791186310834e+00 3.171665936541632647e+00 -8.354522946218422419e+01 4.389710768489072379e+00 1.512682074675942978e+01 9.254759171355465830e-03 -2.487438722621503062e-02 -5.956742381274188550e-04 8.504006770789805714e+00 -8.029339380751157051e+00 8.501219316666043468e+00 1.595160110772819451e+01 3.817950574789444662e+00 0.000000000000000000e+00 0.000000000000000000e+00 0.000000000000000000e+00 0.000000000000000000e+00 0.000000000000000000e+00 0.000000000000000000e+00 0.000000000000000000e+00 0.000000000000000000e+00 0.000000000000000000e+00 0.000000000000000000e+00 4.412524593976204302e-12 3.932621294196798207e-08 8.905510166589801682e-07 4.925110226989448098e-06 1.617551352375967547e-05 4.124418980958856546e-05 8.791270750468552870e-05 1.680368468175140212e-04 3.001204208252166534e-04 5.060003681123481601e-04 8.162484230414276216e-04 1.274926955649530007e-03 1.957447425678180385e-03 2.931150131659447655e-03 4.328745148937026069e-03 6.353062326734705730e-03 9.405948913748855139e-03 1.422727385360355104e-02 2.071264664680325107e-02 3.011474475168956014e-02 4.352869518583171726e-02 6.249000561704896872e-02 8.920752988217728330e-02 1.274326430936238430e-01 1.806081214870542129e-01 2.563863020839298179e-01 3.669040051006922654e-01 5.240439805973388099e-01 7.264886981169501601e-01 1.004223793292602140e+00 1.443979424317758387e+00 3.553723494811424355e-01 0.000000000000000000e+00 0.000000000000000000e+00 0.000000000000000000e+00 0.000000000000000000e+00 0.000000000000000000e+00 0.000000000000000000e+00 0.000000000000000000e+00 0.000000000000000000e+00 0.000000000000000000e+00 0.000000000000000000e+00 0.000000000000000000e+00 0.000000000000000000e+00 0.000000000000000000e+00 0.000000000000000000e+00 0.000000000000000000e+00 0.000000000000000000e+00 0.000000000000000000e+00 0.000000000000000000e+00 0.000000000000000000e+00 0.000000000000000000e+00 0.000000000000000000e+00 0.000000000000000000e+00 0.000000000000000000e+00 0.000000000000000000e+00 0.000000000000000000e+00 0.000000000000000000e+00 0.000000000000000000e+00 0.000000000000000000e+00 0.000000000000000000e+00 0.000000000000000000e+00 0.000000000000000000e+00 0.000000000000000000e+00 0.000000000000000000e+00 0.000000000000000000e+00 0.000000000000000000e+00 0.000000000000000000e+00 0.000000000000000000e+00 0.000000000000000000e+00 0.000000000000000000e+00 0.000000000000000000e+00 0.000000000000000000e+00 0.000000000000000000e+00 0.000000000000000000e+00 0.000000000000000000e+00 0.000000000000000000e+00 0.000000000000000000e+00 0.000000000000000000e+00 0.000000000000000000e+00
2.505638299573456875e-05 9.996706954206287937e-03 1.882661824488986724e-01 -6.643482297790332194e-05 1.301265542656435126e-02 5.742994689987638603e-03 7.806312278959629848e-03 -1.970368602629376797e-01 -9.579915621613093943e-03 9.254759171355467565e-03 7.909056707445304515e-05 -6.747478249212569910e-05 -6.514227132665334624e-07 5.214665984674934825e-05 -6.057248055977094807e-03 6.413229250560461593e-03 1.203371787112944742e-02 9.396990429874236064e-03 0.000000000000000000e+00 0.000000000000000000e+00 0.000000000000000000e+00 0.000000000000000000e+00 0.000000000000000000e+00 0.000000000000000000e+00 0.000000000000000000e+00 0.000000000000000000e+00 0.000000000000000000e+00 0.000000000000000000e+00 -2.914693271832213466e-14 -2.537590405210843651e-10 -5.535929311195513756e-09 -2.932863936859234089e-08 -9.188385026886322869e-08 -2.229098110999757006e-07 -4.513325760778919647e-07 -8.194356297807948753e-07 -1.384421741528786172e-06 -2.192107524002898465e-06 -3.301486860806014791e-06 -4.764677842721316503e-06 -6.654118739159919670e-06 -8.901953960660723313e-06 -1.157821904453344907e-05 -1.480532711005812067e-05 -2.039939932252407851e-05 -3.426991681743134032e-05 -4.614356041873907268e-05 -6.080149904491429587e-05 -7.826702138044555168e-05 -9.599852444061357428e-05 -1.104209915548212586e-04 -1.182887185589917437e-04 -1.054189757613808196e-04 -6.887145381341111040e-05 -5.458160166627616077e-06 1.364022809214862273e-04 6.936757292429572954e-04 1.725047728429632537e-03 2.861797245436803819e-03 8.098403508044082393e-04 0.000000000000000000e+00 0.000000000000000000e+00 0.000000000000000000e+00 0.000000000000000000e+00 0.000000000000000000e+00 0.000000000000000000e+00 0.000000000000000000e+00 0.000000000000000000e+00 0.000000000000000000e+00 0.000000000000000000e+00 0.000000000000000000e+00 0.000000000000000000e+00 0.000000000000000000e+00 0.000000000000000000e+00 0.000000000000000000e+00 0.000000000000000000e+00 0.000000000000000000e+00 0.000000000000000000e+00 0.000000000000000000e+00 0.000000000000000000e+00 0.000000000000000000e+00 0.000000000000000000e+00 0.000000000000000000e+00 0.000000000000000000e+00 0.000000000000000000e+00 0.000000000000000000e+00 0.000000000000000000e+00 0.000000000000000000e+00 0.000000000000000000e+00 0.000000000000000000e+00 0.000000000000000000e+00 0.000000000000000000e+00 0.000000000000000000e+00 0.000000000000000000e+00 0.000000000000000000e+00 0.000000000000000000e+00 0.000000000000000000e+00 0.000000000000000000e+00 0.000000000000000000e+00 0.000000000000000000e+00 0.000000000000000000e+00 0.000000000000000000e+00 0.000000000000000000e+00 0.000000000000000000e+00 0.000000000000000000e+00 0.000000000000000000e+00 0.000000000000000000e+00 0.000000000000000000e+00
-3.886003589660167416e-05 -2.315460047038818067e-02 -3.547436398303380201e-01 6.780665600867707542e-05 -2.451930925582138793e-02 -8.590464822111572307e-03 -9.320292658986159898e-03 2.385600271961390295e-01 1.434047481418835278e-03 -2.487438722621503409e-02 -6.747478249212569910e-05 7.812084760679172438e-05 1.184202740383056478e-06 -1.026420621862798692e-02 1.402993599078855916e-02 -1.485446774642645851e-02 -2.787277157925806964e-02 -1.121947185692044081e-02 0.000000000000000000e+00 0.000000000000000000e+00 0.000000000000000000e+00 0.000000000000000000e+00 0.000000000000000000e+00 0.000000000000000000e+00 0.000000000000000000e+00 0.000000000000000000e+00 0.000000000000000000e+00 0.000000000000000000e+00 1.666326519340583672e-14 1.435926718285909709e-10 3.087823274566416328e-09 1.609798665228216765e-08 4.954190838197771814e-08 1.178584234551902067e-07 2.335658939978608723e-07 4.144003365298150913e-07 6.814683610608362990e-07 1.043382305631085616e-06 1.508256675336742067e-06 2.062902180491370215e-06 2.671997493955045857e-06 3.203813454886502594e-06 3.552404102457595915e-06 3.567566973911256144e-06 4.141789243001494946e-06 8.860472486169011504e-06 1.008721108963131954e-05 9.945388422940340648e-06 7.157744697736488293e-06 -2.008727428650521623e-06 -2.285272119533703577e-05 -6.221576935711570764e-05 -1.347825389332619615e-04 -2.515543694662267888e-04 -4.286883507522581700e-04 -7.181605808988959566e-04 -1.371623287744798024e-03 -2.465014675676609028e-03 -3.813253638647788688e-03 -1.015496662307896958e-03 0.000000000000000000e+00 0.000000000000000000e+00 0.000000000000000000e+00 0.000000000000000000e+00 0.000000000000000000e+00 0.000000000000000000e+00 0.000000000000000000e+00 0.000000000000000000e+00 0.000000000000000000e+00 0.000000000000000000e+00 0.000000000000000000e+00 0.000000000000000000e+00 0.000000000000000000e+00 0.000000000000000000e+00 0.000000000000000000e+00 0.000000000000000000e+00 0.000000000000000000e+00 0.000000000000000000e+00 0.000000000000000000e+00 0.000000000000000000e+00 0.000000000000000000e+00 0.000000000000000000e+00 0.000000000000000000e+00 0.000000000000000000e+00 0.000000000000000000e+00 0.000000000000000000e+00 0.000000000000000000e+00 0.000000000000000000e+00 0.000000000000000000e+00 0.000000000000000000e+00 0.000000000000000000e+00 0.000000000000000000e+00 0.000000000000000000e+00 0.000000000000000000e+00 0.000000000000000000e+00 0.000000000000000000e+00 0.000000000000000000e+00 0.000000000000000000e+00 0.000000000000000000e+00 0.000000000000000000e+00 0.000000000000000000e+00 0.000000000000000000e+00 0.000000000000000000e+00 0.000000000000000000e+00 0.000000000000000000e+00 0.000000000000000000e+00 0.000000000000000000e+00 0.000000000000000000e+00
-7.456529012990636679e-07 -5.295112716904345606e-04 -7.496054269093772697e-03 8.896456829294286419e-07 -5.181152026016164550e-04 -1.594901692262268419e-04 -1.467361918969629323e-04 3.818635301447255957e-03 -1.261154124264630928e-04 -5.956742381274188550e-04 -6.514227132665334624e-07 1.184202740383056478e-06 2.458545300832903405e-08 -3.139026799979326003e-04 3.208437674283610573e-04 -3.396995822386975235e-04 -6.374088269562142332e-04 -1.766363606396383046e-04 0.000000000000000000e+00 0.000000000000000000e+00 0.000000000000000000e+00 0.000000000000000000e+00 0.000000000000000000e+00 0.000000000000000000e+00 0.000000000000000000e+00 0.000000000000000000e+00 0.000000000000000000e+00 0.000000000000000000e+00 -2.973872809327790452e-17 -2.985017463347294760e-13 -7.801375608523158272e-12 -4.915446087389969171e-11 -1.814207276990394967e-10 -5.127755586682894987e-10 -1.197102847889803125e-09 -2.476847370050356121e-09 -4.769724058569543578e-09 -8.666863906912143291e-09 -1.502030938765905837e-08 -2.520952758425511042e-08 -4.167372412880309684e-08 -6.720040470393537580e-08 -1.063519140711557347e-07 -1.660289360322012711e-07 -2.526593808465278127e-07 -3.662391612571670409e-07 -5.500920503314480118e-07 -8.281998302089675643e-07 -1.240507656181870100e-06 -1.854800361314934207e-06 -2.768059126454756721e-06 -4.131666020275569206e-06 -6.135076029150031667e-06 -9.067482242452003637e-06 -1.337802668908815094e-05 -1.972186322109565406e-05 -2.957659655153547449e-05 -4.424830392133859684e-05 -6.507492248962786559e-05 -1.645781665021380408e-05 0.000000000000000000e+00 0.000000000000000000e+00 0.000000000000000000e+00 0.000000000000000000e+00 0.000000000000000000e+00 0.000000000000000000e+00 0.000000000000000000e+00 0.000000000000000000e+00 0.000000000000000000e+00 0.000000000000000000e+00 0.000000000000000000e+00 0.000000000000000000e+00 0.000000000000000000e+00 0.000000000000000000e+00 0.000000000000000000e+00 0.000000000000000000e+00 0.000000000000000000e+00 0.000000000000000000e+00 0.000000000000000000e+00 0.000000000000000000e+00 0.000000000000000000e+00 0.000000000000000000e+00 0.000000000000000000e+00 0.000000000000000000e+00 0.000000000000000000e+00 0.000000000000000000e+00 0.000000000000000000e+00 0.000000000000000000e+00 0.000000000000000000e+00 0.000000000000000000e+00 0.000000000000000000e+00 0.000000000000000000e+00 0.000000000000000000e+00 0.000000000000000000e+00 0.000000000000000000e+00 0.000000000000000000e+00 0.000000000000000000e+00 0.000000000000000000e+00 0.000000000000000000e+00 0.000000000000000000e+00 0.000000000000000000e+00 0.000000000000000000e+00 0.000000000000000000e+00 0.000000000000000000e+00 0.000000000000000000e+00 0.000000000000000000e+00 0.000000000000000000e+00 0.000000000000000000e+00
9.464457076818848930e-03 7.280241782807499895e+00 9.828759052113487371e+01 -5.929314267599072007e-03 6.793480016019008083e+00 1.734875027968242556e+00 1.503007146757072698e+00 -4.176579145776959479e+01 3.183829979199754856e+00 8.504006770789805714e+00 5.214665984674439481e-05 -1.026420621862798865e-02 -3.139026799979326003e-04 5.244179833445214989e+00 -4.411275691881595407e+00 4.670523980200085745e+00 8.763723499071971901e+00 1.809272197856668152e+00 0.000000000000000000e+00 0.000000000000000000e+00 0.000000000000000000e+00 0.000000000000000000e+00 0.000000000000000000e+00 0.000000000000000000e+00 0.000000000000000000e+00 0.000000000000000000e+00 0.000000000000000000e+00 0.000000000000000000e+00 7.081905940187480870e-12 6.148840970418845318e-08 1.351135855708656999e-06 7.263572188425498233e-06 2.322586911120244862e-05 5.772904447668750601e-05 1.200392121384232630e-04 2.240268284402440575e-04 3.901225005961534136e-04 6.392932466498992689e-04 1.000007117915458236e-03 1.508223330712446519e-03 2.222761719830033435e-03 3.175789784144344551e-03 4.461306219933137626e-03 6.225528088525554213e-03 9.000926155368429299e-03 1.416714516292586976e-02 2.008885849920346439e-02 2.830318790515004568e-02 3.953131012887717288e-02 5.439612803872054259e-02 7.382498234651999058e-02 9.986707970270126966e-02 1.328014914278830283e-01 1.776988316215210306e-01 2.431599348214077971e-01 3.310565755753464012e-01 3.916072887584656215e-01 4.427599180838339699e-01 6.147871124028888579e-01 1.402669199161168945e-01 0.000000000000000000e+00 0.000000000000000000e+00 0.000000000000000000e+00 0.000000000000000000e+00 0.000000000000000000e+00 0.000000000000000000e+00 0.000000000000000000e+00 0.000000000000000000e+00 0.000000000000000000e+00 0.000000000000000000e+00 0.000000000000000000e+00 0.000000000000000000e+00 0.000000000000000000e+00 0.000000000000000000e+00 0.000000000000000000e+00 0.000000000000000000e+00 0.000000000000000000e+00 0.000000000000000000e+00 0.000000000000000000e+00 0.000000000000000000e+00 0.000000000000000000e+00 0.000000000000000000e+00 0.000000000000000000e+00 0.000000000000000000e+00 0.000000000000000000e+00 0.000000000000000000e+00 0.000000000000000000e+00 0.000000000000000000e+00 0.000000000000000000e+00 0.000000000000000000e+00 0.000000000000000000e+00 0.000000000000000000e+00 0.000000000000000000e+00 0.000000000000000000e+00 0.000000000000000000e+00 0.000000000000000000e+00 0.000000000000000000e+00 0.000000000000000000e+00 0.000000000000000000e+00 0.000000000000000000e+00 0.000000000000000000e+00 0.000000000000000000e+00 0.000000000000000000e+00 0.000000000000000000e+00 0.000000000000000000e+00 0.000000000000000000e+00 0.000000000000000000e+00 0.000000000000000000e+00
