5.230738154984138966e+00 4.804715114121659525e+00 2.386754077437490551e+01 5.391449374790229648e-03 5.372657979643817860e+00 -1.237429283051030698e-01 8.494191298826674341e-01 2.966638390588149932e+00 7.422735646987480784e+00 7.903261472694813605e+00 1.397206977712528886e+00
4.804715114121659525e+00 1.496065316789927419e+04 9.107180050023169315e+04 -5.167709047200411732e+01 2.050054675944777046e+04 4.018683333638081876e+03 6.609696452555403994e+03 7.974599712820911009e+03 -6.552246499768455124e+01 2.460873350028434288e+04 1.087226985969559792e+04
2.386754077437490551e+01 9.107180050023169315e+04 5.825319880906019825e+05 -3.918684592371906774e+02 1.311297700839358440e+05 2.853675914032673609e+04 4.689506141329634556e+04 5.624290044478777418e+04 -1.326029105084954062e+04 1.498037313444357715e+05 7.713754579081134580e+04
5.391449374790229648e-03 -5.167709047200411732e+01 -3.918684592371906774e+02 5.677893343331963383e-01 -8.821081419296568527e+01 -3.348647361111082432e+01 -4.112099934182356265e+01 -5.214330197432796155e+01 6.086527163008784669e+01 -8.500349103903471359e+01 -6.763980841689389933e+01
5.372657979643817860e+00 2.050054675944777046e+04 1.311297700839358440e+05 -8.821081419296568527e+01 2.951772083560071769e+04 6.423713618332145415e+03 1.055622480295654714e+04 1.266045256733893075e+04 -2.984932934658913837e+03 3.372128784429316875e+04 1.736390250008890507e+04
-1.237429283051030698e-01 4.018683333638081876e+03 2.853675914032673609e+04 -3.348647361111082432e+01 6.423713618332145415e+03 2.477199979577428167e+03 2.739406653592951443e+03 3.179617034322019663e+03 -3.104268435574829255e+03 6.610320155789045202e+03 4.506041783778658100e+03
8.494191298826674341e-01 6.609696452555403994e+03 4.689506141329634556e+04 -4.112099934182356265e+01 1.055622480295654714e+04 2.739406653592951443e+03 4.496023289612686312e+03 5.344940917594176426e+03 -3.072526071037902966e+03 1.087226985969559792e+04 7.395495216916804566e+03
2.966638390588149932e+00 7.974599712820911009e+03 5.624290044478777418e+04 -5.214330197432796155e+01 1.266045256733893075e+04 3.179617034322019663e+03 5.344940917594176426e+03 6.941574642994607530e+03 -4.409883303627081659e+03 1.311739513655271367e+04 8.791877275657056089e+03
7.422735646987480784e+00 -6.552246499768455124e+01 -1.326029105084954062e+04 6.086527163008784669e+01 -2.984932934658913837e+03 -3.104268435574829255e+03 -3.072526071037902966e+03 -4.409883303627081659e+03 9.894673541924321398e+03 -1.077777060475849851e+02 -5.053988913872035482e+03
7.903261472694813605e+00 2.460873350028434288e+04 1.498037313444357715e+05 -8.500349103903471359e+01 3.372128784429316875e+04 6.610320155789045202e+03 1.087226985969559792e+04 1.311739513655271367e+04 -1.077777060475849851e+02 4.047883188599123241e+04 1.788376406549579042e+04
1.397206977712528886e+00 1.087226985969559792e+04 7.713754579081134580e+04 -6.763980841689389933e+01 1.736390250008890507e+04 4.506041783778658100e+03 7.395495216916804566e+03 8.791877275657056089e+03 -5.053988913872035482e+03 1.788376406549579042e+04 1.216482788908127441e+04
