1.622580773174907787e+00 -1.075388146687730817e+01 -9.352758949624426066e+01 4.782825638227969356e-02 -1.172752767077990477e+01 -5.884892816671171367e+00 -3.371771517248193017e+00 7.504371454845765350e-03 2.553795842596612520e+00 -1.445476631391643885e+01 -4.532146787730461313e+00
-1.075388146687730817e+01 1.113618007063670484e+04 9.262888072936297976e+04 -2.161014655604537538e+01 1.161483758662034052e+04 3.876368605301639946e+03 2.808527979770237380e+03 2.280001370889261125e+03 2.011792352092829788e+03 1.496863072617532998e+04 3.775066310588879332e+03
-9.352758949624426066e+01 9.262888072936297976e+04 7.992263815371926175e+05 -2.218467629461178490e+02 1.002158780652751302e+05 3.346048433244528132e+04 2.801157276413905856e+04 2.294366880546634275e+04 1.061080062374824593e+04 1.245065634195962630e+05 3.765159023167763371e+04
4.782825638227969356e-02 -2.161014655604537538e+01 -2.218467629461178490e+02 1.269943929220207490e-01 -2.781761045202626548e+01 -1.101594517991280320e+01 -1.225869210956087230e+01 -1.030666957097812109e+01 8.420753489408976833e+00 -2.904715096955848352e+01 -1.647744865923353430e+01
-1.172752767077990477e+01 1.161483758662034052e+04 1.002158780652751302e+05 -2.781761045202626548e+01 1.256617955613208687e+04 4.195647059867902499e+03 3.512402024503124267e+03 2.876931953817982048e+03 1.330500001062608362e+03 1.561201540167633902e+04 4.721174454181748843e+03
-5.884892816671171367e+00 3.876368605301639946e+03 3.346048433244528132e+04 -1.101594517991280320e+01 4.195647059867902499e+03 1.660213531974204898e+03 1.174528315526493088e+03 8.689320186300827800e+02 2.143089803639040838e+02 5.210397985956959928e+03 1.578735304299693098e+03
-3.371771517248193017e+00 2.808527979770237380e+03 2.801157276413905856e+04 -1.225869210956087230e+01 3.512402024503124267e+03 1.174528315526493088e+03 1.460495076227224672e+03 1.218561820669151984e+03 -4.829328540496151163e+02 3.775066310588879332e+03 1.963115838175620638e+03
7.504371454845765350e-03 2.280001370889261125e+03 2.294366880546634275e+04 -1.030666957097812109e+01 2.876931953817982048e+03 8.689320186300827800e+02 1.218561820669151984e+03 1.231532259858622865e+03 -5.932706820855084970e+02 3.064650388152677351e+03 1.637922680390848427e+03
2.553795842596612520e+00 2.011792352092829788e+03 1.061080062374824593e+04 8.420753489408976833e+00 1.330500001062608362e+03 2.143089803639040838e+02 -4.829328540496151163e+02 -5.932706820855084970e+02 2.292082149603262224e+03 2.704138818267109855e+03 -6.491313459331761351e+02
-1.445476631391643885e+01 1.496863072617532998e+04 1.245065634195962630e+05 -2.904715096955848352e+01 1.561201540167633902e+04 5.210397985956959928e+03 3.775066310588879332e+03 3.064650388152677351e+03 2.704138818267109855e+03 2.011999665912278215e+04 5.074233104314311277e+03
-4.532146787730461313e+00 3.775066310588879332e+03 3.765159023167763371e+04 -1.647744865923353430e+01 4.721174454181748843e+03 1.578735304299693098e+03 1.963115838175620638e+03 1.637922680390848427e+03 -6.491313459331761351e+02 5.074233104314311277e+03 2.638710569330526141e+03
