2.014343246232072726e+00 -3.552698798581404915e+00 -7.718774625031371350e+00 -5.879781372466628443e-03 -3.118766025756888993e+00 3.767013740728267113e+00 1.103432590606664876e+00 -1.392798195151279290e-02 -4.708611746580898760e+00 -8.338359596112791650e+00 2.589810803612894397e+00
-3.552698798581404915e+00 2.826652382258601392e+03 1.351397239253239968e+04 -8.995410821386863987e+00 5.460312033747866735e+03 -1.335684831541352651e+02 1.808961950622492850e+03 3.324296826486508508e+03 -6.846525097575765884e+00 6.634292787751237483e+03 4.245723067207088206e+03
-7.718774625031371350e+00 1.351397239253239968e+04 6.691022220875538187e+04 -5.022540794571948908e+01 2.703503314163180767e+04 1.936906839261300775e+02 9.487110300108168303e+03 1.708924825802517080e+04 -1.753204950727630148e+03 3.171796084314010659e+04 2.226671657104029146e+04
-5.879781372466628443e-03 -8.995410821386863987e+00 -5.022540794571948908e+01 1.006897572896330584e-01 -2.029354444718651962e+01 -5.457589514514055828e+00 -8.387712417355366767e+00 -1.535591389494216230e+01 1.321467104666012027e+01 -2.111267360279412131e+01 -1.968637542608919233e+01
-3.118766025756888993e+00 5.460312033747866735e+03 2.703503314163180767e+04 -2.029354444718651962e+01 1.092348811350219694e+04 7.826059884887155249e+01 3.833260941527395062e+03 6.904899995397549901e+03 -7.083813561269611228e+02 1.281562210186573066e+04 8.996852806365741344e+03
3.767013740728267113e+00 -1.335684831541352651e+02 1.936906839261300775e+02 -5.457589514514055828e+00 7.826059884887155249e+01 7.019675867930428694e+02 2.178336873426945033e+02 3.284350616747728395e+02 -1.244807773842571805e+03 -3.134918287165891684e+02 5.112664259452196802e+02
1.103432590606664876e+00 1.808961950622492850e+03 9.487110300108168303e+03 -8.387712417355366767e+00 3.833260941527395062e+03 2.178336873426945033e+02 1.463303591854110209e+03 2.563338712361151920e+03 -6.313918108478151225e+02 4.245723067207088206e+03 3.434445822436488925e+03
-1.392798195151279290e-02 3.324296826486508508e+03 1.708924825802517080e+04 -1.535591389494216230e+01 6.904899995397549901e+03 3.284350616747728395e+02 2.563338712361151920e+03 4.658165002400413869e+03 -1.156031697188213684e+03 7.802288883743642145e+03 6.016282595878572465e+03
-4.708611746580898760e+00 -6.846525097575765884e+00 -1.753204950727630148e+03 1.321467104666012027e+01 -7.083813561269611228e+02 -1.244807773842571805e+03 -6.313918108478151225e+02 -1.156031697188213684e+03 2.690670320608352995e+03 -1.606913264648104445e+01 -1.481907773040636130e+03
-8.338359596112791650e+00 6.634292787751237483e+03 3.171796084314010659e+04 -2.111267360279412131e+01 1.281562210186573066e+04 -3.134918287165891684e+02 4.245723067207088206e+03 7.802288883743642145e+03 -1.606913264648104445e+01 1.557101293029862063e+04 9.964921792418726909e+03
2.589810803612894397e+00 4.245723067207088206e+03 2.226671657104029146e+04 -1.968637542608919233e+01 8.996852806365741344e+03 5.112664259452196802e+02 3.434445822436488925e+03 6.016282595878572465e+03 -1.481907773040636130e+03 9.964921792418726909e+03 8.060814018986869087e+03
