6.492408222364109527e+00 3.209182525800139629e+00 1.295924444331422265e+01 -2.716536177911454096e-03 2.669596576557558887e+00 -4.797996728997362959e-01 -3.347363820997877881e-01 4.639010566033808125e+00 6.715232208422532878e+00 5.077906803414908410e+00 -5.296551811403168442e-01
3.209182525800139629e+00 2.384686503045971403e+04 1.491813647745509224e+05 -8.265256674250308322e+01 3.073127159768883212e+04 7.887340770426416384e+03 9.308302317642977869e+03 1.003744443788940043e+04 2.321489450270087787e+02 3.773302303772740561e+04 1.472857691546144997e+04
1.295924444331422265e+01 1.491813647745509224e+05 9.799881677280047443e+05 -6.456432082808616997e+02 2.018769743156843469e+05 5.515210241959268751e+04 6.865594973953071167e+04 7.410824480818981829e+04 -1.852070228545783539e+04 2.360504773540552706e+05 1.086346792288959405e+05
-2.716536177911454096e-03 -8.265256674250308322e+01 -6.456432082808616997e+02 8.520240223676096569e-01 -1.330021133595844844e+02 -5.361959036052847694e+01 -6.094314712383012278e+01 -6.959002563156613519e+01 8.402324587652505272e+01 -1.307816017341734209e+02 -9.643067008924829508e+01
2.669596576557558887e+00 3.073127159768883212e+04 2.018769743156843469e+05 -1.330021133595844844e+02 4.158653553270942939e+04 1.136129999347739613e+04 1.414308443572250326e+04 1.526625394713513924e+04 -3.815253553783251846e+03 4.862625664602489269e+04 2.237867871336516691e+04
-4.797996728997362959e-01 7.887340770426416384e+03 5.515210241959268751e+04 -5.361959036052847694e+01 1.136129999347739613e+04 4.359081722229811021e+03 4.374732934750718414e+03 4.522565284200793030e+03 -3.804478209355201216e+03 1.248018180237795605e+04 6.922163496124397170e+03
-3.347363820997877881e-01 9.308302317642977869e+03 6.865594973953071167e+04 -6.094314712383012278e+01 1.414308443572250326e+04 4.374732934750718414e+03 5.958669759508931747e+03 6.442000989420845144e+03 -4.364356925192671952e+03 1.472857691546144997e+04 9.428435269062523730e+03
4.639010566033808125e+00 1.003744443788940043e+04 7.410824480818981829e+04 -6.959002563156613519e+01 1.526625394713513924e+04 4.522565284200793030e+03 6.442000989420845144e+03 7.823780335124007252e+03 -5.812969448473697412e+03 1.588230242134633409e+04 1.019321287860677148e+04
6.715232208422532878e+00 2.321489450270087787e+02 -1.852070228545783539e+04 8.402324587652505272e+01 -3.815253553783251846e+03 -3.804478209355201216e+03 -4.364356925192671952e+03 -5.812969448473697412e+03 1.330644821879241681e+04 3.673305266624964247e+02 -6.905745480289052466e+03
5.077906803414908410e+00 3.773302303772740561e+04 2.360504773540552706e+05 -1.307816017341734209e+02 4.862625664602489269e+04 1.248018180237795605e+04 1.472857691546144997e+04 1.588230242134633409e+04 3.673305266624964247e+02 5.970516567888753343e+04 2.330510661901176354e+04
-5.296551811403168442e-01 1.472857691546144997e+04 1.086346792288959405e+05 -9.643067008924829508e+01 2.237867871336516691e+04 6.922163496124397170e+03 9.428435269062523730e+03 1.019321287860677148e+04 -6.905745480289052466e+03 2.330510661901176354e+04 1.491866393183504260e+04
