0.0421785673997162810500149987547047203406691551208496093750000000 0.3885491846275858640602507421135669574141502380371093750000000000 5.0139477304719859418469241063576191663742065429687500000000000000 -0.0011535999056532088378329570232949663477484136819839477539062500 0.3874713145308095185725960618583485484123229980468750000000000000 0.1710421083834241795518238404838484711945056915283203125000000000 0.1115776539962464314337253767916990909725427627563476562500000000 0.1270807873298490375812974662039778195321559906005859375000000000 0.0319445521654186659343821474976721219718456268310546875000000000 0.4751025849821075008883042301022214815020561218261718750000000000 0.1364327450350085180197368117660516873002052307128906250000000000
0.3885491846275858640602507421135669574141502380371093750000000000 290.0267407285533067806682083755731582641601562500000000000000000000 3643.1929751928823861817363649606704711914062500000000000000000000000 -0.4118361532321034856884978125890484079718589782714843750000000000 281.5411821324497054774838034063577651977539062500000000000000000000 84.0199468082886085085192462429404258728027343750000000000000000000 71.6886519344315615853702183812856674194335937500000000000000000000 61.9620921236510469043423654511570930480957031250000000000000000000 60.7295217066546584305797296110540628433227539062500000000000000000 354.6332348275075787569221574813127517700195312500000000000000000000 87.6580499855536174891312839463353157043457031250000000000000000000
5.0139477304719859418469241063576191663742065429687500000000000000 3643.1929751928823861817363649606704711914062500000000000000000000000 47153.7885857921646675094962120056152343750000000000000000000000000000 -6.2517686618155812183772468415554612874984741210937500000000000000 3643.9830310566194384591653943061828613281250000000000000000000000000 1085.3753739710928130079992115497589111328125000000000000000000000000 1062.6485865381750954838935285806655883789062500000000000000000000000 902.3619307282318686702637933194637298583984375000000000000000000000 596.4944108703786014302750118076801300048828125000000000000000000000 4454.7523674816284255939535796642303466796875000000000000000000000000 1299.3646888637069878313923254609107971191406250000000000000000000000
-0.0011535999056532088378329570232949663477484136819839477539062500 -0.4118361532321034856884978125890484079718589782714843750000000000 -6.2517686618155812183772468415554612874984741210937500000000000000 0.0017074718379124292303578025453703048697207123041152954101562500 -0.4831284951006403205475692175241420045495033264160156250000000000 -0.1693285796867957104794299993955064564943313598632812500000000000 -0.2276274147230132605113084309778059832751750946044921875000000000 -0.1854067464636772188946167716494528576731681823730468750000000000 0.0847290520617836745431716849452641326934099197387695312500000000 -0.5035769697398773114827008612337522208690643310546875000000000000 -0.2783338054134724681709656124439788982272148132324218750000000000
0.3874713145308095185725960618583485484123229980468750000000000000 281.5411821324497054774838034063577651977539062500000000000000000000 3643.9830310566194384591653943061828613281250000000000000000000000000 -0.4831284951006403205475692175241420045495033264160156250000000000 281.6022366149714457606023643165826797485351562500000000000000000000 83.8763875331344195274141384288668632507324218750000000000000000000 82.1200911624768110641525709070265293121337890625000000000000000000 69.7333483069465387416130397468805313110351562500000000000000000000 46.0963069250962220735345908906310796737670898437500000000000000000 344.2574291804307904385495930910110473632812500000000000000000000000 100.4132015555620540681047714315354824066162109375000000000000000000
0.1710421083834241795518238404838484711945056915283203125000000000 84.0199468082886085085192462429404258728027343750000000000000000000 1085.3753739710928130079992115497589111328125000000000000000000000000 -0.1693285796867957104794299993955064564943313598632812500000000000 83.8763875331344195274141384288668632507324218750000000000000000000 30.0555095897915478531103872228413820266723632812500000000000000000 24.2627295414710850707251665880903601646423339843750000000000000000 19.0244525448600327877102245111018419265747070312500000000000000000 10.3353441722384911116705552558414638042449951171875000000000000000 102.7362699446597815722270752303302288055419921875000000000000000000 29.6675066630837527270614373264834284782409667968750000000000000000
0.1115776539962464314337253767916990909725427627563476562500000000 71.6886519344315615853702183812856674194335937500000000000000000000 1062.6485865381750954838935285806655883789062500000000000000000000000 -0.2276274147230132605113084309778059832751750946044921875000000000 82.1200911624768110641525709070265293121337890625000000000000000000 24.2627295414710850707251665880903601646423339843750000000000000000 36.6361712368326024602538382168859243392944335937500000000000000000 29.7859452670941067253806977532804012298583984375000000000000000000 -4.3995878017778604629484107135795056819915771484375000000000000000 87.6580499855536174891312839463353157043457031250000000000000000000 44.7972620896102142751260544173419475555419921875000000000000000000
0.1270807873298490375812974662039778195321559906005859375000000000 61.9620921236510469043423654511570930480957031250000000000000000000 902.3619307282318686702637933194637298583984375000000000000000000000 -0.1854067464636772188946167716494528576731681823730468750000000000 69.7333483069465387416130397468805313110351562500000000000000000000 19.0244525448600327877102245111018419265747070312500000000000000000 29.7859452670941067253806977532804012298583984375000000000000000000 27.9946546641363376295430498430505394935607910156250000000000000000 -4.6753815006598289372163890220690518617630004882812500000000000000 75.7647971055761928482752409763634204864501953125000000000000000000 36.4210765391148996172887564171105623245239257812500000000000000000
0.0319445521654186659343821474976721219718456268310546875000000000 60.7295217066546584305797296110540628433227539062500000000000000000 596.4944108703786014302750118076801300048828125000000000000000000000 0.0847290520617836745431716849452641326934099197387695312500000000 46.0963069250962220735345908906310796737670898437500000000000000000 10.3353441722384911116705552558414638042449951171875000000000000000 -4.3995878017778604629484107135795056819915771484375000000000000000 -4.6753815006598289372163890220690518617630004882812500000000000000 41.4262907947795113727806892711669206619262695312500000000000000000 74.2576587188395365046744700521230697631835937500000000000000000000 -5.3796420638068402908515963645186275243759155273437500000000000000
0.4751025849821075008883042301022214815020561218261718750000000000 354.6332348275075787569221574813127517700195312500000000000000000000 4454.7523674816284255939535796642303466796875000000000000000000000000 -0.5035769697398773114827008612337522208690643310546875000000000000 344.2574291804307904385495930910110473632812500000000000000000000000 102.7362699446597815722270752303302288055419921875000000000000000000 87.6580499855536174891312839463353157043457031250000000000000000000 75.7647971055761928482752409763634204864501953125000000000000000000 74.2576587188395365046744700521230697631835937500000000000000000000 433.6315021445899446916882880032062530517578125000000000000000000000 107.1847987084169773197572794742882251739501953125000000000000000000
0.1364327450350085180197368117660516873002052307128906250000000000 87.6580499855536174891312839463353157043457031250000000000000000000 1299.3646888637069878313923254609107971191406250000000000000000000000 -0.2783338054134724681709656124439788982272148132324218750000000000 100.4132015555620540681047714315354824066162109375000000000000000000 29.6675066630837527270614373264834284782409667968750000000000000000 44.7972620896102142751260544173419475555419921875000000000000000000 36.4210765391148996172887564171105623245239257812500000000000000000 -5.3796420638068402908515963645186275243759155273437500000000000000 107.1847987084169773197572794742882251739501953125000000000000000000 54.7763214052148086352644895669072866439819335937500000000000000000
