# A b_HI Tb sigma_NL sigma8tot n_s f DA H omegak omegaDE w0 wa h gamma sigma_8 fs8 bs8 pk0 pk1 pk2 pk3 pk4 pk5 pk6 pk7 pk8 pk9 pk10 pk11 pk12 pk13 pk14 pk15 pk16 pk17 pk18 pk19 pk20 pk21 pk22 pk23 pk24 pk25 pk26 pk27 pk28 pk29 pk30 pk31 pk32 pk33 pk34 pk35 pk36 pk37 pk38 pk39 pk40 pk41 pk42 pk43 pk44 pk45 pk46 pk47 pk48 pk49 pk50 pk51 pk52 pk53 pk54 pk55 pk56 pk57 pk58 pk59 pk60 pk61 pk62 pk63 pk64 pk65 pk66 pk67 pk68 pk69 pk70 pk71 pk72 pk73 pk74 pk75 pk76 pk77 pk78 pk79 pk80 pk81 pk82 pk83 pk84 pk85 pk86 pk87 pk88 pk89
5.079800864472378663e+00 4.710309528195451456e+00 2.376081755735140888e+01 -2.996668395914517825e-03 4.943362239084406973e+00 2.546042158410803391e-01 6.048693862426870460e-01 -2.629757748424743635e+00 6.704282805540936252e+00 9.377659951836156083e+00 -4.396988699617002894e+00 1.239537502524956425e+00 1.851288648329896813e-01 1.439056077758217356e+01 -9.319107565633181212e-01 4.364672062345795744e+00 7.484232717266089630e+00 9.610797810827810261e-01 0.000000000000000000e+00 0.000000000000000000e+00 0.000000000000000000e+00 0.000000000000000000e+00 0.000000000000000000e+00 0.000000000000000000e+00 0.000000000000000000e+00 0.000000000000000000e+00 9.799742956856026646e-20 -1.489988898846046058e-18 2.830182553446500993e-18 -1.239032682567312157e-17 -6.641263140953962187e-17 7.121826758850291430e-17 6.574727042819258453e-17 -4.924513547115302416e-17 -5.482329142136383086e-16 -3.933927438420835043e-16 -7.535258279931743426e-16 7.586881833211009011e-16 -4.169775533803907501e-15 -1.301294339743989883e-15 -1.081218822220284576e-15 -4.879907501102989760e-15 -1.035774208446766698e-14 -8.165058334733766247e-15 -3.238180664781759727e-02 -7.233348597513555855e-01 -1.827685465467630221e+00 -2.274005427789258960e+00 -5.095816352416993045e-01 4.272315973872598427e+00 9.619055800711434401e+00 7.727355797412788441e+00 -7.567834369329457189e+00 -2.027040187862535348e+01 2.348259975053135218e-01 2.405008157325210405e+01 -2.075538670608867431e+00 -1.680807947791394596e+01 1.030910817763220599e+01 -1.893463693855186758e+00 -1.487730505770378686e+00 1.319035446163086212e+00 0.000000000000000000e+00 0.000000000000000000e+00 0.000000000000000000e+00 0.000000000000000000e+00 0.000000000000000000e+00 0.000000000000000000e+00 0.000000000000000000e+00 0.000000000000000000e+00 0.000000000000000000e+00 0.000000000000000000e+00 0.000000000000000000e+00 0.000000000000000000e+00 0.000000000000000000e+00 0.000000000000000000e+00 0.000000000000000000e+00 0.000000000000000000e+00 0.000000000000000000e+00 0.000000000000000000e+00 0.000000000000000000e+00 0.000000000000000000e+00 0.000000000000000000e+00 0.000000000000000000e+00 0.000000000000000000e+00 0.000000000000000000e+00 0.000000000000000000e+00 0.000000000000000000e+00 0.000000000000000000e+00 0.000000000000000000e+00 0.000000000000000000e+00 0.000000000000000000e+00 0.000000000000000000e+00 0.000000000000000000e+00 0.000000000000000000e+00 0.000000000000000000e+00 0.000000000000000000e+00 0.000000000000000000e+00 0.000000000000000000e+00 0.000000000000000000e+00 0.000000000000000000e+00 0.000000000000000000e+00 0.000000000000000000e+00 0.000000000000000000e+00 0.000000000000000000e+00 0.000000000000000000e+00 0.000000000000000000e+00 0.000000000000000000e+00
4.710309528195451456e+00 1.671733205363820889e+04 1.054596611269706918e+05 -5.609088235337350170e+01 2.194054582942627167e+04 4.950798018273264461e+03 6.890782049476370958e+03 -5.719444766682301633e+03 2.771012281877793271e+02 1.664608325302808589e+04 1.443288220123004294e+03 -1.497820233271629149e+03 -3.961679960486748655e+02 1.195495948507395042e+04 -3.307439026792500499e+03 1.549063214098930439e+04 2.656224665328377523e+04 1.094879564783052228e+04 0.000000000000000000e+00 0.000000000000000000e+00 0.000000000000000000e+00 0.000000000000000000e+00 0.000000000000000000e+00 0.000000000000000000e+00 0.000000000000000000e+00 0.000000000000000000e+00 2.022549642128515350e-04 2.765342166917483368e-03 1.148870325733368850e-02 3.133674204388304380e-02 6.886172304141209566e-02 1.335117041614250488e-01 2.394719388836084595e-01 4.109420234289677953e-01 6.740227166813222981e-01 1.075444663628230213e+00 1.684959310033725233e+00 2.599794747087091462e+00 3.946878067793133216e+00 5.922482407052028108e+00 8.869008226000710593e+00 1.312069360316595912e+01 1.927280117470047571e+01 2.818636930291525644e+01 4.110065672273384507e+01 5.940528294120556296e+01 8.549689165387249545e+01 1.229254666092742241e+02 1.759835384083661154e+02 2.498400960451567414e+02 3.504213015860902374e+02 4.808424395750411122e+02 6.331151207313923805e+02 8.022316916265219788e+02 9.833169350279254104e+02 1.109374136946759791e+03 1.071361653008556232e+03 9.351707696877009539e+02 7.973954861473227993e+02 5.982164180246220440e+02 4.032765194607829926e+02 1.650752054471336976e+02 0.000000000000000000e+00 0.000000000000000000e+00 0.000000000000000000e+00 0.000000000000000000e+00 0.000000000000000000e+00 0.000000000000000000e+00 0.000000000000000000e+00 0.000000000000000000e+00 0.000000000000000000e+00 0.000000000000000000e+00 0.000000000000000000e+00 0.000000000000000000e+00 0.000000000000000000e+00 0.000000000000000000e+00 0.000000000000000000e+00 0.000000000000000000e+00 0.000000000000000000e+00 0.000000000000000000e+00 0.000000000000000000e+00 0.000000000000000000e+00 0.000000000000000000e+00 0.000000000000000000e+00 0.000000000000000000e+00 0.000000000000000000e+00 0.000000000000000000e+00 0.000000000000000000e+00 0.000000000000000000e+00 0.000000000000000000e+00 0.000000000000000000e+00 0.000000000000000000e+00 0.000000000000000000e+00 0.000000000000000000e+00 0.000000000000000000e+00 0.000000000000000000e+00 0.000000000000000000e+00 0.000000000000000000e+00 0.000000000000000000e+00 0.000000000000000000e+00 0.000000000000000000e+00 0.000000000000000000e+00 0.000000000000000000e+00 0.000000000000000000e+00 0.000000000000000000e+00 0.000000000000000000e+00 0.000000000000000000e+00 0.000000000000000000e+00
2.376081755735140888e+01 1.054596611269706918e+05 6.986179273580050794e+05 -4.411048663657405200e+02 1.453452295281180996e+05 3.544538634434358391e+04 5.095420870213176386e+04 -4.220002304777973768e+04 -1.375736902885964446e+04 1.008528123131656466e+05 1.617682688024461822e+04 -1.152989911499015943e+04 -2.970559025929620020e+03 6.683920607525558444e+04 -2.086465698261612852e+04 9.772114419870979327e+04 1.675653460634994553e+05 8.096137919772720488e+04 0.000000000000000000e+00 0.000000000000000000e+00 0.000000000000000000e+00 0.000000000000000000e+00 0.000000000000000000e+00 0.000000000000000000e+00 0.000000000000000000e+00 0.000000000000000000e+00 1.685565491191886841e-03 2.189333363696162674e-02 8.678893026193044979e-02 2.274234859355276639e-01 4.833404911428562101e-01 9.113670075902530199e-01 1.596671053267095797e+00 2.683733760609891217e+00 4.325658281589214837e+00 6.797777863078636074e+00 1.051126099612524456e+01 1.603247826643586293e+01 2.410172846946489500e+01 3.586654780021607536e+01 5.330849835727314456e+01 7.837577655364168550e+01 1.145141190833871008e+02 1.667222719835006899e+02 2.421937954905484958e+02 3.490505590800895561e+02 5.011867813790029231e+02 7.195299125520273265e+02 1.028960128861781641e+03 1.460583249400663590e+03 2.051002779029742214e+03 2.825669820169795457e+03 3.751587359718074822e+03 4.818085361337492941e+03 6.022923824258720742e+03 7.017010351220363191e+03 7.146422477137848546e+03 6.662592557093908908e+03 6.035211001857795964e+03 4.758225408576870905e+03 3.323971275092696942e+03 1.388738105722715318e+03 0.000000000000000000e+00 0.000000000000000000e+00 0.000000000000000000e+00 0.000000000000000000e+00 0.000000000000000000e+00 0.000000000000000000e+00 0.000000000000000000e+00 0.000000000000000000e+00 0.000000000000000000e+00 0.000000000000000000e+00 0.000000000000000000e+00 0.000000000000000000e+00 0.000000000000000000e+00 0.000000000000000000e+00 0.000000000000000000e+00 0.000000000000000000e+00 0.000000000000000000e+00 0.000000000000000000e+00 0.000000000000000000e+00 0.000000000000000000e+00 0.000000000000000000e+00 0.000000000000000000e+00 0.000000000000000000e+00 0.000000000000000000e+00 0.000000000000000000e+00 0.000000000000000000e+00 0.000000000000000000e+00 0.000000000000000000e+00 0.000000000000000000e+00 0.000000000000000000e+00 0.000000000000000000e+00 0.000000000000000000e+00 0.000000000000000000e+00 0.000000000000000000e+00 0.000000000000000000e+00 0.000000000000000000e+00 0.000000000000000000e+00 0.000000000000000000e+00 0.000000000000000000e+00 0.000000000000000000e+00 0.000000000000000000e+00 0.000000000000000000e+00 0.000000000000000000e+00 0.000000000000000000e+00 0.000000000000000000e+00 0.000000000000000000e+00
-2.996668395914517825e-03 -5.609088235337350170e+01 -4.411048663657405200e+02 5.817791665422311631e-01 -9.177045926999825554e+01 -3.573323023528623565e+01 -4.271163215617091424e+01 3.736131089404764083e+01 6.549733926931459393e+01 -3.159578460490418195e+01 -3.908447649050931005e+01 1.565097095871227850e+01 3.559710070909257063e+00 1.292461551020741872e+01 1.109729547439359365e+01 -5.197499351043406079e+01 -8.912306385314519730e+01 -6.786471098715972516e+01 0.000000000000000000e+00 0.000000000000000000e+00 0.000000000000000000e+00 0.000000000000000000e+00 0.000000000000000000e+00 0.000000000000000000e+00 0.000000000000000000e+00 0.000000000000000000e+00 -1.074077221368841742e-09 -1.517408033780982183e-08 -6.748341859617513068e-08 -2.039203588216866945e-07 -5.085823862897458753e-07 -1.137483974217988384e-06 -2.386251567853370120e-06 -4.860117232165295195e-06 -9.528938889489416782e-06 -1.828009654927492041e-05 -3.474536218319527325e-05 -6.545827108643717496e-05 -1.217015388331171014e-04 -2.245081026234823837e-04 -4.166356669500286772e-04 -7.651182648938234174e-04 -1.397498342050903499e-03 -2.551610334832294432e-03 -4.672565474480681359e-03 -8.485884630446137097e-03 -1.536163589650560782e-02 -2.799343236481121114e-02 -5.082307853441560275e-02 -9.170423894404873544e-02 -1.644014570367723638e-01 -2.935125820151260334e-01 -5.107472517663877998e-01 -8.732705767588200274e-01 -1.482429986779433717e+00 -2.419931393614235038e+00 -3.596580933256792179e+00 -4.946930185887187470e+00 -6.455019199542092245e+00 -7.082815515141083651e+00 -6.710256329077177284e+00 -3.534394165787750008e+00 0.000000000000000000e+00 0.000000000000000000e+00 0.000000000000000000e+00 0.000000000000000000e+00 0.000000000000000000e+00 0.000000000000000000e+00 0.000000000000000000e+00 0.000000000000000000e+00 0.000000000000000000e+00 0.000000000000000000e+00 0.000000000000000000e+00 0.000000000000000000e+00 0.000000000000000000e+00 0.000000000000000000e+00 0.000000000000000000e+00 0.000000000000000000e+00 0.000000000000000000e+00 0.000000000000000000e+00 0.000000000000000000e+00 0.000000000000000000e+00 0.000000000000000000e+00 0.000000000000000000e+00 0.000000000000000000e+00 0.000000000000000000e+00 0.000000000000000000e+00 0.000000000000000000e+00 0.000000000000000000e+00 0.000000000000000000e+00 0.000000000000000000e+00 0.000000000000000000e+00 0.000000000000000000e+00 0.000000000000000000e+00 0.000000000000000000e+00 0.000000000000000000e+00 0.000000000000000000e+00 0.000000000000000000e+00 0.000000000000000000e+00 0.000000000000000000e+00 0.000000000000000000e+00 0.000000000000000000e+00 0.000000000000000000e+00 0.000000000000000000e+00 0.000000000000000000e+00 0.000000000000000000e+00 0.000000000000000000e+00 0.000000000000000000e+00
4.943362239084406973e+00 2.194054582942627167e+04 1.453452295281180996e+05 -9.177045926999825554e+01 3.023861100511918266e+04 7.374299473553880489e+03 1.060086045493048368e+04 -8.779580076290088982e+03 -2.862176707609673031e+03 2.098210564055790746e+04 3.365537189744780335e+03 -2.398758702974884727e+03 -6.180153221709565514e+02 1.390568344735147548e+04 -4.340825277175795236e+03 2.033057208684160651e+04 3.486143531509647437e+04 1.684375648204131357e+04 0.000000000000000000e+00 0.000000000000000000e+00 0.000000000000000000e+00 0.000000000000000000e+00 0.000000000000000000e+00 0.000000000000000000e+00 0.000000000000000000e+00 0.000000000000000000e+00 3.506765194652897545e-04 4.554838171178508290e-03 1.805615987715115944e-02 4.731473022513078136e-02 1.005574461724221824e-01 1.896069964930619522e-01 3.321823154404755507e-01 5.583422413784051574e-01 8.999393963098318849e-01 1.414255983276554884e+00 2.186834294232018916e+00 3.335505921458495671e+00 5.014287666030095458e+00 7.461920769937838038e+00 1.109066290187921133e+01 1.630583010618330420e+01 2.382429690192579130e+01 3.468603644417140686e+01 5.038764597551020330e+01 7.261885451218262233e+01 1.042703098837895652e+02 1.496959012885869242e+02 2.140718699708643271e+02 3.038696822909859065e+02 4.267045805827476670e+02 5.878715854550259792e+02 7.805057736710284644e+02 1.002387278233704592e+03 1.253050074133950147e+03 1.459866602559519833e+03 1.486790382223078495e+03 1.386131111930230190e+03 1.255606382208013883e+03 9.899336061579853094e+02 6.915416123807016220e+02 2.889225295062854570e+02 0.000000000000000000e+00 0.000000000000000000e+00 0.000000000000000000e+00 0.000000000000000000e+00 0.000000000000000000e+00 0.000000000000000000e+00 0.000000000000000000e+00 0.000000000000000000e+00 0.000000000000000000e+00 0.000000000000000000e+00 0.000000000000000000e+00 0.000000000000000000e+00 0.000000000000000000e+00 0.000000000000000000e+00 0.000000000000000000e+00 0.000000000000000000e+00 0.000000000000000000e+00 0.000000000000000000e+00 0.000000000000000000e+00 0.000000000000000000e+00 0.000000000000000000e+00 0.000000000000000000e+00 0.000000000000000000e+00 0.000000000000000000e+00 0.000000000000000000e+00 0.000000000000000000e+00 0.000000000000000000e+00 0.000000000000000000e+00 0.000000000000000000e+00 0.000000000000000000e+00 0.000000000000000000e+00 0.000000000000000000e+00 0.000000000000000000e+00 0.000000000000000000e+00 0.000000000000000000e+00 0.000000000000000000e+00 0.000000000000000000e+00 0.000000000000000000e+00 0.000000000000000000e+00 0.000000000000000000e+00 0.000000000000000000e+00 0.000000000000000000e+00 0.000000000000000000e+00 0.000000000000000000e+00 0.000000000000000000e+00 0.000000000000000000e+00
2.546042158410803391e-01 4.950798018273264461e+03 3.544538634434358391e+04 -3.573323023528623565e+01 7.374299473553880489e+03 2.804835396103270796e+03 2.986736498264011971e+03 -2.374650273574551193e+03 -3.133084931466786657e+03 3.596531705515965768e+03 2.182173555488965121e+03 -1.000079540380682261e+03 -2.304926331839397164e+02 5.711872640511204509e+02 -9.794901798244998190e+02 4.587513764716998594e+03 7.866345997676318802e+03 4.745639513572271426e+03 0.000000000000000000e+00 0.000000000000000000e+00 0.000000000000000000e+00 0.000000000000000000e+00 0.000000000000000000e+00 0.000000000000000000e+00 0.000000000000000000e+00 0.000000000000000000e+00 -4.159039535220820580e-04 -5.216881339698323759e-03 -1.985164416817550292e-02 -4.970432107781448672e-02 -1.006445310230097978e-01 -1.804088450654944553e-01 -2.996578755397965033e-01 -4.754272875355573524e-01 -7.214173536724449720e-01 -1.063490967615251082e+00 -1.534734196418049201e+00 -2.172792547318348699e+00 -3.016389508506813311e+00 -4.118362786874224746e+00 -5.558466634618408619e+00 -7.355980764292970875e+00 -9.561267931047536806e+00 -1.218523758391665979e+01 -1.515276561352957430e+01 -1.821306100878739898e+01 -2.096524971989344621e+01 -2.253685284267137945e+01 -2.147703696369428883e+01 -1.534549688458769268e+01 -3.140974668365879574e-01 2.931679618991234548e+01 7.775124941754337726e+01 1.496294507941412633e+02 2.498874612150857502e+02 3.637856669072500040e+02 4.434344114222625421e+02 4.824008205351164520e+02 5.002963707192286620e+02 4.427629054610114281e+02 3.435041047943590797e+02 1.552730955713344088e+02 0.000000000000000000e+00 0.000000000000000000e+00 0.000000000000000000e+00 0.000000000000000000e+00 0.000000000000000000e+00 0.000000000000000000e+00 0.000000000000000000e+00 0.000000000000000000e+00 0.000000000000000000e+00 0.000000000000000000e+00 0.000000000000000000e+00 0.000000000000000000e+00 0.000000000000000000e+00 0.000000000000000000e+00 0.000000000000000000e+00 0.000000000000000000e+00 0.000000000000000000e+00 0.000000000000000000e+00 0.000000000000000000e+00 0.000000000000000000e+00 0.000000000000000000e+00 0.000000000000000000e+00 0.000000000000000000e+00 0.000000000000000000e+00 0.000000000000000000e+00 0.000000000000000000e+00 0.000000000000000000e+00 0.000000000000000000e+00 0.000000000000000000e+00 0.000000000000000000e+00 0.000000000000000000e+00 0.000000000000000000e+00 0.000000000000000000e+00 0.000000000000000000e+00 0.000000000000000000e+00 0.000000000000000000e+00 0.000000000000000000e+00 0.000000000000000000e+00 0.000000000000000000e+00 0.000000000000000000e+00 0.000000000000000000e+00 0.000000000000000000e+00 0.000000000000000000e+00 0.000000000000000000e+00 0.000000000000000000e+00 0.000000000000000000e+00
6.048693862426870460e-01 6.890782049476370958e+03 5.095420870213176386e+04 -4.271163215617091424e+01 1.060086045493048368e+04 2.986736498264011971e+03 4.520686405303091306e+03 -3.731425066110464286e+03 -3.366967435985251996e+03 5.928023217792303512e+03 2.182673748093282938e+03 -1.084616260649015430e+03 -2.691275831626248873e+02 3.001994486257683548e+03 -1.363306142537222058e+03 6.385143846499139727e+03 1.094879564783052047e+04 7.182939655354542992e+03 0.000000000000000000e+00 0.000000000000000000e+00 0.000000000000000000e+00 0.000000000000000000e+00 0.000000000000000000e+00 0.000000000000000000e+00 0.000000000000000000e+00 0.000000000000000000e+00 1.753425975512910981e-04 2.138594502301300552e-03 7.949168523427271524e-03 1.959356733968249664e-02 3.937052749305178234e-02 7.055143386792045446e-02 1.180138487865050601e-01 1.898962490789237456e-01 2.943638597356523778e-01 4.463091690694784841e-01 6.680056841307052684e-01 9.889818090693096586e-01 1.447993583477328094e+00 2.105595047473985737e+00 3.062859783525999191e+00 4.421566410030674632e+00 6.357609505314433029e+00 9.128682393191159150e+00 1.310546218546024910e+01 1.871606252982188678e+01 2.667338626412193037e+01 3.811129088712869617e+01 5.430546208521002427e+01 7.704925061807271902e+01 1.086100138330783835e+02 1.515737271734752767e+02 2.065534866563669141e+02 2.761820583410677159e+02 3.648518858319374090e+02 4.614603019835898863e+02 5.286846331556520227e+02 5.568114959404274487e+02 5.542999554102382262e+02 4.676006530353798780e+02 3.413356855410677895e+02 1.460340371052423336e+02 0.000000000000000000e+00 0.000000000000000000e+00 0.000000000000000000e+00 0.000000000000000000e+00 0.000000000000000000e+00 0.000000000000000000e+00 0.000000000000000000e+00 0.000000000000000000e+00 0.000000000000000000e+00 0.000000000000000000e+00 0.000000000000000000e+00 0.000000000000000000e+00 0.000000000000000000e+00 0.000000000000000000e+00 0.000000000000000000e+00 0.000000000000000000e+00 0.000000000000000000e+00 0.000000000000000000e+00 0.000000000000000000e+00 0.000000000000000000e+00 0.000000000000000000e+00 0.000000000000000000e+00 0.000000000000000000e+00 0.000000000000000000e+00 0.000000000000000000e+00 0.000000000000000000e+00 0.000000000000000000e+00 0.000000000000000000e+00 0.000000000000000000e+00 0.000000000000000000e+00 0.000000000000000000e+00 0.000000000000000000e+00 0.000000000000000000e+00 0.000000000000000000e+00 0.000000000000000000e+00 0.000000000000000000e+00 0.000000000000000000e+00 0.000000000000000000e+00 0.000000000000000000e+00 0.000000000000000000e+00 0.000000000000000000e+00 0.000000000000000000e+00 0.000000000000000000e+00 0.000000000000000000e+00 0.000000000000000000e+00 0.000000000000000000e+00
-2.629757748424743635e+00 -5.719444766682301633e+03 -4.220002304777973768e+04 3.736131089404764083e+01 -8.779580076290088982e+03 -2.374650273574551193e+03 -3.731425066110464286e+03 3.412405289373118194e+03 3.405808902709994072e+03 -4.815800230636048582e+03 -2.054094957393106142e+03 9.665347855549384803e+02 2.400169355591669387e+02 -2.303546127561320191e+03 1.131563025261097891e+03 -5.299758038370740906e+03 -9.087652391242991143e+03 -5.928878642612196018e+03 -0.000000000000000000e+00 -0.000000000000000000e+00 -0.000000000000000000e+00 -0.000000000000000000e+00 -0.000000000000000000e+00 -0.000000000000000000e+00 -0.000000000000000000e+00 -0.000000000000000000e+00 -1.999278192022518766e-04 -2.487474295429194932e-03 -9.589410908992892710e-03 -2.476240507366001681e-02 -5.222202507860953385e-02 -9.806726229182494148e-02 -1.710812579353185037e-01 -2.858588240197502683e-01 -4.556819287459557000e-01 -7.057410060944991903e-01 -1.068548712850269311e+00 -1.579933894415371132e+00 -2.284223561246280454e+00 -3.233608804528965930e+00 -4.513916736435479748e+00 -6.148730229421055071e+00 -8.266388280272519040e+00 -1.105971849886946679e+01 -1.552337328313130271e+01 -2.441027566381021785e+01 -3.369999849030160277e+01 -4.612042975463636907e+01 -6.265575957198085888e+01 -8.350972857114985004e+01 -1.091342556501293615e+02 -1.405663235541325662e+02 -1.751181674152512073e+02 -2.182988386837506880e+02 -2.791914821187235134e+02 -3.483702052758192735e+02 -3.763850966908142937e+02 -4.017907852731271987e+02 -4.471401891276100287e+02 -4.027698238983253418e+02 -3.148865004899407154e+02 -1.421903555179187322e+02 -0.000000000000000000e+00 -0.000000000000000000e+00 -0.000000000000000000e+00 -0.000000000000000000e+00 -0.000000000000000000e+00 -0.000000000000000000e+00 -0.000000000000000000e+00 -0.000000000000000000e+00 -0.000000000000000000e+00 -0.000000000000000000e+00 -0.000000000000000000e+00 -0.000000000000000000e+00 -0.000000000000000000e+00 -0.000000000000000000e+00 -0.000000000000000000e+00 -0.000000000000000000e+00 -0.000000000000000000e+00 -0.000000000000000000e+00 -0.000000000000000000e+00 -0.000000000000000000e+00 -0.000000000000000000e+00 -0.000000000000000000e+00 -0.000000000000000000e+00 -0.000000000000000000e+00 -0.000000000000000000e+00 -0.000000000000000000e+00 -0.000000000000000000e+00 -0.000000000000000000e+00 -0.000000000000000000e+00 -0.000000000000000000e+00 -0.000000000000000000e+00 -0.000000000000000000e+00 -0.000000000000000000e+00 -0.000000000000000000e+00 -0.000000000000000000e+00 -0.000000000000000000e+00 -0.000000000000000000e+00 -0.000000000000000000e+00 -0.000000000000000000e+00 -0.000000000000000000e+00 -0.000000000000000000e+00 -0.000000000000000000e+00 -0.000000000000000000e+00 -0.000000000000000000e+00 -0.000000000000000000e+00 -0.000000000000000000e+00
6.704282805540936252e+00 2.771012281877793271e+02 -1.375736902885964446e+04 6.549733926931459393e+01 -2.862176707609673031e+03 -3.133084931466786657e+03 -3.366967435985251996e+03 3.405808902709994072e+03 1.175295459241006574e+04 4.336066613400329516e+03 -5.891486554524417443e+03 1.793425578304618739e+03 3.803908156907875764e+02 8.997469275055267644e+03 -5.482306707432647386e+01 2.567678369910137803e+02 4.402874302810661220e+02 -5.349790218993171038e+03 0.000000000000000000e+00 0.000000000000000000e+00 0.000000000000000000e+00 0.000000000000000000e+00 0.000000000000000000e+00 0.000000000000000000e+00 0.000000000000000000e+00 0.000000000000000000e+00 3.031088929038817047e-04 4.042024047194728992e-03 1.616125644594234093e-02 4.207703782454930153e-02 8.787619317176342815e-02 1.619636976559855057e-01 2.762418607844146501e-01 4.505920543155878533e-01 7.025879085085787734e-01 1.067104136124513047e+00 1.590476481256462238e+00 2.327034014787421778e+00 3.347693935437844104e+00 4.747380548081022056e+00 6.685723517425652851e+00 9.267393577456402909e+00 1.275668010139513520e+01 1.753755977938646993e+01 2.478755124591299719e+01 3.723631823837349941e+01 5.174695504575630878e+01 7.142844626120846385e+01 9.775948489109461548e+01 1.313803582521250917e+02 1.723931565391388858e+02 2.185835772664025569e+02 2.588115774709998504e+02 2.854465435192736891e+02 2.878866539341826183e+02 2.165626149535510763e+02 -2.744542442191249876e+01 -3.540582193597904848e+02 -6.093792076075750401e+02 -8.304853987399059179e+02 -8.446178106495623297e+02 -4.428415687165659165e+02 0.000000000000000000e+00 0.000000000000000000e+00 0.000000000000000000e+00 0.000000000000000000e+00 0.000000000000000000e+00 0.000000000000000000e+00 0.000000000000000000e+00 0.000000000000000000e+00 0.000000000000000000e+00 0.000000000000000000e+00 0.000000000000000000e+00 0.000000000000000000e+00 0.000000000000000000e+00 0.000000000000000000e+00 0.000000000000000000e+00 0.000000000000000000e+00 0.000000000000000000e+00 0.000000000000000000e+00 0.000000000000000000e+00 0.000000000000000000e+00 0.000000000000000000e+00 0.000000000000000000e+00 0.000000000000000000e+00 0.000000000000000000e+00 0.000000000000000000e+00 0.000000000000000000e+00 0.000000000000000000e+00 0.000000000000000000e+00 0.000000000000000000e+00 0.000000000000000000e+00 0.000000000000000000e+00 0.000000000000000000e+00 0.000000000000000000e+00 0.000000000000000000e+00 0.000000000000000000e+00 0.000000000000000000e+00 0.000000000000000000e+00 0.000000000000000000e+00 0.000000000000000000e+00 0.000000000000000000e+00 0.000000000000000000e+00 0.000000000000000000e+00 0.000000000000000000e+00 0.000000000000000000e+00 0.000000000000000000e+00 0.000000000000000000e+00
9.377659951836156083e+00 1.664608325302808589e+04 1.008528123131656466e+05 -3.159578460490418195e+01 2.098210564055790746e+04 3.596531705515965768e+03 5.928023217792303512e+03 -4.815800230636048582e+03 4.336066613400329516e+03 1.824307968364219778e+04 -7.692389598942282873e+02 -7.928136965285474389e+02 -2.520793960523987209e+02 1.561418614515287481e+04 -3.293342814370926590e+03 1.542461150102134343e+04 2.644903910261214696e+04 9.419063662321861557e+03 0.000000000000000000e+00 0.000000000000000000e+00 0.000000000000000000e+00 0.000000000000000000e+00 0.000000000000000000e+00 0.000000000000000000e+00 0.000000000000000000e+00 0.000000000000000000e+00 4.812723434477930826e-04 6.323362243691094987e-03 2.530490666930040183e-02 6.673409598277461885e-02 1.422096509971252642e-01 2.682553523435357024e-01 4.689615368719625144e-01 7.848664579990548562e-01 1.255461770716951087e+00 1.954576108523181865e+00 2.984990846165284317e+00 4.476377006116296187e+00 6.596050850159461909e+00 9.581028199820279312e+00 1.383711669213027839e+01 1.968233477932352926e+01 2.779772961535791964e+01 3.917516860340356288e+01 5.618182700972599264e+01 8.360744262372323021e+01 1.181045937585216876e+02 1.662027076511152757e+02 2.326103834852011403e+02 3.215451130078643018e+02 4.376478231033020734e+02 5.826734279938508507e+02 7.422720963917182644e+02 9.128334054823393444e+02 1.091968435665112565e+03 1.195463077053513189e+03 1.048268889000928084e+03 7.808186401562812762e+02 5.698735439231314786e+02 2.633260644630684624e+02 4.587229274230678300e+01 -2.731223837717138281e+01 0.000000000000000000e+00 0.000000000000000000e+00 0.000000000000000000e+00 0.000000000000000000e+00 0.000000000000000000e+00 0.000000000000000000e+00 0.000000000000000000e+00 0.000000000000000000e+00 0.000000000000000000e+00 0.000000000000000000e+00 0.000000000000000000e+00 0.000000000000000000e+00 0.000000000000000000e+00 0.000000000000000000e+00 0.000000000000000000e+00 0.000000000000000000e+00 0.000000000000000000e+00 0.000000000000000000e+00 0.000000000000000000e+00 0.000000000000000000e+00 0.000000000000000000e+00 0.000000000000000000e+00 0.000000000000000000e+00 0.000000000000000000e+00 0.000000000000000000e+00 0.000000000000000000e+00 0.000000000000000000e+00 0.000000000000000000e+00 0.000000000000000000e+00 0.000000000000000000e+00 0.000000000000000000e+00 0.000000000000000000e+00 0.000000000000000000e+00 0.000000000000000000e+00 0.000000000000000000e+00 0.000000000000000000e+00 0.000000000000000000e+00 0.000000000000000000e+00 0.000000000000000000e+00 0.000000000000000000e+00 0.000000000000000000e+00 0.000000000000000000e+00 0.000000000000000000e+00 0.000000000000000000e+00 0.000000000000000000e+00 0.000000000000000000e+00
-4.396988699617002894e+00 1.443288220123004294e+03 1.617682688024461822e+04 -3.908447649050931005e+01 3.365537189744781244e+03 2.182173555488965121e+03 2.182673748093282938e+03 -2.054094957393106142e+03 -5.891486554524417443e+03 -7.692389598942278326e+02 3.202251064155127096e+03 -1.087814854679263362e+03 -2.343463846486009174e+02 -3.807970881584698873e+03 -2.855472255278813805e+02 1.337381277084998601e+03 2.293247365768681448e+03 3.468060470084617464e+03 0.000000000000000000e+00 0.000000000000000000e+00 0.000000000000000000e+00 0.000000000000000000e+00 0.000000000000000000e+00 0.000000000000000000e+00 0.000000000000000000e+00 0.000000000000000000e+00 -2.413591825410460446e-04 -3.112936011465479783e-03 -1.215737374878043085e-02 -3.117501879976502729e-02 -6.445144798336702174e-02 -1.179346205609133891e-01 -1.999057874349760566e-01 -3.240266297453665567e-01 -5.013124974502929376e-01 -7.543925617297314590e-01 -1.110834209622859392e+00 -1.597746108328623738e+00 -2.249313577514534312e+00 -3.100806618897819611e+00 -4.207318320148001334e+00 -5.559883404832689280e+00 -7.235455815526884216e+00 -9.349967493042656841e+00 -1.282780531511649436e+01 -2.042390065623232687e+01 -2.749452583317965804e+01 -3.645657574604719287e+01 -4.761629615992853104e+01 -6.012051452283768072e+01 -7.268759015051223571e+01 -8.356246257903787011e+01 -8.630641194025747609e+01 -7.998994969605152505e+01 -6.347079955803432227e+01 -1.767101194845974277e+01 1.170340764321110214e+02 2.806763801468004544e+02 3.878091501924336058e+02 5.004431781867016866e+02 5.010836582000171688e+02 2.616748058306247913e+02 0.000000000000000000e+00 0.000000000000000000e+00 0.000000000000000000e+00 0.000000000000000000e+00 0.000000000000000000e+00 0.000000000000000000e+00 0.000000000000000000e+00 0.000000000000000000e+00 0.000000000000000000e+00 0.000000000000000000e+00 0.000000000000000000e+00 0.000000000000000000e+00 0.000000000000000000e+00 0.000000000000000000e+00 0.000000000000000000e+00 0.000000000000000000e+00 0.000000000000000000e+00 0.000000000000000000e+00 0.000000000000000000e+00 0.000000000000000000e+00 0.000000000000000000e+00 0.000000000000000000e+00 0.000000000000000000e+00 0.000000000000000000e+00 0.000000000000000000e+00 0.000000000000000000e+00 0.000000000000000000e+00 0.000000000000000000e+00 0.000000000000000000e+00 0.000000000000000000e+00 0.000000000000000000e+00 0.000000000000000000e+00 0.000000000000000000e+00 0.000000000000000000e+00 0.000000000000000000e+00 0.000000000000000000e+00 0.000000000000000000e+00 0.000000000000000000e+00 0.000000000000000000e+00 0.000000000000000000e+00 0.000000000000000000e+00 0.000000000000000000e+00 0.000000000000000000e+00 0.000000000000000000e+00 0.000000000000000000e+00 0.000000000000000000e+00
1.239537502524956425e+00 -1.497820233271629149e+03 -1.152989911499015943e+04 1.565097095871227850e+01 -2.398758702974884272e+03 -1.000079540380682261e+03 -1.084616260649015430e+03 9.665347855549384803e+02 1.793425578304618739e+03 -7.928136965285474389e+02 -1.087814854679263362e+03 4.342416577217775284e+02 9.768377896140074768e+01 4.682527419153380492e+02 2.963361066674452786e+02 -1.387911789542523593e+03 -2.379893535092012826e+03 -1.723351821156867572e+03 0.000000000000000000e+00 0.000000000000000000e+00 0.000000000000000000e+00 0.000000000000000000e+00 0.000000000000000000e+00 0.000000000000000000e+00 0.000000000000000000e+00 0.000000000000000000e+00 7.503990350104266962e-05 9.513916492089100454e-04 3.656550521698583803e-03 9.240217107904954291e-03 1.883868084882776850e-02 3.401362191459254142e-02 5.687393397183622412e-02 9.084227146897383420e-02 1.382434919751865665e-01 2.042837132631034613e-01 2.944051412382408528e-01 4.119389865472035672e-01 5.607125856439527656e-01 7.399541472703990985e-01 9.459063268184072504e-01 1.150950414583652881e+00 1.341233629462962540e+00 1.498613439554886240e+00 1.885678516653116921e+00 3.452288457094581542e+00 4.262124944811894522e+00 4.983991120756250837e+00 5.437315063318621355e+00 4.947366361579111249e+00 2.649147785813261269e+00 -2.236782873869643584e+00 -1.138579076802185952e+01 -2.446028222139167596e+01 -4.103300964200033718e+01 -6.280162784816914723e+01 -1.037572565775966638e+02 -1.469927294730912308e+02 -1.701779942231321456e+02 -1.947816048497922168e+02 -1.841966556603938443e+02 -9.375145709668350946e+01 0.000000000000000000e+00 0.000000000000000000e+00 0.000000000000000000e+00 0.000000000000000000e+00 0.000000000000000000e+00 0.000000000000000000e+00 0.000000000000000000e+00 0.000000000000000000e+00 0.000000000000000000e+00 0.000000000000000000e+00 0.000000000000000000e+00 0.000000000000000000e+00 0.000000000000000000e+00 0.000000000000000000e+00 0.000000000000000000e+00 0.000000000000000000e+00 0.000000000000000000e+00 0.000000000000000000e+00 0.000000000000000000e+00 0.000000000000000000e+00 0.000000000000000000e+00 0.000000000000000000e+00 0.000000000000000000e+00 0.000000000000000000e+00 0.000000000000000000e+00 0.000000000000000000e+00 0.000000000000000000e+00 0.000000000000000000e+00 0.000000000000000000e+00 0.000000000000000000e+00 0.000000000000000000e+00 0.000000000000000000e+00 0.000000000000000000e+00 0.000000000000000000e+00 0.000000000000000000e+00 0.000000000000000000e+00 0.000000000000000000e+00 0.000000000000000000e+00 0.000000000000000000e+00 0.000000000000000000e+00 0.000000000000000000e+00 0.000000000000000000e+00 0.000000000000000000e+00 0.000000000000000000e+00 0.000000000000000000e+00 0.000000000000000000e+00
1.851288648329896813e-01 -3.961679960486748655e+02 -2.970559025929620020e+03 3.559710070909257063e+00 -6.180153221709565514e+02 -2.304926331839397164e+02 -2.691275831626248873e+02 2.400169355591669387e+02 3.803908156907875764e+02 -2.520793960523987494e+02 -2.343463846486009174e+02 9.768377896140074768e+01 2.241760334351559081e+01 2.842832244451801671e+01 7.837982084063480670e+01 -3.670976130121999859e+02 -6.294731715215226586e+02 -4.276180686147237680e+02 0.000000000000000000e+00 0.000000000000000000e+00 0.000000000000000000e+00 0.000000000000000000e+00 0.000000000000000000e+00 0.000000000000000000e+00 0.000000000000000000e+00 0.000000000000000000e+00 1.085261591732397412e-05 1.377613194237492218e-04 5.270588638474083812e-04 1.319353324915724856e-03 2.654783939625672811e-03 4.720800515061743079e-03 7.759816915766467975e-03 1.215791717612175332e-02 1.810929526511677670e-02 2.613764650921529542e-02 3.665811893034433278e-02 4.958230467434079913e-02 6.473033678782701139e-02 8.079443318535839413e-02 9.511303107305346671e-02 1.014241334477410800e-01 9.401406915118978858e-02 6.487535785520762155e-02 4.676151131310691406e-02 1.767922392946057741e-01 1.417341341612009809e-01 2.146378710664136047e-02 -2.410880928669963674e-01 -7.868611845052799758e-01 -1.797468877728414682e+00 -3.439839341748809787e+00 -5.972077510395339850e+00 -9.393641717662864821e+00 -1.373573517851106551e+01 -1.903151479633824295e+01 -2.697316972557392845e+01 -3.507561136981075123e+01 -3.969662455378217913e+01 -4.322915281431001944e+01 -3.960957924381298767e+01 -1.982237581368129042e+01 0.000000000000000000e+00 0.000000000000000000e+00 0.000000000000000000e+00 0.000000000000000000e+00 0.000000000000000000e+00 0.000000000000000000e+00 0.000000000000000000e+00 0.000000000000000000e+00 0.000000000000000000e+00 0.000000000000000000e+00 0.000000000000000000e+00 0.000000000000000000e+00 0.000000000000000000e+00 0.000000000000000000e+00 0.000000000000000000e+00 0.000000000000000000e+00 0.000000000000000000e+00 0.000000000000000000e+00 0.000000000000000000e+00 0.000000000000000000e+00 0.000000000000000000e+00 0.000000000000000000e+00 0.000000000000000000e+00 0.000000000000000000e+00 0.000000000000000000e+00 0.000000000000000000e+00 0.000000000000000000e+00 0.000000000000000000e+00 0.000000000000000000e+00 0.000000000000000000e+00 0.000000000000000000e+00 0.000000000000000000e+00 0.000000000000000000e+00 0.000000000000000000e+00 0.000000000000000000e+00 0.000000000000000000e+00 0.000000000000000000e+00 0.000000000000000000e+00 0.000000000000000000e+00 0.000000000000000000e+00 0.000000000000000000e+00 0.000000000000000000e+00 0.000000000000000000e+00 0.000000000000000000e+00 0.000000000000000000e+00 0.000000000000000000e+00
1.439056077758217356e+01 1.195495948507395042e+04 6.683920607525558444e+04 1.292461551020741695e+01 1.390568344735147548e+04 5.711872640511201098e+02 3.001994486257684002e+03 -2.303546127561320645e+03 8.997469275055267644e+03 1.561418614515287663e+04 -3.807970881584698873e+03 4.682527419153384471e+02 2.842832244451813040e+01 1.683110053895767487e+04 -2.365227862782779994e+03 1.107771736838884317e+04 1.899529072902753614e+04 4.769883001661178241e+03 0.000000000000000000e+00 0.000000000000000000e+00 0.000000000000000000e+00 0.000000000000000000e+00 0.000000000000000000e+00 0.000000000000000000e+00 0.000000000000000000e+00 0.000000000000000000e+00 8.146841354953428998e-04 1.050236408325666213e-02 4.127032538659383687e-02 1.070366389565814425e-01 2.245677043794800931e-01 4.175780978651099651e-01 7.199463997369188739e-01 1.188108071868226423e+00 1.872719734945410330e+00 2.871945120062648016e+00 4.314271865545354245e+00 6.345711142429575347e+00 9.151912234738304619e+00 1.296691121936846081e+01 1.818034712622447557e+01 2.498151244189080700e+01 3.398764961511115246e+01 4.610842261092953009e+01 6.495005065037865677e+01 9.977767998890575996e+01 1.382091263740818476e+02 1.899717944232268678e+02 2.590579916334039581e+02 3.467460808791403224e+02 4.540891231207901910e+02 5.801923601202315695e+02 7.045494033773032925e+02 8.279957989572044426e+02 9.545857124527977930e+02 9.982029502701834645e+02 7.249584530889816278e+02 3.347264905111667872e+02 8.128117935341253997e+01 -3.075531222458329239e+02 -5.046026911195888260e+02 -3.109499641257510234e+02 0.000000000000000000e+00 0.000000000000000000e+00 0.000000000000000000e+00 0.000000000000000000e+00 0.000000000000000000e+00 0.000000000000000000e+00 0.000000000000000000e+00 0.000000000000000000e+00 0.000000000000000000e+00 0.000000000000000000e+00 0.000000000000000000e+00 0.000000000000000000e+00 0.000000000000000000e+00 0.000000000000000000e+00 0.000000000000000000e+00 0.000000000000000000e+00 0.000000000000000000e+00 0.000000000000000000e+00 0.000000000000000000e+00 0.000000000000000000e+00 0.000000000000000000e+00 0.000000000000000000e+00 0.000000000000000000e+00 0.000000000000000000e+00 0.000000000000000000e+00 0.000000000000000000e+00 0.000000000000000000e+00 0.000000000000000000e+00 0.000000000000000000e+00 0.000000000000000000e+00 0.000000000000000000e+00 0.000000000000000000e+00 0.000000000000000000e+00 0.000000000000000000e+00 0.000000000000000000e+00 0.000000000000000000e+00 0.000000000000000000e+00 0.000000000000000000e+00 0.000000000000000000e+00 0.000000000000000000e+00 0.000000000000000000e+00 0.000000000000000000e+00 0.000000000000000000e+00 0.000000000000000000e+00 0.000000000000000000e+00 0.000000000000000000e+00
