# A b_HI Tb sigma_NL sigma8tot n_s f DA H omegak omegaDE w0 wa h gamma sigma_8 fs8 bs8 pk0 pk1 pk2 pk3 pk4 pk5 pk6 pk7 pk8 pk9 pk10 pk11 pk12 pk13 pk14 pk15 pk16 pk17 pk18 pk19 pk20 pk21 pk22 pk23 pk24 pk25 pk26 pk27 pk28 pk29 pk30 pk31 pk32 pk33 pk34 pk35 pk36 pk37 pk38 pk39 pk40 pk41 pk42 pk43 pk44 pk45 pk46 pk47 pk48 pk49 pk50 pk51 pk52 pk53 pk54 pk55 pk56 pk57 pk58 pk59 pk60 pk61 pk62 pk63 pk64 pk65 pk66 pk67 pk68 pk69 pk70 pk71 pk72 pk73 pk74 pk75 pk76 pk77 pk78 pk79 pk80 pk81 pk82 pk83 pk84 pk85 pk86 pk87 pk88 pk89
8.448850370311004054e-01 -2.457876691789631973e+00 -2.358708402874706067e+01 1.048565211051358421e-02 -2.583175457647408635e+00 -1.356117574355697908e+00 -7.223475496783804406e-01 -1.215260064609486657e+00 1.198406173014922027e+00 -1.408672096681590435e+00 -5.083634061773728563e-01 3.579510695294281231e-01 2.373846121624390362e-02 2.344814535716393422e+00 1.204979705367253739e+00 -1.818520674023292871e+00 -3.200962666369610243e+00 -9.407337424158976891e-01 0.000000000000000000e+00 0.000000000000000000e+00 0.000000000000000000e+00 0.000000000000000000e+00 0.000000000000000000e+00 0.000000000000000000e+00 0.000000000000000000e+00 0.000000000000000000e+00 0.000000000000000000e+00 -5.378527822483281462e-21 7.880433164640244674e-20 -4.359987449066069606e-19 -2.589804913597483832e-18 3.456742581535131588e-18 3.484533398339742474e-18 -2.867057821705164968e-18 -3.415821703073626415e-17 -2.510735818152845743e-17 -5.000275567935279573e-17 5.180772348298920279e-17 -2.874437352220653908e-16 -8.974862682380960021e-17 -7.667727842196670509e-17 -3.498338514199624029e-16 -7.469199981752255084e-16 -5.918526160784061528e-16 -2.396930180661775277e-03 -5.389059949810286188e-02 -1.376028852124920043e-01 -1.734309244692608387e-01 -3.895091192527746354e-02 3.376359626429749072e-01 7.783819283517974252e-01 6.488970247895080590e-01 -7.078180860978485756e-01 -2.047183461379189051e+00 9.343607955852145652e-02 3.404237647915778986e+00 -7.586462906476260093e-01 -4.676988975459684283e+00 4.879726519511068616e+00 -1.971033536386965768e+00 -6.517442835268885126e-01 0.000000000000000000e+00 0.000000000000000000e+00 0.000000000000000000e+00 0.000000000000000000e+00 0.000000000000000000e+00 0.000000000000000000e+00 0.000000000000000000e+00 0.000000000000000000e+00 0.000000000000000000e+00 0.000000000000000000e+00 0.000000000000000000e+00 0.000000000000000000e+00 0.000000000000000000e+00 0.000000000000000000e+00 0.000000000000000000e+00 0.000000000000000000e+00 0.000000000000000000e+00 0.000000000000000000e+00 0.000000000000000000e+00 0.000000000000000000e+00 0.000000000000000000e+00 0.000000000000000000e+00 0.000000000000000000e+00 0.000000000000000000e+00 0.000000000000000000e+00 0.000000000000000000e+00 0.000000000000000000e+00 0.000000000000000000e+00 0.000000000000000000e+00 0.000000000000000000e+00 0.000000000000000000e+00 0.000000000000000000e+00 0.000000000000000000e+00 0.000000000000000000e+00 0.000000000000000000e+00 0.000000000000000000e+00 0.000000000000000000e+00 0.000000000000000000e+00 0.000000000000000000e+00 0.000000000000000000e+00 0.000000000000000000e+00 0.000000000000000000e+00 0.000000000000000000e+00 0.000000000000000000e+00 0.000000000000000000e+00 0.000000000000000000e+00 0.000000000000000000e+00
-2.457876691789631973e+00 6.110554155477565473e+03 5.666415048770090652e+04 -1.081858448044109977e+01 6.205660805289624477e+03 2.048506696691771594e+03 1.503367261379109777e+03 -2.123565238731514910e+03 1.605025601194529372e+03 6.989773252841328031e+03 1.568404939964750895e+02 -2.699013015010568211e+02 -2.100109254103207945e+01 3.568156230653363309e+03 -2.995713239192967194e+03 4.521044159210404359e+03 7.957948333149126483e+03 1.957877908843741807e+03 0.000000000000000000e+00 0.000000000000000000e+00 0.000000000000000000e+00 0.000000000000000000e+00 0.000000000000000000e+00 0.000000000000000000e+00 0.000000000000000000e+00 0.000000000000000000e+00 0.000000000000000000e+00 4.331219185199010136e-06 1.691946526192678784e-04 1.001551279364138207e-03 3.104839293675830912e-03 7.255199898230208465e-03 1.465202027805828817e-02 2.722391426960948241e-02 4.719442194481057035e-02 7.824859895273059140e-02 1.264189070095182721e-01 1.994306308201470312e-01 3.082559790560601143e-01 4.695347445470037795e-01 7.124528593289143341e-01 1.066032840815335225e+00 1.582167575269497251e+00 2.339476147744663503e+00 3.446703250296399901e+00 5.046499497995660555e+00 7.357207958021129812e+00 1.074207520493975743e+01 1.562121674976780028e+01 2.263393907472453392e+01 3.267371215992968558e+01 4.721174228361384451e+01 6.763749629246652262e+01 9.654523253868703137e+01 1.383101131807269439e+02 1.973972270106377209e+02 2.773211523091665072e+02 3.862590386970909435e+02 5.390994409493794137e+02 6.743997049808264137e+02 5.952600325598514530e+01 0.000000000000000000e+00 0.000000000000000000e+00 0.000000000000000000e+00 0.000000000000000000e+00 0.000000000000000000e+00 0.000000000000000000e+00 0.000000000000000000e+00 0.000000000000000000e+00 0.000000000000000000e+00 0.000000000000000000e+00 0.000000000000000000e+00 0.000000000000000000e+00 0.000000000000000000e+00 0.000000000000000000e+00 0.000000000000000000e+00 0.000000000000000000e+00 0.000000000000000000e+00 0.000000000000000000e+00 0.000000000000000000e+00 0.000000000000000000e+00 0.000000000000000000e+00 0.000000000000000000e+00 0.000000000000000000e+00 0.000000000000000000e+00 0.000000000000000000e+00 0.000000000000000000e+00 0.000000000000000000e+00 0.000000000000000000e+00 0.000000000000000000e+00 0.000000000000000000e+00 0.000000000000000000e+00 0.000000000000000000e+00 0.000000000000000000e+00 0.000000000000000000e+00 0.000000000000000000e+00 0.000000000000000000e+00 0.000000000000000000e+00 0.000000000000000000e+00 0.000000000000000000e+00 0.000000000000000000e+00 0.000000000000000000e+00 0.000000000000000000e+00 0.000000000000000000e+00 0.000000000000000000e+00 0.000000000000000000e+00 0.000000000000000000e+00 0.000000000000000000e+00
-2.358708402874706067e+01 5.666415048770090652e+04 5.438298898986008717e+05 -1.231683412636380268e+02 5.955835927022735996e+04 1.963922353119691616e+04 1.666058855031368876e+04 -2.357227250693554379e+04 1.026363442986682458e+04 6.411200254242552182e+04 1.970809477546398057e+03 -2.774210844464933871e+03 -2.168161681945457815e+02 3.143545201072624695e+04 -2.777973019868630581e+04 4.192436890022422449e+04 7.379533352448760706e+04 2.169755794806309859e+04 0.000000000000000000e+00 0.000000000000000000e+00 0.000000000000000000e+00 0.000000000000000000e+00 0.000000000000000000e+00 0.000000000000000000e+00 0.000000000000000000e+00 0.000000000000000000e+00 0.000000000000000000e+00 5.939549030814592762e-05 2.215606111416787427e-03 1.251000228269146669e-02 3.724857945518897373e-02 8.421671005959592560e-02 1.654273172635948586e-01 3.001360830878452846e-01 5.100199562953240395e-01 8.314956588831460271e-01 1.323530512425474592e+00 2.061661804968142775e+00 3.152024734838491327e+00 4.756407285175067834e+00 7.156013172090033514e+00 1.063169953164518411e+01 1.568296470659994668e+01 2.306330948974836659e+01 3.382585904317652847e+01 4.932411249183876123e+01 7.166401267711970036e+01 1.043225913744819877e+02 1.513231172676854612e+02 2.187642103567246465e+02 3.152494505694119198e+02 4.547667840125616294e+02 6.506704482918585200e+02 9.279498677360999181e+02 1.328205072343039319e+03 1.894271744529595026e+03 2.660723190138907739e+03 3.705581057864707873e+03 5.169323954768986368e+03 6.464088709049076897e+03 5.703350361528055146e+02 0.000000000000000000e+00 0.000000000000000000e+00 0.000000000000000000e+00 0.000000000000000000e+00 0.000000000000000000e+00 0.000000000000000000e+00 0.000000000000000000e+00 0.000000000000000000e+00 0.000000000000000000e+00 0.000000000000000000e+00 0.000000000000000000e+00 0.000000000000000000e+00 0.000000000000000000e+00 0.000000000000000000e+00 0.000000000000000000e+00 0.000000000000000000e+00 0.000000000000000000e+00 0.000000000000000000e+00 0.000000000000000000e+00 0.000000000000000000e+00 0.000000000000000000e+00 0.000000000000000000e+00 0.000000000000000000e+00 0.000000000000000000e+00 0.000000000000000000e+00 0.000000000000000000e+00 0.000000000000000000e+00 0.000000000000000000e+00 0.000000000000000000e+00 0.000000000000000000e+00 0.000000000000000000e+00 0.000000000000000000e+00 0.000000000000000000e+00 0.000000000000000000e+00 0.000000000000000000e+00 0.000000000000000000e+00 0.000000000000000000e+00 0.000000000000000000e+00 0.000000000000000000e+00 0.000000000000000000e+00 0.000000000000000000e+00 0.000000000000000000e+00 0.000000000000000000e+00 0.000000000000000000e+00 0.000000000000000000e+00 0.000000000000000000e+00 0.000000000000000000e+00
1.048565211051358421e-02 -1.081858448044109977e+01 -1.231683412636380268e+02 5.776205466691392704e-02 -1.348896862043660860e+01 -5.217972077415781840e+00 -6.043177529033720852e+00 8.628466693490391748e+00 4.932551704912535584e+00 -1.067381590282057857e+01 -1.256397768961474926e+00 9.992381868732861383e-01 7.729381022729062134e-02 -2.104410113388493819e+00 5.303835942331493136e+00 -8.004396480534905933e+00 -1.408935002334999886e+01 -7.870201837747990758e+00 0.000000000000000000e+00 0.000000000000000000e+00 0.000000000000000000e+00 0.000000000000000000e+00 0.000000000000000000e+00 0.000000000000000000e+00 0.000000000000000000e+00 0.000000000000000000e+00 0.000000000000000000e+00 -2.729245091177829240e-11 -1.086872440747457672e-09 -6.815931738084338573e-09 -2.319144062405810194e-08 -6.098487716347365667e-08 -1.410987472287890722e-07 -3.063023268249964357e-07 -6.265399207178857528e-07 -1.237255923779887464e-06 -2.402206200732169875e-06 -4.595404317320482928e-06 -8.641856816951907754e-06 -1.608199416961991277e-05 -3.005969343284801238e-05 -5.553239680822777890e-05 -1.019779712542424541e-04 -1.871951516086151741e-04 -3.447499953787932126e-04 -6.300083112720944066e-04 -1.148198355969128753e-03 -2.107809764129353960e-03 -3.857394806865939180e-03 -7.027563351460443773e-03 -1.277788909838186403e-02 -2.337678522022316671e-02 -4.231727121355334520e-02 -7.639128995248600784e-02 -1.387439184599700837e-01 -2.514009339415617106e-01 -4.483445296003533143e-01 -7.923253434454203825e-01 -1.407262266510011628e+00 -2.204503843036086153e+00 -2.129106209014913209e-01 0.000000000000000000e+00 0.000000000000000000e+00 0.000000000000000000e+00 0.000000000000000000e+00 0.000000000000000000e+00 0.000000000000000000e+00 0.000000000000000000e+00 0.000000000000000000e+00 0.000000000000000000e+00 0.000000000000000000e+00 0.000000000000000000e+00 0.000000000000000000e+00 0.000000000000000000e+00 0.000000000000000000e+00 0.000000000000000000e+00 0.000000000000000000e+00 0.000000000000000000e+00 0.000000000000000000e+00 0.000000000000000000e+00 0.000000000000000000e+00 0.000000000000000000e+00 0.000000000000000000e+00 0.000000000000000000e+00 0.000000000000000000e+00 0.000000000000000000e+00 0.000000000000000000e+00 0.000000000000000000e+00 0.000000000000000000e+00 0.000000000000000000e+00 0.000000000000000000e+00 0.000000000000000000e+00 0.000000000000000000e+00 0.000000000000000000e+00 0.000000000000000000e+00 0.000000000000000000e+00 0.000000000000000000e+00 0.000000000000000000e+00 0.000000000000000000e+00 0.000000000000000000e+00 0.000000000000000000e+00 0.000000000000000000e+00 0.000000000000000000e+00 0.000000000000000000e+00 0.000000000000000000e+00 0.000000000000000000e+00 0.000000000000000000e+00 0.000000000000000000e+00
-2.583175457647408635e+00 6.205660805289624477e+03 5.955835927022735996e+04 -1.348896862043660860e+01 6.522624491314491024e+03 2.150819498129130807e+03 1.824609748313085674e+03 -2.581553351261250555e+03 1.124037567898777979e+03 7.021323674701780874e+03 2.158362037415101042e+02 -3.038219289432779533e+02 -2.374495312005104708e+01 3.442701439278947873e+03 -3.042339493167310138e+03 4.591411159108350148e+03 8.081808426045090528e+03 2.376241129001328318e+03 0.000000000000000000e+00 0.000000000000000000e+00 0.000000000000000000e+00 0.000000000000000000e+00 0.000000000000000000e+00 0.000000000000000000e+00 0.000000000000000000e+00 0.000000000000000000e+00 0.000000000000000000e+00 6.504787648695517434e-06 2.426454802064602811e-04 1.370051967101008168e-03 4.079334951433794161e-03 9.223121361021921483e-03 1.811702478606337305e-02 3.286986059158621826e-02 5.585561286027562744e-02 9.106251440616935922e-02 1.449484613264677146e-01 2.257860348516199933e-01 3.451987929923395759e-01 5.209051933110969701e-01 7.837016893743817825e-01 1.164346778506226476e+00 1.717543783024014559e+00 2.525813490698336494e+00 3.704490508775102775e+00 5.401805356858525364e+00 7.848393574994273258e+00 1.142504759758793575e+01 1.657238182660387693e+01 2.395829592654930806e+01 3.452502406635947807e+01 4.980447748364137794e+01 7.125916586363436522e+01 1.016258440993219097e+02 1.454604028805673579e+02 2.074540572552377569e+02 2.913931555076268864e+02 4.058223574110749610e+02 5.661263917283555429e+02 7.079245272082200700e+02 6.246111076005857399e+01 0.000000000000000000e+00 0.000000000000000000e+00 0.000000000000000000e+00 0.000000000000000000e+00 0.000000000000000000e+00 0.000000000000000000e+00 0.000000000000000000e+00 0.000000000000000000e+00 0.000000000000000000e+00 0.000000000000000000e+00 0.000000000000000000e+00 0.000000000000000000e+00 0.000000000000000000e+00 0.000000000000000000e+00 0.000000000000000000e+00 0.000000000000000000e+00 0.000000000000000000e+00 0.000000000000000000e+00 0.000000000000000000e+00 0.000000000000000000e+00 0.000000000000000000e+00 0.000000000000000000e+00 0.000000000000000000e+00 0.000000000000000000e+00 0.000000000000000000e+00 0.000000000000000000e+00 0.000000000000000000e+00 0.000000000000000000e+00 0.000000000000000000e+00 0.000000000000000000e+00 0.000000000000000000e+00 0.000000000000000000e+00 0.000000000000000000e+00 0.000000000000000000e+00 0.000000000000000000e+00 0.000000000000000000e+00 0.000000000000000000e+00 0.000000000000000000e+00 0.000000000000000000e+00 0.000000000000000000e+00 0.000000000000000000e+00 0.000000000000000000e+00 0.000000000000000000e+00 0.000000000000000000e+00 0.000000000000000000e+00 0.000000000000000000e+00 0.000000000000000000e+00
-1.356117574355697908e+00 2.048506696691771594e+03 1.963922353119691616e+04 -5.217972077415781840e+00 2.150819498129130807e+03 8.360488206900747628e+02 5.991763905532814078e+02 -7.706879936424627431e+02 2.308670264169645634e+02 2.234615412680538611e+03 1.000857214644304776e+02 -1.162943226671858383e+02 -8.864849939728660644e+00 9.144839839690303052e+02 -1.004285123036501204e+03 1.515638189357952797e+03 2.667828487825428510e+03 7.803244414733676422e+02 0.000000000000000000e+00 0.000000000000000000e+00 0.000000000000000000e+00 0.000000000000000000e+00 0.000000000000000000e+00 0.000000000000000000e+00 0.000000000000000000e+00 0.000000000000000000e+00 0.000000000000000000e+00 -7.342666969648539195e-06 -2.652861616322525523e-04 -1.435878729235231903e-03 -4.077548999549793912e-03 -8.768422206257316456e-03 -1.633470331567321229e-02 -2.797795429254237853e-02 -4.476171734484207798e-02 -6.846120505404304502e-02 -1.017071253819029353e-01 -1.470573812577078976e-01 -2.076274987708819630e-01 -2.874603968114105568e-01 -3.927338065373398579e-01 -5.251962039883256717e-01 -6.892032456656784767e-01 -8.871965945032173062e-01 -1.113817706733580160e+00 -1.354394705246320330e+00 -1.577594739418182623e+00 -1.719257737350054160e+00 -1.661132451280292521e+00 -1.207222278368533352e+00 -1.966322667948693093e-02 2.498910486289747546e+00 7.135146141660571040e+00 1.523502020249826394e+01 2.912492450422766410e+01 5.198560343582548171e+01 8.753753738671646545e+01 1.420888280092510456e+02 2.269297581068090608e+02 3.173441353603024595e+02 2.923138642374742702e+01 0.000000000000000000e+00 0.000000000000000000e+00 0.000000000000000000e+00 0.000000000000000000e+00 0.000000000000000000e+00 0.000000000000000000e+00 0.000000000000000000e+00 0.000000000000000000e+00 0.000000000000000000e+00 0.000000000000000000e+00 0.000000000000000000e+00 0.000000000000000000e+00 0.000000000000000000e+00 0.000000000000000000e+00 0.000000000000000000e+00 0.000000000000000000e+00 0.000000000000000000e+00 0.000000000000000000e+00 0.000000000000000000e+00 0.000000000000000000e+00 0.000000000000000000e+00 0.000000000000000000e+00 0.000000000000000000e+00 0.000000000000000000e+00 0.000000000000000000e+00 0.000000000000000000e+00 0.000000000000000000e+00 0.000000000000000000e+00 0.000000000000000000e+00 0.000000000000000000e+00 0.000000000000000000e+00 0.000000000000000000e+00 0.000000000000000000e+00 0.000000000000000000e+00 0.000000000000000000e+00 0.000000000000000000e+00 0.000000000000000000e+00 0.000000000000000000e+00 0.000000000000000000e+00 0.000000000000000000e+00 0.000000000000000000e+00 0.000000000000000000e+00 0.000000000000000000e+00 0.000000000000000000e+00 0.000000000000000000e+00 0.000000000000000000e+00 0.000000000000000000e+00
-7.223475496783804406e-01 1.503367261379109777e+03 1.666058855031368876e+04 -6.043177529033720852e+00 1.824609748313085674e+03 5.991763905532814078e+02 7.724119506650397398e+02 -1.096766269485609200e+03 -2.889462238014947957e+02 1.615287437112971702e+03 1.150218090748578703e+02 -1.065701669819663095e+02 -8.433470133730331497e+00 6.332536656641602804e+02 -7.370292601441962006e+02 1.112303336697122859e+03 1.957877908843742034e+03 1.005934034606214595e+03 0.000000000000000000e+00 0.000000000000000000e+00 0.000000000000000000e+00 0.000000000000000000e+00 0.000000000000000000e+00 0.000000000000000000e+00 0.000000000000000000e+00 0.000000000000000000e+00 0.000000000000000000e+00 3.912112839588189715e-06 1.373377817028538039e-04 7.233775290021708269e-04 2.015615793138822096e-03 4.292050489381574706e-03 7.979617016957069042e-03 1.375578494159182888e-02 2.232416213551732809e-02 3.492360838590434502e-02 5.348636525473184078e-02 8.049024586195061004e-02 1.192842262520820706e-01 1.750699715510333487e-01 2.565907489111113327e-01 3.727226179244320647e-01 5.389394480625775419e-01 7.782031711663783824e-01 1.123886926816181075e+00 1.615627382738642037e+00 2.319163608999653903e+00 3.339936932227677513e+00 4.800174842449846935e+00 6.882360745784993128e+00 9.853424441191485528e+00 1.412642023905141286e+01 2.011268658199031023e+01 2.858849900314024239e+01 4.078249429549975957e+01 5.800489799760601528e+01 8.141376636628442043e+01 1.133455938630574451e+02 1.578207823715520135e+02 1.970443269755960500e+02 1.735975933701791263e+01 0.000000000000000000e+00 0.000000000000000000e+00 0.000000000000000000e+00 0.000000000000000000e+00 0.000000000000000000e+00 0.000000000000000000e+00 0.000000000000000000e+00 0.000000000000000000e+00 0.000000000000000000e+00 0.000000000000000000e+00 0.000000000000000000e+00 0.000000000000000000e+00 0.000000000000000000e+00 0.000000000000000000e+00 0.000000000000000000e+00 0.000000000000000000e+00 0.000000000000000000e+00 0.000000000000000000e+00 0.000000000000000000e+00 0.000000000000000000e+00 0.000000000000000000e+00 0.000000000000000000e+00 0.000000000000000000e+00 0.000000000000000000e+00 0.000000000000000000e+00 0.000000000000000000e+00 0.000000000000000000e+00 0.000000000000000000e+00 0.000000000000000000e+00 0.000000000000000000e+00 0.000000000000000000e+00 0.000000000000000000e+00 0.000000000000000000e+00 0.000000000000000000e+00 0.000000000000000000e+00 0.000000000000000000e+00 0.000000000000000000e+00 0.000000000000000000e+00 0.000000000000000000e+00 0.000000000000000000e+00 0.000000000000000000e+00 0.000000000000000000e+00 0.000000000000000000e+00 0.000000000000000000e+00 0.000000000000000000e+00 0.000000000000000000e+00 0.000000000000000000e+00
-1.215260064609486657e+00 -2.123565238731514910e+03 -2.357227250693554379e+04 8.628466693490391748e+00 -2.581553351261250555e+03 -7.706879936424627431e+02 -1.096766269485609200e+03 1.865529122950847523e+03 5.995469885582940606e+02 -2.300649858813810624e+03 -1.735837494397857768e+02 1.557116528651931446e+02 1.254820801058906987e+01 -9.601906389481902124e+02 1.041082746031368288e+03 -1.571172102396501032e+03 -2.765579360220257513e+03 -1.428349881865183761e+03 -0.000000000000000000e+00 -0.000000000000000000e+00 -0.000000000000000000e+00 -0.000000000000000000e+00 -0.000000000000000000e+00 -0.000000000000000000e+00 -0.000000000000000000e+00 -0.000000000000000000e+00 -0.000000000000000000e+00 -8.904305756723748726e-06 -3.182205345854361117e-04 -1.738757575660327195e-03 -5.075153243942014808e-03 -1.135077540649620000e-02 -2.212841205218763624e-02 -3.986065300857519894e-02 -6.700927668767339695e-02 -1.077513503267270856e-01 -1.682008424870398700e-01 -2.544303828287941549e-01 -3.748676830969980833e-01 -5.393462786436272749e-01 -7.640252797602682389e-01 -1.054512415797188130e+00 -1.435120224939663958e+00 -1.944175716602810633e+00 -2.757220602681446309e+00 -4.373242304687408044e+00 -6.111740769043375821e+00 -8.483224947290143092e+00 -1.168600091600559310e+01 -1.584444129723878802e+01 -2.117233590084318351e+01 -2.828406650095542574e+01 -3.715649212313788041e+01 -4.959141203355074623e+01 -6.903240394100377841e+01 -9.693542603005971614e+01 -1.168811004883160223e+02 -1.401419075732686679e+02 -2.190621343808251424e+02 -2.263163736314322989e+02 -1.607574210768028777e+01 -0.000000000000000000e+00 -0.000000000000000000e+00 -0.000000000000000000e+00 -0.000000000000000000e+00 -0.000000000000000000e+00 -0.000000000000000000e+00 -0.000000000000000000e+00 -0.000000000000000000e+00 -0.000000000000000000e+00 -0.000000000000000000e+00 -0.000000000000000000e+00 -0.000000000000000000e+00 -0.000000000000000000e+00 -0.000000000000000000e+00 -0.000000000000000000e+00 -0.000000000000000000e+00 -0.000000000000000000e+00 -0.000000000000000000e+00 -0.000000000000000000e+00 -0.000000000000000000e+00 -0.000000000000000000e+00 -0.000000000000000000e+00 -0.000000000000000000e+00 -0.000000000000000000e+00 -0.000000000000000000e+00 -0.000000000000000000e+00 -0.000000000000000000e+00 -0.000000000000000000e+00 -0.000000000000000000e+00 -0.000000000000000000e+00 -0.000000000000000000e+00 -0.000000000000000000e+00 -0.000000000000000000e+00 -0.000000000000000000e+00 -0.000000000000000000e+00 -0.000000000000000000e+00 -0.000000000000000000e+00 -0.000000000000000000e+00 -0.000000000000000000e+00 -0.000000000000000000e+00 -0.000000000000000000e+00 -0.000000000000000000e+00 -0.000000000000000000e+00 -0.000000000000000000e+00 -0.000000000000000000e+00 -0.000000000000000000e+00 -0.000000000000000000e+00
1.198406173014922027e+00 1.605025601194529372e+03 1.026363442986682458e+04 4.932551704912535584e+00 1.124037567898777979e+03 2.308670264169645634e+02 -2.889462238014947957e+02 5.995469885582940606e+02 2.120143553364918262e+03 2.178697247760640948e+03 -1.664541990531331805e+02 3.937341028887208694e+01 3.080013369887957264e+00 1.776990049694322124e+03 -7.868674952225054540e+02 1.187517765988374322e+03 2.090270453824239212e+03 -3.763028788493128332e+02 0.000000000000000000e+00 0.000000000000000000e+00 0.000000000000000000e+00 0.000000000000000000e+00 0.000000000000000000e+00 0.000000000000000000e+00 0.000000000000000000e+00 0.000000000000000000e+00 0.000000000000000000e+00 6.722577496836751150e-06 2.581778155757501149e-04 1.476924360975406803e-03 4.370805472425738462e-03 9.720476273178246113e-03 1.864343439495757745e-02 3.285885993216905443e-02 5.399220941118669514e-02 8.499235758440659705e-02 1.301803065666423120e-01 1.941356901220709641e-01 2.834094110249356646e-01 4.065640582840579498e-01 5.781375827561184844e-01 8.078341485316926640e-01 1.120264828249809552e+00 1.553015538691097763e+00 2.215746392117914354e+00 3.373415084045146450e+00 4.743527950066581234e+00 6.641241140273565158e+00 9.228990427163214605e+00 1.266181651510635575e+01 1.714287766933172819e+01 2.306835172775836185e+01 3.036722121086093651e+01 3.965404402570182185e+01 5.192308589957011122e+01 6.612346395333402427e+01 7.161770900346294866e+01 6.714858215688462906e+01 6.296142911761163674e+01 -1.155016700713018762e+00 -4.191068488812165427e+00 0.000000000000000000e+00 0.000000000000000000e+00 0.000000000000000000e+00 0.000000000000000000e+00 0.000000000000000000e+00 0.000000000000000000e+00 0.000000000000000000e+00 0.000000000000000000e+00 0.000000000000000000e+00 0.000000000000000000e+00 0.000000000000000000e+00 0.000000000000000000e+00 0.000000000000000000e+00 0.000000000000000000e+00 0.000000000000000000e+00 0.000000000000000000e+00 0.000000000000000000e+00 0.000000000000000000e+00 0.000000000000000000e+00 0.000000000000000000e+00 0.000000000000000000e+00 0.000000000000000000e+00 0.000000000000000000e+00 0.000000000000000000e+00 0.000000000000000000e+00 0.000000000000000000e+00 0.000000000000000000e+00 0.000000000000000000e+00 0.000000000000000000e+00 0.000000000000000000e+00 0.000000000000000000e+00 0.000000000000000000e+00 0.000000000000000000e+00 0.000000000000000000e+00 0.000000000000000000e+00 0.000000000000000000e+00 0.000000000000000000e+00 0.000000000000000000e+00 0.000000000000000000e+00 0.000000000000000000e+00 0.000000000000000000e+00 0.000000000000000000e+00 0.000000000000000000e+00 0.000000000000000000e+00 0.000000000000000000e+00 0.000000000000000000e+00 0.000000000000000000e+00
-1.408672096681590435e+00 6.989773252841328031e+03 6.411200254242552182e+04 -1.067381590282057857e+01 7.021323674701780874e+03 2.234615412680538611e+03 1.615287437112971702e+03 -2.300649858813810624e+03 2.178697247760640948e+03 8.097215511733485982e+03 1.305636429081005758e+02 -2.823903629478372750e+02 -2.210007886906899444e+01 4.341614776763982263e+03 -3.426752425346463497e+03 5.171556087206241500e+03 9.102980350264439039e+03 2.103634734373002630e+03 0.000000000000000000e+00 0.000000000000000000e+00 0.000000000000000000e+00 0.000000000000000000e+00 0.000000000000000000e+00 0.000000000000000000e+00 0.000000000000000000e+00 0.000000000000000000e+00 0.000000000000000000e+00 9.553903122793929291e-06 3.622037759671486242e-04 2.077935997633505692e-03 6.258250545815138670e-03 1.426272403980379140e-02 2.814986350762290271e-02 5.117892675619940823e-02 8.684692231924752426e-02 1.410848443109287143e-01 2.231683206262226049e-01 3.440374186843921933e-01 5.191883536408330446e-01 7.706416486113636388e-01 1.136485012639870451e+00 1.649388270028838699e+00 2.375191284915995293e+00 3.414229540829416987e+00 4.967076118244781568e+00 7.430134080190492263e+00 1.067840062974199888e+01 1.533722832520260049e+01 2.192490125119111966e+01 3.113708139405520114e+01 4.395280392518270673e+01 6.209093819550767535e+01 8.680400830271800316e+01 1.213109447526291120e+02 1.711484746604044460e+02 2.404761867083387870e+02 3.230730177191361463e+02 4.294994735440948830e+02 5.940216012200005480e+02 6.953124267262450076e+02 5.847450976090905783e+01 0.000000000000000000e+00 0.000000000000000000e+00 0.000000000000000000e+00 0.000000000000000000e+00 0.000000000000000000e+00 0.000000000000000000e+00 0.000000000000000000e+00 0.000000000000000000e+00 0.000000000000000000e+00 0.000000000000000000e+00 0.000000000000000000e+00 0.000000000000000000e+00 0.000000000000000000e+00 0.000000000000000000e+00 0.000000000000000000e+00 0.000000000000000000e+00 0.000000000000000000e+00 0.000000000000000000e+00 0.000000000000000000e+00 0.000000000000000000e+00 0.000000000000000000e+00 0.000000000000000000e+00 0.000000000000000000e+00 0.000000000000000000e+00 0.000000000000000000e+00 0.000000000000000000e+00 0.000000000000000000e+00 0.000000000000000000e+00 0.000000000000000000e+00 0.000000000000000000e+00 0.000000000000000000e+00 0.000000000000000000e+00 0.000000000000000000e+00 0.000000000000000000e+00 0.000000000000000000e+00 0.000000000000000000e+00 0.000000000000000000e+00 0.000000000000000000e+00 0.000000000000000000e+00 0.000000000000000000e+00 0.000000000000000000e+00 0.000000000000000000e+00 0.000000000000000000e+00 0.000000000000000000e+00 0.000000000000000000e+00 0.000000000000000000e+00 0.000000000000000000e+00
-5.083634061773728563e-01 1.568404939964750895e+02 1.970809477546398057e+03 -1.256397768961474926e+00 2.158362037415101611e+02 1.000857214644304776e+02 1.150218090748578703e+02 -1.735837494397857768e+02 -1.664541990531331805e+02 1.305636429081005758e+02 3.089228514114157775e+01 -2.128150475353312387e+01 -1.630084055361162632e+00 -3.040226212883221990e+01 -7.689141317659836261e+01 1.160423066825794649e+02 2.042578325978338398e+02 1.497961707748787035e+02 0.000000000000000000e+00 0.000000000000000000e+00 0.000000000000000000e+00 0.000000000000000000e+00 0.000000000000000000e+00 0.000000000000000000e+00 0.000000000000000000e+00 0.000000000000000000e+00 0.000000000000000000e+00 -1.312226111090999363e-06 -4.856146527865871172e-05 -2.692859915816634797e-04 -7.792225305754880461e-04 -1.704758071405365139e-03 -3.225102440888049683e-03 -5.611426500335001816e-03 -9.092525103789127205e-03 -1.409666407243372402e-02 -2.119236172975523524e-02 -3.083194827773469426e-02 -4.365260177558322879e-02 -6.019625637243890964e-02 -8.126107192301589011e-02 -1.061542269482589756e-01 -1.357957548751676513e-01 -1.717283149635502604e-01 -2.338329718596018347e-01 -3.862118728046457505e-01 -5.164100557097952571e-01 -6.772661269650853688e-01 -8.701679590653490504e-01 -1.070086399793789500e+00 -1.242421994714285827e+00 -1.357858414315644247e+00 -1.274348209515729247e+00 -9.736258333525946718e-01 -4.445950335596703384e-01 8.056843309076952009e-01 5.967487384369427161e+00 1.526304936469221296e+01 2.489675940542984378e+01 4.766942972961007285e+01 5.149424194181272618e+00 0.000000000000000000e+00 0.000000000000000000e+00 0.000000000000000000e+00 0.000000000000000000e+00 0.000000000000000000e+00 0.000000000000000000e+00 0.000000000000000000e+00 0.000000000000000000e+00 0.000000000000000000e+00 0.000000000000000000e+00 0.000000000000000000e+00 0.000000000000000000e+00 0.000000000000000000e+00 0.000000000000000000e+00 0.000000000000000000e+00 0.000000000000000000e+00 0.000000000000000000e+00 0.000000000000000000e+00 0.000000000000000000e+00 0.000000000000000000e+00 0.000000000000000000e+00 0.000000000000000000e+00 0.000000000000000000e+00 0.000000000000000000e+00 0.000000000000000000e+00 0.000000000000000000e+00 0.000000000000000000e+00 0.000000000000000000e+00 0.000000000000000000e+00 0.000000000000000000e+00 0.000000000000000000e+00 0.000000000000000000e+00 0.000000000000000000e+00 0.000000000000000000e+00 0.000000000000000000e+00 0.000000000000000000e+00 0.000000000000000000e+00 0.000000000000000000e+00 0.000000000000000000e+00 0.000000000000000000e+00 0.000000000000000000e+00 0.000000000000000000e+00 0.000000000000000000e+00 0.000000000000000000e+00 0.000000000000000000e+00 0.000000000000000000e+00 0.000000000000000000e+00
3.579510695294281231e-01 -2.699013015010568211e+02 -2.774210844464933871e+03 9.992381868732861383e-01 -3.038219289432778965e+02 -1.162943226671858383e+02 -1.065701669819663095e+02 1.557116528651931446e+02 3.937341028887208694e+01 -2.823903629478372181e+02 -2.128150475353312387e+01 1.959509627727986825e+01 1.509342608997227941e+00 -9.168975417070205935e+01 1.323197342842201181e+02 -1.996931328430837880e+02 -3.515001352978354134e+02 -1.387893570892150308e+02 0.000000000000000000e+00 0.000000000000000000e+00 0.000000000000000000e+00 0.000000000000000000e+00 0.000000000000000000e+00 0.000000000000000000e+00 0.000000000000000000e+00 0.000000000000000000e+00 0.000000000000000000e+00 6.081248979465068533e-07 2.219544456964801527e-05 1.210353582020167634e-04 3.439274207644617406e-04 7.387424280996714035e-04 1.370599386183591088e-03 2.334742205695117517e-03 3.694088625736827256e-03 5.580031205096589939e-03 8.133112979862543168e-03 1.137753804743476399e-02 1.534424319233421846e-02 1.983969441429320538e-02 2.443800834847875345e-02 2.787303403076927741e-02 2.910204652922186025e-02 2.663089819046695478e-02 2.844650788782041723e-02 6.658282566227431698e-02 7.081310587768537002e-02 6.017925182036081705e-02 2.292945259975276082e-02 -7.416619722940250015e-02 -2.772269310960721045e-01 -6.463239833207039542e-01 -1.302445310378190779e+00 -2.331194402786033848e+00 -3.865011243047367540e+00 -6.308286527730487592e+00 -1.156171070286337788e+01 -1.996925726023298608e+01 -2.976981395238909300e+01 -4.641341382784769110e+01 -4.622849266652075961e+00 0.000000000000000000e+00 0.000000000000000000e+00 0.000000000000000000e+00 0.000000000000000000e+00 0.000000000000000000e+00 0.000000000000000000e+00 0.000000000000000000e+00 0.000000000000000000e+00 0.000000000000000000e+00 0.000000000000000000e+00 0.000000000000000000e+00 0.000000000000000000e+00 0.000000000000000000e+00 0.000000000000000000e+00 0.000000000000000000e+00 0.000000000000000000e+00 0.000000000000000000e+00 0.000000000000000000e+00 0.000000000000000000e+00 0.000000000000000000e+00 0.000000000000000000e+00 0.000000000000000000e+00 0.000000000000000000e+00 0.000000000000000000e+00 0.000000000000000000e+00 0.000000000000000000e+00 0.000000000000000000e+00 0.000000000000000000e+00 0.000000000000000000e+00 0.000000000000000000e+00 0.000000000000000000e+00 0.000000000000000000e+00 0.000000000000000000e+00 0.000000000000000000e+00 0.000000000000000000e+00 0.000000000000000000e+00 0.000000000000000000e+00 0.000000000000000000e+00 0.000000000000000000e+00 0.000000000000000000e+00 0.000000000000000000e+00 0.000000000000000000e+00 0.000000000000000000e+00 0.000000000000000000e+00 0.000000000000000000e+00 0.000000000000000000e+00 0.000000000000000000e+00
2.373846121624390362e-02 -2.100109254103207945e+01 -2.168161681945457815e+02 7.729381022729062134e-02 -2.374495312005104708e+01 -8.864849939728660644e+00 -8.433470133730331497e+00 1.254820801058906987e+01 3.080013369887957264e+00 -2.210007886906899088e+01 -1.630084055361162410e+00 1.509342608997227719e+00 1.167706810834415465e-01 -7.489491225309287792e+00 1.029583395579439653e+01 -1.553817613817543908e+01 -2.735031964840760565e+01 -1.098314782681719848e+01 0.000000000000000000e+00 0.000000000000000000e+00 0.000000000000000000e+00 0.000000000000000000e+00 0.000000000000000000e+00 0.000000000000000000e+00 0.000000000000000000e+00 0.000000000000000000e+00 0.000000000000000000e+00 3.345337852916418982e-08 1.225913365782768638e-06 6.674455696255414755e-06 1.882182928140733959e-05 3.997400745107250822e-05 7.310283590746690817e-05 1.223904417866997511e-04 1.897628038542028509e-04 2.801878847630660265e-04 3.973206952168699640e-04 5.367017035869350210e-04 6.919354974196375652e-04 8.394232602130430104e-04 9.328028228653739750e-04 8.773764733207774528e-04 5.750214779723455093e-04 -1.183646460890376919e-04 -8.202995929427560123e-04 2.131413599297359972e-04 -1.258408831099021123e-03 -4.414538203323411028e-03 -1.027822083336632150e-02 -2.130280996069006810e-02 -4.093033436257729335e-02 -7.397118563404699032e-02 -1.288460451765880976e-01 -2.132781105867248561e-01 -3.398319069776626344e-01 -5.379934363202131253e-01 -9.240677624594885176e-01 -1.532443302818866648e+00 -2.289985535798999106e+00 -3.452238616064176036e+00 -3.373865154304005465e-01 0.000000000000000000e+00 0.000000000000000000e+00 0.000000000000000000e+00 0.000000000000000000e+00 0.000000000000000000e+00 0.000000000000000000e+00 0.000000000000000000e+00 0.000000000000000000e+00 0.000000000000000000e+00 0.000000000000000000e+00 0.000000000000000000e+00 0.000000000000000000e+00 0.000000000000000000e+00 0.000000000000000000e+00 0.000000000000000000e+00 0.000000000000000000e+00 0.000000000000000000e+00 0.000000000000000000e+00 0.000000000000000000e+00 0.000000000000000000e+00 0.000000000000000000e+00 0.000000000000000000e+00 0.000000000000000000e+00 0.000000000000000000e+00 0.000000000000000000e+00 0.000000000000000000e+00 0.000000000000000000e+00 0.000000000000000000e+00 0.000000000000000000e+00 0.000000000000000000e+00 0.000000000000000000e+00 0.000000000000000000e+00 0.000000000000000000e+00 0.000000000000000000e+00 0.000000000000000000e+00 0.000000000000000000e+00 0.000000000000000000e+00 0.000000000000000000e+00 0.000000000000000000e+00 0.000000000000000000e+00 0.000000000000000000e+00 0.000000000000000000e+00 0.000000000000000000e+00 0.000000000000000000e+00 0.000000000000000000e+00 0.000000000000000000e+00 0.000000000000000000e+00
2.344814535716393422e+00 3.568156230653363309e+03 3.143545201072624695e+04 -2.104410113388493819e+00 3.442701439278947873e+03 9.144839839690303052e+02 6.332536656641602804e+02 -9.601906389481902124e+02 1.776990049694322124e+03 4.341614776763982263e+03 -3.040226212883217727e+01 -9.168975417070205935e+01 -7.489491225309288680e+00 2.750878090798898938e+03 -1.749296804790653368e+03 2.639988366895478975e+03 4.646911262980926040e+03 8.247042452958718286e+02 0.000000000000000000e+00 0.000000000000000000e+00 0.000000000000000000e+00 0.000000000000000000e+00 0.000000000000000000e+00 0.000000000000000000e+00 0.000000000000000000e+00 0.000000000000000000e+00 0.000000000000000000e+00 1.495355545160094758e-05 5.538057470057174700e-04 3.097669884293754484e-03 9.106414495830238154e-03 2.030733623363326079e-02 3.925742842527847609e-02 6.993213281532384418e-02 1.162134037126615338e-01 1.848945258537128267e-01 2.859239485084145160e-01 4.294943166078799002e-01 6.299623903481361697e-01 9.050740923744231559e-01 1.284496367842489661e+00 1.783565826723545467e+00 2.449880780429448901e+00 3.357165511899587784e+00 4.775471531970079120e+00 7.421842606031994194e+00 1.040371532794709708e+01 1.450238662386463417e+01 2.006464614513902944e+01 2.736551810064725743e+01 3.680920917996110120e+01 4.935426940784988403e+01 6.490389756495966367e+01 8.567702367420037035e+01 1.157193823862004081e+02 1.551495700154598865e+02 1.782966289631930294e+02 1.935221065535054663e+02 2.570560188696680370e+02 1.939362312939054789e+02 9.329604659589165294e+00 0.000000000000000000e+00 0.000000000000000000e+00 0.000000000000000000e+00 0.000000000000000000e+00 0.000000000000000000e+00 0.000000000000000000e+00 0.000000000000000000e+00 0.000000000000000000e+00 0.000000000000000000e+00 0.000000000000000000e+00 0.000000000000000000e+00 0.000000000000000000e+00 0.000000000000000000e+00 0.000000000000000000e+00 0.000000000000000000e+00 0.000000000000000000e+00 0.000000000000000000e+00 0.000000000000000000e+00 0.000000000000000000e+00 0.000000000000000000e+00 0.000000000000000000e+00 0.000000000000000000e+00 0.000000000000000000e+00 0.000000000000000000e+00 0.000000000000000000e+00 0.000000000000000000e+00 0.000000000000000000e+00 0.000000000000000000e+00 0.000000000000000000e+00 0.000000000000000000e+00 0.000000000000000000e+00 0.000000000000000000e+00 0.000000000000000000e+00 0.000000000000000000e+00 0.000000000000000000e+00 0.000000000000000000e+00 0.000000000000000000e+00 0.000000000000000000e+00 0.000000000000000000e+00 0.000000000000000000e+00 0.000000000000000000e+00 0.000000000000000000e+00 0.000000000000000000e+00 0.000000000000000000e+00 0.000000000000000000e+00 0.000000000000000000e+00 0.000000000000000000e+00
