1.484222026075422973e-01 1.366586379744484159e+00 1.606719082073879079e+01 -4.113666059410058667e-03 1.379773526264019168e+00 6.089967103093769651e-01 3.913286904234725694e-01 4.475431870469359086e-01 1.146547924792857276e-01 1.699027041386930614e+00 4.865246990273162098e-01
1.366586379744484159e+00 1.098268962670274050e+03 1.255325392533300146e+04 -1.674731586280970186e+00 1.078013426733418328e+03 3.357009446724974850e+02 2.693682800850357353e+02 2.293387665893909571e+02 2.234819312758248770e+02 1.365437775431114687e+03 3.348957656390044804e+02
1.606719082073879079e+01 1.255325392533300146e+04 1.480202974121380248e+05 -2.325176244827709482e+01 1.271127541818809550e+04 3.951329106247565960e+03 3.648635735792604464e+03 3.065786589698236639e+03 1.934065113410260437e+03 1.560700310837668258e+04 4.536215837627042674e+03
-4.113666059410058667e-03 -1.674731586280970186e+00 -2.325176244827709482e+01 7.544787903615293549e-03 -1.996750186330169985e+00 -7.265051267944167002e-01 -9.269161683760770432e-01 -7.579770033818207242e-01 4.046831165654906082e-01 -2.082132746477551866e+00 -1.152401091151057155e+00
1.379773526264019168e+00 1.078013426733418328e+03 1.271127541818809550e+04 -1.996750186330169985e+00 1.091583556997929236e+03 3.393212513116944820e+02 3.133273919128066609e+02 2.632750939996845432e+02 1.660882646709980008e+02 1.340254805803583622e+03 3.895485273068759398e+02
6.089967103093769651e-01 3.357009446724974850e+02 3.951329106247565960e+03 -7.265051267944167002e-01 3.393212513116944820e+02 1.253186311220430014e+02 9.668670272175472746e+01 7.499135821794644130e+01 3.772457674911720460e+01 4.173647500601859974e+02 1.202070537959814089e+02
3.913286904234725694e-01 2.693682800850357353e+02 3.648635735792604464e+03 -9.269161683760770432e-01 3.133273919128066609e+02 9.668670272175472746e+01 1.376278543276223729e+02 1.120708214896605028e+02 -2.310312697091833911e+01 3.348957656390044804e+02 1.711076955079944639e+02
4.475431870469359086e-01 2.293387665893909571e+02 3.065786589698236639e+03 -7.579770033818207242e-01 2.632750939996845432e+02 7.499135821794644130e+01 1.120708214896605028e+02 1.063313830758655314e+02 -2.567766594786517942e+01 2.851285303652416587e+02 1.393335679936914460e+02
1.146547924792857276e-01 2.234819312758248770e+02 1.934065113410260437e+03 4.046831165654906082e-01 1.660882646709980008e+02 3.772457674911720460e+01 -2.310312697091833911e+01 -2.567766594786517942e+01 1.675886886499149284e+02 2.778469404692855846e+02 -2.872327578116594538e+01
1.699027041386930614e+00 1.365437775431114687e+03 1.560700310837668258e+04 -2.082132746477551866e+00 1.340254805803583622e+03 4.173647500601859974e+02 3.348957656390044804e+02 2.851285303652416587e+02 2.778469404692855846e+02 1.697599023504421666e+03 4.163637003121868361e+02
4.865246990273162098e-01 3.348957656390044804e+02 4.536215837627042674e+03 -1.152401091151057155e+00 3.895485273068759398e+02 1.202070537959814089e+02 1.711076955079944639e+02 1.393335679936914460e+02 -2.872327578116594538e+01 4.163637003121868361e+02 2.127319618916734782e+02
