4.802520481235140193e-01 1.890974791650266162e+00 1.955493940677609643e+01 -5.528244883220882581e-03 1.948968133587971385e+00 8.288049041654127480e-01 5.419419756814338740e-01 9.708672896596334256e-01 3.713493225295904088e-01 2.415261932757679197e+00 6.921995096954947080e-01
1.890974791650266162e+00 3.625589187823868997e+03 3.635962139496280724e+04 -5.961500986498895927e+00 3.623828331759008961e+03 1.171555459344315523e+03 8.815382299543678073e+02 7.372895322963036051e+02 7.232204613551673447e+02 4.630811361333244349e+03 1.125951407962053963e+03
1.955493940677609643e+01 3.635962139496280724e+04 3.768371398000571062e+05 -7.313268558221949434e+01 3.755795718642064458e+04 1.212307942230948720e+04 1.053654417117018602e+04 8.753996623159973751e+03 5.281726868172595459e+03 4.644060292739065335e+04 1.345788116891715072e+04
-5.528244883220882581e-03 -5.961500986498895927e+00 -7.313268558221949434e+01 2.940184639323296240e-02 -7.288862970041432909e+00 -2.745395031136434127e+00 -3.304801962160603956e+00 -2.721913047073824643e+00 1.687512775238715568e+00 -7.614372469884901129e+00 -4.221083437893677015e+00
1.948968133587971385e+00 3.623828331759008961e+03 3.755795718642064458e+04 -7.288862970041432909e+00 3.743262006407979698e+03 1.208262269882051214e+03 1.050138197852811572e+03 8.724783086857072476e+02 5.264100871014090899e+02 4.628562294533781824e+03 1.341296999097036405e+03
8.288049041654127480e-01 1.171555459344315523e+03 1.212307942230948720e+04 -2.745395031136434127e+00 1.208262269882051214e+03 4.592216082241085360e+02 3.368443722125345516e+02 2.571664698799796724e+02 1.186875317136896086e+02 1.496378119667760757e+03 4.302370359779291675e+02
5.419419756814338740e-01 8.815382299543678073e+02 1.053654417117018602e+04 -3.304801962160603956e+00 1.050138197852811572e+03 3.368443722125345516e+02 4.500827500722650143e+02 3.683135231838477921e+02 -9.815407747114920767e+01 1.125951407962053963e+03 5.748716152327649525e+02
9.708672896596334256e-01 7.372895322963036051e+02 8.753996623159973751e+03 -2.721913047073824643e+00 8.724783086857072476e+02 2.571664698799796724e+02 3.683135231838477921e+02 3.561483855386775303e+02 -1.152626992416794423e+02 9.417086619234645468e+02 4.704312483666019489e+02
3.713493225295904088e-01 7.232204613551673447e+02 5.281726868172595459e+03 1.687512775238715568e+00 5.264100871014090899e+02 1.186875317136896086e+02 -9.815407747114920767e+01 -1.152626992416794423e+02 6.052462886568154090e+02 9.237388340741264301e+02 -1.253680418733260922e+02
2.415261932757679197e+00 4.630811361333244349e+03 4.644060292739065335e+04 -7.614372469884901129e+00 4.628562294533781824e+03 1.496378119667760757e+03 1.125951407962053963e+03 9.417086619234645468e+02 9.237388340741264301e+02 5.914739026768860640e+03 1.438129998238824328e+03
6.921995096954947080e-01 1.125951407962053963e+03 1.345788116891715072e+04 -4.221083437893677015e+00 1.341296999097036405e+03 4.302370359779291675e+02 5.748716152327649525e+02 4.704312483666019489e+02 -1.253680418733260922e+02 1.438129998238824328e+03 7.342591422294386803e+02
