4.570427455605098110e+00 -4.880837923759681618e-01 -1.036601929756066554e+01 3.020683374208182198e-02 -1.913766339397273031e+00 -2.195016885464666334e+00 -1.655201437249361307e+00 2.107160047907813638e+00 7.540677133479585237e+00 -7.394650926378074640e-01 -2.507691718611757103e+00
-4.880837923759681618e-01 1.896327433463380294e+04 1.259375566885123699e+05 -5.694152696414619896e+01 2.325049278203888753e+04 6.228114898192096916e+03 6.845434583652143374e+03 6.858297674891275165e+03 1.304191660871759041e+03 2.873006568055544994e+04 1.037108791075608860e+04
-1.036601929756066554e+01 1.259375566885123699e+05 8.761209974095609505e+05 -4.698046308247380125e+02 1.617487702802305575e+05 4.523104677685413481e+04 5.371391999462881358e+04 5.405660293882735277e+04 -5.524728225448780904e+03 1.908000808015261427e+05 8.137858590102959715e+04
3.020683374208182198e-02 -5.694152696414619896e+01 -4.698046308247380125e+02 5.035837270750642691e-01 -8.673496187460489182e+01 -3.435879291499180965e+01 -3.958051847478891005e+01 -4.180636155825359879e+01 4.592607913839969314e+01 -8.626853046381511092e+01 -5.996595711186200361e+01
-1.913766339397273031e+00 2.325049278203888753e+04 1.617487702802305575e+05 -8.673496187460489182e+01 2.986193090283455604e+04 8.350520323420232671e+03 9.916621712925847532e+03 9.979887568879543323e+03 -1.019970984876510443e+03 3.522536102920103440e+04 1.502405059980817350e+04
-2.195016885464666334e+00 6.228114898192096916e+03 4.523104677685413481e+04 -3.435879291499180965e+01 8.350520323420232671e+03 3.184634340607462946e+03 3.051492106348482139e+03 2.884787374445649220e+03 -1.856405589671010375e+03 9.435825635043753209e+03 4.623123997050027356e+03
-1.655201437249361307e+00 6.845434583652143374e+03 5.371391999462881358e+04 -3.958051847478891005e+01 9.916621712925847532e+03 3.051492106348482139e+03 4.184247987634792480e+03 4.242296055456721660e+03 -2.474120743101402240e+03 1.037108791075608860e+04 6.339291273602777437e+03
2.107160047907813638e+00 6.858297674891275165e+03 5.405660293882735277e+04 -4.180636155825359879e+01 9.979887568879543323e+03 2.884787374445649220e+03 4.242296055456721660e+03 4.908780642729895590e+03 -3.200212130144716866e+03 1.039057597223924131e+04 6.427236254607848423e+03
7.540677133479585237e+00 1.304191660871759041e+03 -5.524728225448780904e+03 4.592607913839969314e+01 -1.019970984876510443e+03 -1.856405589671010375e+03 -2.474120743101402240e+03 -3.200212130144716866e+03 7.974372165294867045e+03 1.975898856688766273e+03 -3.748384914788007336e+03
-7.394650926378074640e-01 2.873006568055544994e+04 1.908000808015261427e+05 -8.626853046381511092e+01 3.522536102920103440e+04 9.435825635043753209e+03 1.037108791075608860e+04 1.039057597223924131e+04 1.975898856688766273e+03 4.352711770358775539e+04 1.571258378679100861e+04
-2.507691718611757103e+00 1.037108791075608860e+04 8.137858590102959715e+04 -5.996595711186200361e+01 1.502405059980817350e+04 4.623123997050027356e+03 6.339291273602777437e+03 6.427236254607848423e+03 -3.748384914788007336e+03 1.571258378679100861e+04 9.604261977381604083e+03
