5.173080634551282309e+00 4.999986577303995539e+00 2.549305939614303540e+01 -2.479408009760465659e-03 5.517240759348879031e+00 2.850534958086107795e-01 8.705144218783544829e-01 3.411444690660261347e+00 6.408358832341565225e+00 8.080766205633791444e+00 1.406888481213566022e+00
4.999986577303995539e+00 1.581985244520177548e+04 9.796816140473588894e+04 -5.333225552025394478e+01 2.120239571176984100e+04 4.451826641760308121e+03 6.743680445165450692e+03 7.860477762049708872e+03 1.567822433581097528e+02 2.556737444007887098e+04 1.089885026696807108e+04
2.549305939614303540e+01 9.796816140473588894e+04 6.373118396181818098e+05 -4.115086046827222503e+02 1.379278494321877952e+05 3.169102831079170937e+04 4.881950373385971761e+04 5.665832807564314862e+04 -1.235888125120203586e+04 1.583319866299181303e+05 7.890001099984973553e+04
-2.479408009760465659e-03 -5.333225552025394478e+01 -4.115086046827222503e+02 5.599240542382674102e-01 -8.905922240630683007e+01 -3.402887766012224802e+01 -4.145816931866885824e+01 -5.078289205620909286e+01 5.840532199954792958e+01 -8.619332900502942607e+01 -6.700293458755304243e+01
5.517240759348879031e+00 2.120239571176984100e+04 1.379278494321877952e+05 -8.905922240630683007e+01 2.985052287807134417e+04 6.858613177217645898e+03 1.056557989632212775e+04 1.226206835978237905e+04 -2.674725003363098494e+03 3.426641253875664552e+04 1.707564203405514854e+04
2.850534958086107795e-01 4.451826641760308121e+03 3.169102831079170937e+04 -3.402887766012224802e+01 6.858613177217645898e+03 2.610738269032043718e+03 2.847793356034382214e+03 3.182769762299331433e+03 -2.910633654746422053e+03 7.194853370881290175e+03 4.602482817959760723e+03
8.705144218783544829e-01 6.743680445165450692e+03 4.881950373385971761e+04 -4.145816931866885824e+01 1.056557989632212775e+04 2.847793356034382214e+03 4.501383706729532605e+03 5.190142075717196349e+03 -3.005488120521266865e+03 1.089885026696807108e+04 7.274945397062218944e+03
3.411444690660261347e+00 7.860477762049708872e+03 5.665832807564314862e+04 -5.078289205620909286e+01 1.226206835978237905e+04 3.182769762299331433e+03 5.190142075717196349e+03 6.583562848781550201e+03 -4.217716582616274536e+03 1.270377071571193119e+04 8.388087455728302302e+03
6.408358832341565225e+00 1.567822433581097528e+02 -1.235888125120203586e+04 5.840532199954792958e+01 -2.674725003363098494e+03 -2.910633654746422053e+03 -3.005488120521266865e+03 -4.217716582616274536e+03 9.577588078049375326e+03 2.533848109757919644e+02 -4.857342406874517110e+03
8.080766205633791444e+00 2.556737444007887098e+04 1.583319866299181303e+05 -8.619332900502942607e+01 3.426641253875664552e+04 7.194853370881290175e+03 1.089885026696807108e+04 1.270377071571193119e+04 2.533848109757919644e+02 4.132090599602687143e+04 1.761425946968572316e+04
1.406888481213566022e+00 1.089885026696807108e+04 7.890001099984973553e+04 -6.700293458755304243e+01 1.707564203405514854e+04 4.602482817959760723e+03 7.274945397062218944e+03 8.388087455728302302e+03 -4.857342406874517110e+03 1.761425946968572316e+04 1.175745814583959145e+04
