# A b_HI Tb sigma_NL sigma8tot n_s f DA H omegak omegaDE w0 wa h gamma sigma_8 fs8 bs8 pk0 pk1 pk2 pk3 pk4 pk5 pk6 pk7 pk8 pk9 pk10 pk11 pk12 pk13 pk14 pk15 pk16 pk17 pk18 pk19 pk20 pk21 pk22 pk23 pk24 pk25 pk26 pk27 pk28 pk29 pk30 pk31 pk32 pk33 pk34 pk35 pk36 pk37 pk38 pk39 pk40 pk41 pk42 pk43 pk44 pk45 pk46 pk47 pk48 pk49 pk50 pk51 pk52 pk53 pk54 pk55 pk56 pk57 pk58 pk59 pk60 pk61 pk62 pk63 pk64 pk65 pk66 pk67 pk68 pk69 pk70 pk71 pk72 pk73 pk74 pk75 pk76 pk77 pk78 pk79 pk80 pk81 pk82 pk83 pk84 pk85 pk86 pk87 pk88 pk89
1.291903460726449682e+00 -3.142297800191805823e+00 -2.824427671894908443e+01 1.467806951266621002e-02 -3.387748576645251752e+00 -1.818578357240603127e+00 -9.694144542145657351e-01 -1.583187758506724441e+00 1.880484092659085782e+00 -1.476950511971760527e+00 -9.173072223807510195e-01 6.041026887895436515e-01 4.855231996128297339e-02 3.714084090375997071e+00 1.440683038851654496e+00 -2.398572030790088849e+00 -4.178008085040896269e+00 -1.288936213243932150e+00 0.000000000000000000e+00 0.000000000000000000e+00 0.000000000000000000e+00 0.000000000000000000e+00 0.000000000000000000e+00 0.000000000000000000e+00 0.000000000000000000e+00 0.000000000000000000e+00 1.991483407509316614e-25 -3.335098848111055603e-20 1.875262709939614154e-19 -8.881855932705446260e-19 -5.071432572869306800e-18 6.306126580247398728e-18 6.171239826367565219e-18 -4.921729804134326505e-18 -5.751752136383854354e-17 -4.196924865885178214e-17 -8.262794478661020276e-17 8.489341336657488335e-17 -4.697676385086613875e-16 -1.466222773148453854e-16 -1.242077594432342101e-16 -5.659672755577523708e-16 -1.206821905657527799e-15 -9.556878089726825699e-16 -3.850176970616400046e-03 -8.654004403250452337e-02 -2.206389287237315033e-01 -2.777168596909818654e-01 -6.239398943352642696e-02 5.385785360028687574e-01 1.240197974665453451e+00 1.031533290769057976e+00 -1.117690550454665255e+00 -3.225293356870019057e+00 1.435371689682311547e-01 5.304530734562523442e+00 -1.147986748614873376e+00 -7.105565884431546131e+00 7.234326670477327248e+00 -2.739844850819492805e+00 -9.181201155417827442e-01 0.000000000000000000e+00 0.000000000000000000e+00 0.000000000000000000e+00 0.000000000000000000e+00 0.000000000000000000e+00 0.000000000000000000e+00 0.000000000000000000e+00 0.000000000000000000e+00 0.000000000000000000e+00 0.000000000000000000e+00 0.000000000000000000e+00 0.000000000000000000e+00 0.000000000000000000e+00 0.000000000000000000e+00 0.000000000000000000e+00 0.000000000000000000e+00 0.000000000000000000e+00 0.000000000000000000e+00 0.000000000000000000e+00 0.000000000000000000e+00 0.000000000000000000e+00 0.000000000000000000e+00 0.000000000000000000e+00 0.000000000000000000e+00 0.000000000000000000e+00 0.000000000000000000e+00 0.000000000000000000e+00 0.000000000000000000e+00 0.000000000000000000e+00 0.000000000000000000e+00 0.000000000000000000e+00 0.000000000000000000e+00 0.000000000000000000e+00 0.000000000000000000e+00 0.000000000000000000e+00 0.000000000000000000e+00 0.000000000000000000e+00 0.000000000000000000e+00 0.000000000000000000e+00 0.000000000000000000e+00 0.000000000000000000e+00 0.000000000000000000e+00 0.000000000000000000e+00 0.000000000000000000e+00 0.000000000000000000e+00 0.000000000000000000e+00 0.000000000000000000e+00
-3.142297800191805823e+00 8.872988656704425011e+03 7.640106575722526759e+04 -1.600650767134840180e+01 9.163895551255987812e+03 2.981600672117562226e+03 2.210510987445990850e+03 -2.646586556077479145e+03 2.323060177788450801e+03 1.014785000777521236e+04 2.679981312025981879e+02 -4.662160498445291523e+02 -4.458299099509509489e+01 5.301902451614408164e+03 -4.068094456501514287e+03 6.772910708905395950e+03 1.179755093356345787e+04 2.939101690825531477e+03 0.000000000000000000e+00 0.000000000000000000e+00 0.000000000000000000e+00 0.000000000000000000e+00 0.000000000000000000e+00 0.000000000000000000e+00 0.000000000000000000e+00 0.000000000000000000e+00 1.037498111570578600e-10 3.490986990412515441e-05 5.033698483130238151e-04 2.184841807154301162e-03 5.971869674540152342e-03 1.313839789335625487e-02 2.551273032883507111e-02 4.621196865724355035e-02 7.875140949500721022e-02 1.290666076103474946e-01 2.065758782916626290e-01 3.236392797766085572e-01 4.978674482332446360e-01 7.553181633067193035e-01 1.141654187128615217e+00 1.703587409235595596e+00 2.522347276763339696e+00 3.719046852621736399e+00 5.473047667160812146e+00 7.993743345713476778e+00 1.163203080945735834e+01 1.695714696224779416e+01 2.461482336532201387e+01 3.558361602889512199e+01 5.130361379304166292e+01 7.391144192573747773e+01 1.053265957434493743e+02 1.497360968962923948e+02 2.133436794972642474e+02 3.025657849029740873e+02 4.199502102117475602e+02 5.751564582069430571e+02 7.858089429882344348e+02 9.494259838211561373e+02 8.205517749282559237e+01 0.000000000000000000e+00 0.000000000000000000e+00 0.000000000000000000e+00 0.000000000000000000e+00 0.000000000000000000e+00 0.000000000000000000e+00 0.000000000000000000e+00 0.000000000000000000e+00 0.000000000000000000e+00 0.000000000000000000e+00 0.000000000000000000e+00 0.000000000000000000e+00 0.000000000000000000e+00 0.000000000000000000e+00 0.000000000000000000e+00 0.000000000000000000e+00 0.000000000000000000e+00 0.000000000000000000e+00 0.000000000000000000e+00 0.000000000000000000e+00 0.000000000000000000e+00 0.000000000000000000e+00 0.000000000000000000e+00 0.000000000000000000e+00 0.000000000000000000e+00 0.000000000000000000e+00 0.000000000000000000e+00 0.000000000000000000e+00 0.000000000000000000e+00 0.000000000000000000e+00 0.000000000000000000e+00 0.000000000000000000e+00 0.000000000000000000e+00 0.000000000000000000e+00 0.000000000000000000e+00 0.000000000000000000e+00 0.000000000000000000e+00 0.000000000000000000e+00 0.000000000000000000e+00 0.000000000000000000e+00 0.000000000000000000e+00 0.000000000000000000e+00 0.000000000000000000e+00 0.000000000000000000e+00 0.000000000000000000e+00 0.000000000000000000e+00 0.000000000000000000e+00
-2.824427671894908443e+01 7.640106575722526759e+04 6.818313071715426631e+05 -1.698153915964802820e+02 8.178198589992125926e+04 2.659970116797211449e+04 2.280126131946442911e+04 -2.736221036943516083e+04 1.367217880589342894e+04 8.636657302460064238e+04 3.202497307122408074e+03 -4.455158957286540499e+03 -4.277881320454733327e+02 4.338070434504015429e+04 -3.502841760571060877e+04 5.831829797820216481e+04 1.015830741503698518e+05 3.031662184788395825e+04 0.000000000000000000e+00 0.000000000000000000e+00 0.000000000000000000e+00 0.000000000000000000e+00 0.000000000000000000e+00 0.000000000000000000e+00 0.000000000000000000e+00 0.000000000000000000e+00 1.385918880811151591e-09 4.381684620980227799e-04 6.024309744641133738e-03 2.498355395596243630e-02 6.574884224187951820e-02 1.401577274354585956e-01 2.651461532703597856e-01 4.695085337883209142e-01 7.849922446593518011e-01 1.265796398883623164e+00 1.997302278584285551e+00 3.091311591918005863e+00 4.705157525205540203e+00 7.073869116939447643e+00 1.060556972260248365e+01 1.571746422790396558e+01 2.313460981526236182e+01 3.393653930820701703e+01 4.971681264545215129e+01 7.233896532131777235e+01 1.049226700808500681e+02 1.525153368742398357e+02 2.208665520317059361e+02 3.186564966159403980e+02 4.586234452667212622e+02 6.597732630262588600e+02 9.394697645728975886e+02 1.334603036983935453e+03 1.900709343971215731e+03 2.694623846997977580e+03 3.741905453586266958e+03 5.129091490211888413e+03 7.012405771195169109e+03 8.481932798635656582e+03 7.335863832885220290e+02 0.000000000000000000e+00 0.000000000000000000e+00 0.000000000000000000e+00 0.000000000000000000e+00 0.000000000000000000e+00 0.000000000000000000e+00 0.000000000000000000e+00 0.000000000000000000e+00 0.000000000000000000e+00 0.000000000000000000e+00 0.000000000000000000e+00 0.000000000000000000e+00 0.000000000000000000e+00 0.000000000000000000e+00 0.000000000000000000e+00 0.000000000000000000e+00 0.000000000000000000e+00 0.000000000000000000e+00 0.000000000000000000e+00 0.000000000000000000e+00 0.000000000000000000e+00 0.000000000000000000e+00 0.000000000000000000e+00 0.000000000000000000e+00 0.000000000000000000e+00 0.000000000000000000e+00 0.000000000000000000e+00 0.000000000000000000e+00 0.000000000000000000e+00 0.000000000000000000e+00 0.000000000000000000e+00 0.000000000000000000e+00 0.000000000000000000e+00 0.000000000000000000e+00 0.000000000000000000e+00 0.000000000000000000e+00 0.000000000000000000e+00 0.000000000000000000e+00 0.000000000000000000e+00 0.000000000000000000e+00 0.000000000000000000e+00 0.000000000000000000e+00 0.000000000000000000e+00 0.000000000000000000e+00 0.000000000000000000e+00 0.000000000000000000e+00 0.000000000000000000e+00
1.467806951266621002e-02 -1.600650767134840180e+01 -1.698153915964802820e+02 8.731715998903542830e-02 -2.036843983997189156e+01 -7.838679951861740491e+00 -9.014293733434598721e+00 1.094729405538535438e+01 7.336905886552721689e+00 -1.565220998653780882e+01 -2.325149473864899008e+00 1.764531133364264592e+00 1.671283010187410989e-01 -3.201262392132558698e+00 7.338675574273366919e+00 -1.221805317394798784e+01 -2.128229808774988996e+01 -1.198543056515024219e+01 0.000000000000000000e+00 0.000000000000000000e+00 0.000000000000000000e+00 0.000000000000000000e+00 0.000000000000000000e+00 0.000000000000000000e+00 0.000000000000000000e+00 0.000000000000000000e+00 -6.146559812584775397e-16 -2.060123430578001080e-10 -3.064063831971203004e-09 -1.427685389378747239e-08 -4.330341026341295196e-08 -1.079072217381504442e-07 -2.416884998697701673e-07 -5.140792247659709403e-07 -1.037788062896225380e-06 -2.031368808340442951e-06 -3.918602697508167245e-06 -7.461826062093521923e-06 -1.398638603155715146e-05 -2.596360489358051548e-05 -4.843383564293651588e-05 -8.934345175499151673e-05 -1.638673308442920615e-04 -3.004733332296685168e-04 -5.528399464871555343e-04 -1.009301838380452510e-03 -1.837749991584575150e-03 -3.370569564900712488e-03 -6.162863908961502615e-03 -1.121748535035816882e-02 -2.037288099262636945e-02 -3.720486918247779135e-02 -6.717140466350821071e-02 -1.208779125616903649e-01 -2.188565995328012881e-01 -3.948002182036894347e-01 -6.981044043186916959e-01 -1.219079068658278198e+00 -2.132390883158135519e+00 -3.251905779819195264e+00 -3.095460273251982586e-01 0.000000000000000000e+00 0.000000000000000000e+00 0.000000000000000000e+00 0.000000000000000000e+00 0.000000000000000000e+00 0.000000000000000000e+00 0.000000000000000000e+00 0.000000000000000000e+00 0.000000000000000000e+00 0.000000000000000000e+00 0.000000000000000000e+00 0.000000000000000000e+00 0.000000000000000000e+00 0.000000000000000000e+00 0.000000000000000000e+00 0.000000000000000000e+00 0.000000000000000000e+00 0.000000000000000000e+00 0.000000000000000000e+00 0.000000000000000000e+00 0.000000000000000000e+00 0.000000000000000000e+00 0.000000000000000000e+00 0.000000000000000000e+00 0.000000000000000000e+00 0.000000000000000000e+00 0.000000000000000000e+00 0.000000000000000000e+00 0.000000000000000000e+00 0.000000000000000000e+00 0.000000000000000000e+00 0.000000000000000000e+00 0.000000000000000000e+00 0.000000000000000000e+00 0.000000000000000000e+00 0.000000000000000000e+00 0.000000000000000000e+00 0.000000000000000000e+00 0.000000000000000000e+00 0.000000000000000000e+00 0.000000000000000000e+00 0.000000000000000000e+00 0.000000000000000000e+00 0.000000000000000000e+00 0.000000000000000000e+00 0.000000000000000000e+00 0.000000000000000000e+00
-3.387748576645251752e+00 9.163895551255987812e+03 8.178198589992125926e+04 -2.036843983997189156e+01 9.809307885083968358e+03 3.190490613998618301e+03 2.734888251852756639e+03 -3.281949477953249698e+03 1.639904068006465650e+03 1.035920437068661340e+04 3.841222702167991656e+02 -5.343722753626041140e+02 -5.131087794754862585e+01 5.203281389046194818e+03 -4.201469666464065995e+03 6.994965136971633001e+03 1.218434156726991023e+04 3.636315191776766824e+03 0.000000000000000000e+00 0.000000000000000000e+00 0.000000000000000000e+00 0.000000000000000000e+00 0.000000000000000000e+00 0.000000000000000000e+00 0.000000000000000000e+00 0.000000000000000000e+00 1.662334908602490340e-10 5.255594252153503578e-05 7.225834446306022511e-04 2.996642477202049026e-03 7.886218823637438161e-03 1.681116306677284122e-02 3.180285026530671466e-02 5.631501499902341612e-02 9.415558365982601430e-02 1.518254473751042277e-01 2.395656301888832440e-01 3.707861436742385663e-01 5.643582545065747302e-01 8.484724275558693796e-01 1.272080856938845095e+00 1.885225017315848683e+00 2.774871605061043134e+00 4.070504756827840964e+00 5.963263387869692345e+00 8.676668524454374420e+00 1.258490807752733254e+01 1.829339163306082483e+01 2.649175104462713648e+01 3.822112718946564058e+01 5.500940737052408025e+01 7.913624253745700798e+01 1.126843285598396847e+02 1.600784323110468392e+02 2.279798289306101537e+02 3.232055893340440207e+02 4.488213665539981889e+02 6.152068459161860119e+02 8.411002309111115665e+02 1.017362067781348628e+03 8.798972799203279749e+01 0.000000000000000000e+00 0.000000000000000000e+00 0.000000000000000000e+00 0.000000000000000000e+00 0.000000000000000000e+00 0.000000000000000000e+00 0.000000000000000000e+00 0.000000000000000000e+00 0.000000000000000000e+00 0.000000000000000000e+00 0.000000000000000000e+00 0.000000000000000000e+00 0.000000000000000000e+00 0.000000000000000000e+00 0.000000000000000000e+00 0.000000000000000000e+00 0.000000000000000000e+00 0.000000000000000000e+00 0.000000000000000000e+00 0.000000000000000000e+00 0.000000000000000000e+00 0.000000000000000000e+00 0.000000000000000000e+00 0.000000000000000000e+00 0.000000000000000000e+00 0.000000000000000000e+00 0.000000000000000000e+00 0.000000000000000000e+00 0.000000000000000000e+00 0.000000000000000000e+00 0.000000000000000000e+00 0.000000000000000000e+00 0.000000000000000000e+00 0.000000000000000000e+00 0.000000000000000000e+00 0.000000000000000000e+00 0.000000000000000000e+00 0.000000000000000000e+00 0.000000000000000000e+00 0.000000000000000000e+00 0.000000000000000000e+00 0.000000000000000000e+00 0.000000000000000000e+00 0.000000000000000000e+00 0.000000000000000000e+00 0.000000000000000000e+00 0.000000000000000000e+00
-1.818578357240603127e+00 2.981600672117562226e+03 2.659970116797211449e+04 -7.838679951861740491e+00 3.190490613998618301e+03 1.234348472454609464e+03 8.883877429754052173e+02 -9.667221893366863696e+02 3.152574093772315678e+02 3.238140184639513336e+03 1.813135237482670448e+02 -2.035757130697043351e+02 -1.901971350667278315e+01 1.347217505454771981e+03 -1.367006499729676989e+03 2.275909042958811824e+03 3.964344726877941866e+03 1.181202867715438515e+03 0.000000000000000000e+00 0.000000000000000000e+00 0.000000000000000000e+00 0.000000000000000000e+00 0.000000000000000000e+00 0.000000000000000000e+00 0.000000000000000000e+00 0.000000000000000000e+00 -1.953704243831764832e-10 -5.964501518726957584e-05 -7.918282754886925767e-04 -3.143364840595242772e-03 -7.886279738159002184e-03 -1.598650132389271145e-02 -2.867923499938435095e-02 -4.793944955625099175e-02 -7.546199527740954371e-02 -1.141509833000174251e-01 -1.681065527105181923e-01 -2.415093683051170725e-01 -3.394575406956673036e-01 -4.682453947525231364e-01 -6.374967645481202094e-01 -8.503826653174294536e-01 -1.113527652952377656e+00 -1.429835930805150257e+00 -1.793014992964116816e+00 -2.175603872956869633e+00 -2.529741485320019301e+00 -2.752991242470400390e+00 -2.655786495348828602e+00 -1.926090750886638059e+00 -3.210970464018832876e-02 3.969361260408112990e+00 1.127960757839811556e+01 2.399425913473056227e+01 4.564231482202400514e+01 8.097739546236950048e+01 1.347936540919452568e+02 2.153477773638473707e+02 3.370452064852083822e+02 4.558460506161760577e+02 4.117861032180467618e+01 0.000000000000000000e+00 0.000000000000000000e+00 0.000000000000000000e+00 0.000000000000000000e+00 0.000000000000000000e+00 0.000000000000000000e+00 0.000000000000000000e+00 0.000000000000000000e+00 0.000000000000000000e+00 0.000000000000000000e+00 0.000000000000000000e+00 0.000000000000000000e+00 0.000000000000000000e+00 0.000000000000000000e+00 0.000000000000000000e+00 0.000000000000000000e+00 0.000000000000000000e+00 0.000000000000000000e+00 0.000000000000000000e+00 0.000000000000000000e+00 0.000000000000000000e+00 0.000000000000000000e+00 0.000000000000000000e+00 0.000000000000000000e+00 0.000000000000000000e+00 0.000000000000000000e+00 0.000000000000000000e+00 0.000000000000000000e+00 0.000000000000000000e+00 0.000000000000000000e+00 0.000000000000000000e+00 0.000000000000000000e+00 0.000000000000000000e+00 0.000000000000000000e+00 0.000000000000000000e+00 0.000000000000000000e+00 0.000000000000000000e+00 0.000000000000000000e+00 0.000000000000000000e+00 0.000000000000000000e+00 0.000000000000000000e+00 0.000000000000000000e+00 0.000000000000000000e+00 0.000000000000000000e+00 0.000000000000000000e+00 0.000000000000000000e+00 0.000000000000000000e+00
-9.694144542145657351e-01 2.210510987445990850e+03 2.280126131946442911e+04 -9.014293733434598721e+00 2.734888251852756639e+03 8.883877429754052173e+02 1.142690043459414483e+03 -1.377989788457408167e+03 -4.159603419795364516e+02 2.369147978958222666e+03 2.073770213859876037e+02 -1.854079928509127910e+02 -1.800554670516693179e+01 9.639497117707969664e+02 -1.013476726048775845e+03 1.687322515363915045e+03 2.939101690825531477e+03 1.519323929125288714e+03 0.000000000000000000e+00 0.000000000000000000e+00 0.000000000000000000e+00 0.000000000000000000e+00 0.000000000000000000e+00 0.000000000000000000e+00 0.000000000000000000e+00 0.000000000000000000e+00 1.032440039305368051e-10 3.031385533825182795e-05 3.909518609635002592e-04 1.513919151724489815e-03 3.739052307237506357e-03 7.520147698947579964e-03 1.350018470832281200e-02 2.276283047450655336e-02 3.641620804541247786e-02 5.642469014768127650e-02 8.580787750200448427e-02 1.284895851145194112e-01 1.897521730023972453e-01 2.777620091112106837e-01 4.062429276322491178e-01 5.891876712304302544e-01 8.508598005191706504e-01 1.227196331549944786e+00 1.770606136230392202e+00 2.542768576757790999e+00 3.646542260411240743e+00 5.246677845054126266e+00 7.533820685200726786e+00 1.079171421993176594e+01 1.543228991685264262e+01 2.208343765856114160e+01 3.135470850229432926e+01 4.442082308438075700e+01 6.316023642327409249e+01 8.942070594753768376e+01 1.244059202239631361e+02 1.710508995953819351e+02 2.344484845240853588e+02 2.847474687115557686e+02 2.469227159719535436e+01 0.000000000000000000e+00 0.000000000000000000e+00 0.000000000000000000e+00 0.000000000000000000e+00 0.000000000000000000e+00 0.000000000000000000e+00 0.000000000000000000e+00 0.000000000000000000e+00 0.000000000000000000e+00 0.000000000000000000e+00 0.000000000000000000e+00 0.000000000000000000e+00 0.000000000000000000e+00 0.000000000000000000e+00 0.000000000000000000e+00 0.000000000000000000e+00 0.000000000000000000e+00 0.000000000000000000e+00 0.000000000000000000e+00 0.000000000000000000e+00 0.000000000000000000e+00 0.000000000000000000e+00 0.000000000000000000e+00 0.000000000000000000e+00 0.000000000000000000e+00 0.000000000000000000e+00 0.000000000000000000e+00 0.000000000000000000e+00 0.000000000000000000e+00 0.000000000000000000e+00 0.000000000000000000e+00 0.000000000000000000e+00 0.000000000000000000e+00 0.000000000000000000e+00 0.000000000000000000e+00 0.000000000000000000e+00 0.000000000000000000e+00 0.000000000000000000e+00 0.000000000000000000e+00 0.000000000000000000e+00 0.000000000000000000e+00 0.000000000000000000e+00 0.000000000000000000e+00 0.000000000000000000e+00 0.000000000000000000e+00 0.000000000000000000e+00 0.000000000000000000e+00
-1.583187758506724441e+00 -2.646586556077479145e+03 -2.736221036943516083e+04 1.094729405538535438e+01 -3.281949477953249698e+03 -9.667221893366863696e+02 -1.377989788457408167e+03 1.996875054001426861e+03 7.494620562013550398e+02 -2.858621412109265748e+03 -2.675544318598505811e+02 2.302209664838985645e+02 2.278327434671928842e+01 -1.234757989395849791e+03 1.213408977965391387e+03 -2.020186784996960569e+03 -3.518909006134714673e+03 -1.832179138758720001e+03 -0.000000000000000000e+00 -0.000000000000000000e+00 -0.000000000000000000e+00 -0.000000000000000000e+00 -0.000000000000000000e+00 -0.000000000000000000e+00 -0.000000000000000000e+00 -0.000000000000000000e+00 -1.997118840615809888e-10 -5.900464901265966791e-05 -7.795084179086544506e-04 -3.145978951676908081e-03 -8.151388430563835316e-03 -1.723260562716875943e-02 -3.239742869366967620e-02 -5.699131481752865019e-02 -9.427276619035793170e-02 -1.499169839708663632e-01 -2.319007628608018290e-01 -3.483838700731174409e-01 -5.107764628952605745e-01 -7.317883559327957865e-01 -1.032369898671499975e+00 -1.420435748255366892e+00 -1.927731088909466539e+00 -2.603402909009207900e+00 -3.686803818661698262e+00 -5.838980479946873636e+00 -8.144400187147708081e+00 -1.128563030347901375e+01 -1.551743188992008982e+01 -2.099095781620980006e+01 -2.800758870630299313e+01 -3.731001544068692510e+01 -4.879849118019594556e+01 -6.489982735868461816e+01 -8.996043510561783307e+01 -1.257057026425744084e+02 -1.503120674733675912e+02 -1.782605058804226701e+02 -2.737961675113143656e+02 -2.775494465568216356e+02 -1.957703581886435984e+01 -0.000000000000000000e+00 -0.000000000000000000e+00 -0.000000000000000000e+00 -0.000000000000000000e+00 -0.000000000000000000e+00 -0.000000000000000000e+00 -0.000000000000000000e+00 -0.000000000000000000e+00 -0.000000000000000000e+00 -0.000000000000000000e+00 -0.000000000000000000e+00 -0.000000000000000000e+00 -0.000000000000000000e+00 -0.000000000000000000e+00 -0.000000000000000000e+00 -0.000000000000000000e+00 -0.000000000000000000e+00 -0.000000000000000000e+00 -0.000000000000000000e+00 -0.000000000000000000e+00 -0.000000000000000000e+00 -0.000000000000000000e+00 -0.000000000000000000e+00 -0.000000000000000000e+00 -0.000000000000000000e+00 -0.000000000000000000e+00 -0.000000000000000000e+00 -0.000000000000000000e+00 -0.000000000000000000e+00 -0.000000000000000000e+00 -0.000000000000000000e+00 -0.000000000000000000e+00 -0.000000000000000000e+00 -0.000000000000000000e+00 -0.000000000000000000e+00 -0.000000000000000000e+00 -0.000000000000000000e+00 -0.000000000000000000e+00 -0.000000000000000000e+00 -0.000000000000000000e+00 -0.000000000000000000e+00 -0.000000000000000000e+00 -0.000000000000000000e+00 -0.000000000000000000e+00 -0.000000000000000000e+00 -0.000000000000000000e+00 -0.000000000000000000e+00
1.880484092659085782e+00 2.323060177788450801e+03 1.367217880589342894e+04 7.336905886552721689e+00 1.639904068006465650e+03 3.152574093772315678e+02 -4.159603419795364516e+02 7.494620562013550398e+02 3.081325019350231287e+03 3.181786593798238300e+03 -3.133320936845536266e+02 6.944773713165288598e+01 6.558820489332843451e+00 2.631300010239487165e+03 -1.065078362772376749e+03 1.773233322425872984e+03 3.088747414151595422e+03 -5.530620527885034790e+02 0.000000000000000000e+00 0.000000000000000000e+00 0.000000000000000000e+00 0.000000000000000000e+00 0.000000000000000000e+00 0.000000000000000000e+00 0.000000000000000000e+00 0.000000000000000000e+00 1.623120820700450399e-10 5.427642156307944796e-05 7.643778045030473001e-04 3.190632268590829369e-03 8.310663398797317469e-03 1.738386025467017135e-02 3.207064374724727385e-02 5.513533985921751507e-02 8.913082182194467795e-02 1.387870712363324099e-01 2.108052888799273328e-01 3.125181659079510066e-01 4.544110834561709833e-01 6.498401559238037306e-01 9.214715425252344438e-01 1.285158109472875010e+00 1.779342014530429505e+00 2.461744795439416489e+00 3.508769057467474806e+00 5.328447724411690345e+00 7.481099246615046106e+00 1.046072318627243192e+01 1.451554690650101342e+01 1.987699738532910132e+01 2.688230442833491196e+01 3.607000034757054863e+01 4.721636953815698945e+01 6.136778263560862001e+01 7.981633273526352923e+01 1.007896483067454625e+02 1.070354479008881867e+02 9.644451360139005658e+01 8.405909920251208689e+01 -1.763249678858210245e+01 -7.681639666787874354e+00 0.000000000000000000e+00 0.000000000000000000e+00 0.000000000000000000e+00 0.000000000000000000e+00 0.000000000000000000e+00 0.000000000000000000e+00 0.000000000000000000e+00 0.000000000000000000e+00 0.000000000000000000e+00 0.000000000000000000e+00 0.000000000000000000e+00 0.000000000000000000e+00 0.000000000000000000e+00 0.000000000000000000e+00 0.000000000000000000e+00 0.000000000000000000e+00 0.000000000000000000e+00 0.000000000000000000e+00 0.000000000000000000e+00 0.000000000000000000e+00 0.000000000000000000e+00 0.000000000000000000e+00 0.000000000000000000e+00 0.000000000000000000e+00 0.000000000000000000e+00 0.000000000000000000e+00 0.000000000000000000e+00 0.000000000000000000e+00 0.000000000000000000e+00 0.000000000000000000e+00 0.000000000000000000e+00 0.000000000000000000e+00 0.000000000000000000e+00 0.000000000000000000e+00 0.000000000000000000e+00 0.000000000000000000e+00 0.000000000000000000e+00 0.000000000000000000e+00 0.000000000000000000e+00 0.000000000000000000e+00 0.000000000000000000e+00 0.000000000000000000e+00 0.000000000000000000e+00 0.000000000000000000e+00 0.000000000000000000e+00 0.000000000000000000e+00 0.000000000000000000e+00
-1.476950511971760527e+00 1.014785000777521236e+04 8.636657302460064238e+04 -1.565220998653780882e+01 1.035920437068661340e+04 3.238140184639513336e+03 2.369147978958222666e+03 -2.858621412109265748e+03 3.181786593798238300e+03 1.176926130796276448e+04 2.115256246742507642e+02 -4.848185568444457658e+02 -4.668663501224411760e+01 6.470071171776120536e+03 -4.652593839489046331e+03 7.746035146578682543e+03 1.349261020889846623e+04 3.150025885561055020e+03 0.000000000000000000e+00 0.000000000000000000e+00 0.000000000000000000e+00 0.000000000000000000e+00 0.000000000000000000e+00 0.000000000000000000e+00 0.000000000000000000e+00 0.000000000000000000e+00 2.405919806649086874e-10 7.772213227963578445e-05 1.085958023481108483e-03 4.569209656003234664e-03 1.214329887653710707e-02 2.606315563068833940e-02 4.948099651799000437e-02 8.771308555653792305e-02 1.463172523111621048e-01 2.349242808899080215e-01 3.680812821394918721e-01 5.633783127898535081e-01 8.458127132521913172e-01 1.249867897930390770e+00 1.835154528011569974e+00 2.654394234722413870e+00 3.810736687095227282e+00 5.458836167935317008e+00 7.929731528079871694e+00 1.184090625675558250e+01 1.697985218040539479e+01 2.433971788637875733e+01 3.471661620638340651e+01 4.916600067386740136e+01 6.926940949819663729e+01 9.750113754866480065e+01 1.354895828762194583e+02 1.884454660415476894e+02 2.642604777063238544e+02 3.687108757423638963e+02 4.884652343338010496e+02 6.369363978302994838e+02 8.610016874662566124e+02 9.687353825839921910e+02 7.940325839993282386e+01 0.000000000000000000e+00 0.000000000000000000e+00 0.000000000000000000e+00 0.000000000000000000e+00 0.000000000000000000e+00 0.000000000000000000e+00 0.000000000000000000e+00 0.000000000000000000e+00 0.000000000000000000e+00 0.000000000000000000e+00 0.000000000000000000e+00 0.000000000000000000e+00 0.000000000000000000e+00 0.000000000000000000e+00 0.000000000000000000e+00 0.000000000000000000e+00 0.000000000000000000e+00 0.000000000000000000e+00 0.000000000000000000e+00 0.000000000000000000e+00 0.000000000000000000e+00 0.000000000000000000e+00 0.000000000000000000e+00 0.000000000000000000e+00 0.000000000000000000e+00 0.000000000000000000e+00 0.000000000000000000e+00 0.000000000000000000e+00 0.000000000000000000e+00 0.000000000000000000e+00 0.000000000000000000e+00 0.000000000000000000e+00 0.000000000000000000e+00 0.000000000000000000e+00 0.000000000000000000e+00 0.000000000000000000e+00 0.000000000000000000e+00 0.000000000000000000e+00 0.000000000000000000e+00 0.000000000000000000e+00 0.000000000000000000e+00 0.000000000000000000e+00 0.000000000000000000e+00 0.000000000000000000e+00 0.000000000000000000e+00 0.000000000000000000e+00 0.000000000000000000e+00
-9.173072223807510195e-01 2.679981312025981879e+02 3.202497307122408074e+03 -2.325149473864899008e+00 3.841222702167991656e+02 1.813135237482670448e+02 2.073770213859876037e+02 -2.675544318598505811e+02 -3.133320936845536266e+02 2.115256246742509063e+02 7.110971647735394185e+01 -4.579877410975156948e+01 -4.286559454615924913e+00 -6.988121861142548141e+01 -1.228719830577343970e+02 2.045677598626481029e+02 3.563310768546378426e+02 2.757290769670105988e+02 0.000000000000000000e+00 0.000000000000000000e+00 0.000000000000000000e+00 0.000000000000000000e+00 0.000000000000000000e+00 0.000000000000000000e+00 0.000000000000000000e+00 0.000000000000000000e+00 -4.219094928719497964e-11 -1.331801577781649758e-05 -1.811425324782608059e-04 -7.358656694100144426e-04 -1.880119087314981608e-03 -3.876156291376965483e-03 -7.063772792978879889e-03 -1.200050733113386565e-02 -1.914454724479884920e-02 -2.937571311780347305e-02 -4.381799971200257826e-02 -6.340873181371962930e-02 -8.947018343619257685e-02 -1.230894798060769707e-01 -1.658846251567973051e-01 -2.166222103784024022e-01 -2.772377412315676359e-01 -3.508815818223798288e-01 -4.779304395020508300e-01 -7.860185072629166658e-01 -1.051202997811296003e+00 -1.380052164528695391e+00 -1.776000097502767439e+00 -2.190377417948476957e+00 -2.558617407364025542e+00 -2.822125574584161800e+00 -2.702452994560845312e+00 -2.178476955532382853e+00 -1.237911375689414895e+00 1.065088034704684716e+00 1.083739879543742646e+01 2.821458787954287928e+01 4.570777492213908033e+01 8.579091198801368989e+01 9.156964587826742275e+00 0.000000000000000000e+00 0.000000000000000000e+00 0.000000000000000000e+00 0.000000000000000000e+00 0.000000000000000000e+00 0.000000000000000000e+00 0.000000000000000000e+00 0.000000000000000000e+00 0.000000000000000000e+00 0.000000000000000000e+00 0.000000000000000000e+00 0.000000000000000000e+00 0.000000000000000000e+00 0.000000000000000000e+00 0.000000000000000000e+00 0.000000000000000000e+00 0.000000000000000000e+00 0.000000000000000000e+00 0.000000000000000000e+00 0.000000000000000000e+00 0.000000000000000000e+00 0.000000000000000000e+00 0.000000000000000000e+00 0.000000000000000000e+00 0.000000000000000000e+00 0.000000000000000000e+00 0.000000000000000000e+00 0.000000000000000000e+00 0.000000000000000000e+00 0.000000000000000000e+00 0.000000000000000000e+00 0.000000000000000000e+00 0.000000000000000000e+00 0.000000000000000000e+00 0.000000000000000000e+00 0.000000000000000000e+00 0.000000000000000000e+00 0.000000000000000000e+00 0.000000000000000000e+00 0.000000000000000000e+00 0.000000000000000000e+00 0.000000000000000000e+00 0.000000000000000000e+00 0.000000000000000000e+00 0.000000000000000000e+00 0.000000000000000000e+00 0.000000000000000000e+00
6.041026887895436515e-01 -4.662160498445291523e+02 -4.455158957286540499e+03 1.764531133364264592e+00 -5.343722753626041140e+02 -2.035757130697043351e+02 -1.854079928509127910e+02 2.302209664838985645e+02 6.944773713165288598e+01 -4.848185568444458795e+02 -4.579877410975156238e+01 4.047721085784656481e+01 3.818620374955883801e+00 -1.610989760396205099e+02 2.137510822209251273e+02 -3.558710372372304960e+02 -6.198821847844513968e+02 -2.465189941943230565e+02 0.000000000000000000e+00 0.000000000000000000e+00 0.000000000000000000e+00 0.000000000000000000e+00 0.000000000000000000e+00 0.000000000000000000e+00 0.000000000000000000e+00 0.000000000000000000e+00 1.889348980909233414e-11 5.860638976342764785e-06 7.850016870816515168e-05 3.134176961586802065e-04 7.863876758376646316e-04 1.591685281339058188e-03 2.845375695929914205e-03 4.733657073600541082e-03 7.375503522578994234e-03 1.102771051226696976e-02 1.595153840655627597e-02 2.219947286240445128e-02 2.983834993796524726e-02 3.849537275771080375e-02 4.736181439878663080e-02 5.404491545978550721e-02 5.658950236629591707e-02 5.222668101283164249e-02 5.620660431782154715e-02 1.299825331077181234e-01 1.393863463854193574e-01 1.212454752042395334e-01 5.383410813554068142e-02 -1.248812651517274136e-01 -5.021357906721374276e-01 -1.186584450516402933e+00 -2.396755048595231141e+00 -4.292103812102336491e+00 -7.095250272151459647e+00 -1.153410259855044373e+01 -2.098199829398987148e+01 -3.580701931238456837e+01 -5.247997394721063102e+01 -7.951940214139703755e+01 -7.797951781846941266e+00 0.000000000000000000e+00 0.000000000000000000e+00 0.000000000000000000e+00 0.000000000000000000e+00 0.000000000000000000e+00 0.000000000000000000e+00 0.000000000000000000e+00 0.000000000000000000e+00 0.000000000000000000e+00 0.000000000000000000e+00 0.000000000000000000e+00 0.000000000000000000e+00 0.000000000000000000e+00 0.000000000000000000e+00 0.000000000000000000e+00 0.000000000000000000e+00 0.000000000000000000e+00 0.000000000000000000e+00 0.000000000000000000e+00 0.000000000000000000e+00 0.000000000000000000e+00 0.000000000000000000e+00 0.000000000000000000e+00 0.000000000000000000e+00 0.000000000000000000e+00 0.000000000000000000e+00 0.000000000000000000e+00 0.000000000000000000e+00 0.000000000000000000e+00 0.000000000000000000e+00 0.000000000000000000e+00 0.000000000000000000e+00 0.000000000000000000e+00 0.000000000000000000e+00 0.000000000000000000e+00 0.000000000000000000e+00 0.000000000000000000e+00 0.000000000000000000e+00 0.000000000000000000e+00 0.000000000000000000e+00 0.000000000000000000e+00 0.000000000000000000e+00 0.000000000000000000e+00 0.000000000000000000e+00 0.000000000000000000e+00 0.000000000000000000e+00 0.000000000000000000e+00
4.855231996128297339e-02 -4.458299099509509489e+01 -4.277881320454733327e+02 1.671283010187410989e-01 -5.131087794754863296e+01 -1.901971350667278315e+01 -1.800554670516693179e+01 2.278327434671928842e+01 6.558820489332843451e+00 -4.668663501224412471e+01 -4.286559454615924913e+00 3.818620374955884245e+00 3.620017147802036539e-01 -1.628972785392685907e+01 2.044044295992218352e+01 -3.403099325699624700e+01 -5.927767152478131152e+01 -2.394022606806299436e+01 0.000000000000000000e+00 0.000000000000000000e+00 0.000000000000000000e+00 0.000000000000000000e+00 0.000000000000000000e+00 0.000000000000000000e+00 0.000000000000000000e+00 0.000000000000000000e+00 1.250712190420676071e-12 3.920518443801493253e-07 5.261894795314233381e-06 2.092584208577471722e-05 5.201983073286679219e-05 1.039711797414831696e-04 1.830464991041404177e-04 2.990742880266551826e-04 4.563335266828920790e-04 6.664507845112543167e-04 9.372550637902041411e-04 1.258342614037428293e-03 1.614560964086891393e-03 1.950555889211427448e-03 2.158390078235521842e-03 2.017829129589970329e-03 1.302276135516805024e-03 -3.167191473199006645e-04 -1.967309127005523704e-03 4.230646969154341756e-04 -2.994885828569579782e-03 -1.030136529852931741e-02 -2.381789835153636653e-02 -4.913009724281699325e-02 -9.424149746184873333e-02 -1.697494509976297805e-01 -2.940859010543248053e-01 -4.850567556576280692e-01 -7.690680575599151414e-01 -1.210707892193210400e+00 -2.058375970117340081e+00 -3.366930480148804694e+00 -4.944180980172914630e+00 -7.236959988908157726e+00 -6.959261254047169887e-01 0.000000000000000000e+00 0.000000000000000000e+00 0.000000000000000000e+00 0.000000000000000000e+00 0.000000000000000000e+00 0.000000000000000000e+00 0.000000000000000000e+00 0.000000000000000000e+00 0.000000000000000000e+00 0.000000000000000000e+00 0.000000000000000000e+00 0.000000000000000000e+00 0.000000000000000000e+00 0.000000000000000000e+00 0.000000000000000000e+00 0.000000000000000000e+00 0.000000000000000000e+00 0.000000000000000000e+00 0.000000000000000000e+00 0.000000000000000000e+00 0.000000000000000000e+00 0.000000000000000000e+00 0.000000000000000000e+00 0.000000000000000000e+00 0.000000000000000000e+00 0.000000000000000000e+00 0.000000000000000000e+00 0.000000000000000000e+00 0.000000000000000000e+00 0.000000000000000000e+00 0.000000000000000000e+00 0.000000000000000000e+00 0.000000000000000000e+00 0.000000000000000000e+00 0.000000000000000000e+00 0.000000000000000000e+00 0.000000000000000000e+00 0.000000000000000000e+00 0.000000000000000000e+00 0.000000000000000000e+00 0.000000000000000000e+00 0.000000000000000000e+00 0.000000000000000000e+00 0.000000000000000000e+00 0.000000000000000000e+00 0.000000000000000000e+00 0.000000000000000000e+00
3.714084090375997071e+00 5.301902451614409074e+03 4.338070434504015429e+04 -3.201262392132559143e+00 5.203281389046194818e+03 1.347217505454771981e+03 9.639497117707969664e+02 -1.234757989395849791e+03 2.631300010239487165e+03 6.470071171776119627e+03 -6.988121861142542457e+01 -1.610989760396204815e+02 -1.628972785392685907e+01 4.183934331237928745e+03 -2.430820189996198678e+03 4.047036830705057582e+03 7.049424566822094675e+03 1.281670276160775757e+03 0.000000000000000000e+00 0.000000000000000000e+00 0.000000000000000000e+00 0.000000000000000000e+00 0.000000000000000000e+00 0.000000000000000000e+00 0.000000000000000000e+00 0.000000000000000000e+00 3.857292947161309837e-10 1.209500833106072319e-04 1.650182894190329458e-03 6.776734840574300672e-03 1.760702020321269420e-02 3.701749019615124120e-02 6.891769693356221416e-02 1.198192962104455694e-01 1.959103982858821369e-01 3.082821922636937439e-01 4.725824656790047484e-01 7.053459973844316000e-01 1.029950239244065369e+00 1.474288261183518411e+00 2.085056816457269147e+00 2.887954318092236683e+00 3.958266666382876942e+00 5.410567073270892813e+00 7.687113612649463690e+00 1.192185087669117394e+01 1.668292937618011962e+01 2.322154219990244073e+01 3.207525074128135856e+01 4.365600376837834062e+01 5.864789767890518135e+01 7.841346248261757523e+01 1.026023831447164127e+02 1.348784451890596188e+02 1.811602758810395244e+02 2.412715785895233864e+02 2.735970852454746591e+02 2.907667972497436040e+02 3.757817566182246765e+02 2.672654733583817119e+02 1.173617317479768296e+01 0.000000000000000000e+00 0.000000000000000000e+00 0.000000000000000000e+00 0.000000000000000000e+00 0.000000000000000000e+00 0.000000000000000000e+00 0.000000000000000000e+00 0.000000000000000000e+00 0.000000000000000000e+00 0.000000000000000000e+00 0.000000000000000000e+00 0.000000000000000000e+00 0.000000000000000000e+00 0.000000000000000000e+00 0.000000000000000000e+00 0.000000000000000000e+00 0.000000000000000000e+00 0.000000000000000000e+00 0.000000000000000000e+00 0.000000000000000000e+00 0.000000000000000000e+00 0.000000000000000000e+00 0.000000000000000000e+00 0.000000000000000000e+00 0.000000000000000000e+00 0.000000000000000000e+00 0.000000000000000000e+00 0.000000000000000000e+00 0.000000000000000000e+00 0.000000000000000000e+00 0.000000000000000000e+00 0.000000000000000000e+00 0.000000000000000000e+00 0.000000000000000000e+00 0.000000000000000000e+00 0.000000000000000000e+00 0.000000000000000000e+00 0.000000000000000000e+00 0.000000000000000000e+00 0.000000000000000000e+00 0.000000000000000000e+00 0.000000000000000000e+00 0.000000000000000000e+00 0.000000000000000000e+00 0.000000000000000000e+00 0.000000000000000000e+00 0.000000000000000000e+00
