2.636657008716337902e+00 5.411475373939102163e+00 2.992430659723972042e+01 -4.962621814950773924e-03 8.857273786328958565e+00 2.541928680615806346e+00 3.118043920453574813e+00 2.371416871275317639e+00 3.374038215160823029e+00 1.026743606594083680e+01 5.916005228117465542e+00
5.411475373939102163e+00 4.883355362002576840e+03 2.644448977877063953e+04 -1.319713113865656418e+01 7.827285332384425601e+03 2.937672534273454517e+02 2.653391528711461433e+03 4.019895358881785342e+03 4.029951571668992187e+02 9.265410170412258594e+03 5.034399308209905939e+03
2.992430659723972042e+01 2.644448977877063953e+04 1.497596596850091591e+05 -8.677142977933793588e+01 4.432725295295334945e+04 2.898797706959690004e+03 1.624813756286324497e+04 2.415161060811767311e+04 -1.059628502346081859e+03 5.017432203563954681e+04 3.082832353275113928e+04
-4.962621814950773924e-03 -1.319713113865656418e+01 -8.677142977933793588e+01 1.263492120064866331e-01 -2.568341250913750784e+01 -7.336314603479183738e+00 -1.155802610448701273e+01 -1.771074122364984404e+01 1.515744474497857652e+01 -2.503951156694630598e+01 -2.192956372818395394e+01
8.857273786328958565e+00 7.827285332384425601e+03 4.432725295295334945e+04 -2.568341250913750784e+01 1.312039142241585250e+04 8.580130289165291515e+02 4.809274441984573059e+03 7.148617691166050463e+03 -3.136386711778538938e+02 1.485106115555206088e+04 9.124853102804783703e+03
2.541928680615806346e+00 2.937672534273454517e+02 2.898797706959690004e+03 -7.336314603479183738e+00 8.580130289165291515e+02 7.147463188545443700e+02 5.345406087656853060e+02 7.336893051150708516e+02 -1.251906861599708918e+03 5.573778469653719867e+02 1.014207983202129640e+03
3.118043920453574813e+00 2.653391528711461433e+03 1.624813756286324497e+04 -1.155802610448701273e+01 4.809274441984573059e+03 5.345406087656853060e+02 1.980448465840565177e+03 2.867279625536062213e+03 -7.103039245602614074e+02 5.034399308209905939e+03 3.757594112473447694e+03
2.371416871275317639e+00 4.019895358881785342e+03 2.415161060811767311e+04 -1.771074122364984404e+01 7.148617691166050463e+03 7.336893051150708516e+02 2.867279625536062213e+03 4.387665278254102304e+03 -1.185180065763690209e+03 7.627128599320776630e+03 5.440218832029299847e+03
3.374038215160823029e+00 4.029951571668992187e+02 -1.059628502346081859e+03 1.515744474497857652e+01 -3.136386711778538938e+02 -1.251906861599708918e+03 -7.103039245602614074e+02 -1.185180065763690209e+03 3.202507930701422538e+03 7.646208704970968029e+02 -1.347691642085521153e+03
1.026743606594083680e+01 9.265410170412258594e+03 5.017432203563954681e+04 -2.503951156694630598e+01 1.485106115555206088e+04 5.573778469653719867e+02 5.034399308209905939e+03 7.627128599320776630e+03 7.646208704970968029e+02 1.757968021208561549e+04 9.551992655532629215e+03
5.916005228117465542e+00 5.034399308209905939e+03 3.082832353275113928e+04 -2.192956372818395394e+01 9.124853102804783703e+03 1.014207983202129640e+03 3.757594112473447694e+03 5.440218832029299847e+03 -1.347691642085521153e+03 9.551992655532629215e+03 7.129452625318550417e+03
