3.199455773501054701e+00 -3.774051834476984002e+00 -3.896009069046239226e+00 -7.497128331670565617e-03 -1.460845310469843339e+00 5.085573998415876318e+00 2.697192314967447935e+00 1.086578145084906022e-01 -4.010473301011979075e+00 -8.369405065634470731e+00 5.981342073169284568e+00
-3.774051834476984002e+00 4.809808657796484113e+03 2.360168662231148119e+04 -1.575500197701512484e+01 8.849674785234221417e+03 4.030783075134606719e+01 2.958660736071141400e+03 5.173927680452728055e+03 -6.736184608251399197e+01 1.066631798152635929e+04 6.561179135314979249e+03
-3.896009069046239226e+00 2.360168662231148119e+04 1.203377238234439719e+05 -9.140461261079006761e+01 4.512176342626625410e+04 1.634977222397952573e+03 1.607092844473349760e+04 2.755420324396631986e+04 -3.499172810570300953e+03 5.233952373673883994e+04 3.563917927837400930e+04
-7.497128331670565617e-03 -1.575500197701512484e+01 -9.140461261079006761e+01 1.807598709841700679e-01 -3.427302075569163264e+01 -9.819593447597293689e+00 -1.452881014969831064e+01 -2.549089262039020198e+01 2.326050006314159901e+01 -3.493857507491940595e+01 -3.221935007720361455e+01
-1.460845310469843339e+00 8.849674785234221417e+03 4.512176342626625410e+04 -3.427302075569163264e+01 1.691883035516826203e+04 6.130501150629372660e+02 6.025946048203761165e+03 1.033170813499540418e+04 -1.312047816176298966e+03 1.962519759271435032e+04 1.336324607954562998e+04
5.085573998415876318e+00 4.030783075134606719e+01 1.634977222397952573e+03 -9.819593447597293689e+00 6.130501150629372660e+02 1.043862379162476600e+03 5.180406533493707002e+02 8.077349129021555427e+02 -1.958954183683589463e+03 8.938736871424113417e+01 1.148816248027939537e+03
2.697192314967447935e+00 2.958660736071141400e+03 1.607092844473349760e+04 -1.452881014969831064e+01 6.025946048203761165e+03 5.180406533493707002e+02 2.352890211262626053e+03 3.925945157554726393e+03 -1.128917407175516246e+03 6.561179135314978339e+03 5.217811550209451525e+03
1.086578145084906022e-01 5.173927680452728055e+03 2.755420324396631986e+04 -2.549089262039020198e+01 1.033170813499540418e+04 8.077349129021555427e+02 3.925945157554726393e+03 6.819851426486719902e+03 -2.020425241538617456e+03 1.147379485952619507e+04 8.706246424300932631e+03
-4.010473301011979075e+00 -6.736184608251399197e+01 -3.499172810570300953e+03 2.326050006314159901e+01 -1.312047816176298966e+03 -1.958954183683589463e+03 -1.128917407175516246e+03 -2.020425241538617456e+03 4.520643400005628791e+03 -1.493828385405869312e+02 -2.503507498223607854e+03
-8.369405065634470731e+00 1.066631798152635929e+04 5.233952373673883994e+04 -3.493857507491940595e+01 1.962519759271435032e+04 8.938736871424113417e+01 6.561179135314978339e+03 1.147379485952619507e+04 -1.493828385405869312e+02 2.365381814068963649e+04 1.455018857716624734e+04
5.981342073169284568e+00 6.561179135314979249e+03 3.563917927837400930e+04 -3.221935007720361455e+01 1.336324607954562998e+04 1.148816248027939537e+03 5.217811550209451525e+03 8.706246424300932631e+03 -2.503507498223607854e+03 1.455018857716624734e+04 1.157111251650332997e+04
