# A b_HI Tb sigma_NL sigma8tot n_s f DA H omegak omegaDE w0 wa h gamma sigma_8 fs8 bs8 pk0 pk1 pk2 pk3 pk4 pk5 pk6 pk7 pk8 pk9 pk10 pk11 pk12 pk13 pk14 pk15 pk16 pk17 pk18 pk19 pk20 pk21 pk22 pk23 pk24 pk25 pk26 pk27 pk28 pk29 pk30 pk31 pk32 pk33 pk34 pk35 pk36 pk37 pk38 pk39 pk40 pk41 pk42 pk43 pk44 pk45 pk46 pk47 pk48 pk49 pk50 pk51 pk52 pk53 pk54 pk55 pk56 pk57 pk58 pk59 pk60 pk61 pk62 pk63 pk64 pk65 pk66 pk67 pk68 pk69 pk70 pk71 pk72 pk73 pk74 pk75 pk76 pk77 pk78 pk79 pk80 pk81 pk82 pk83 pk84 pk85 pk86 pk87 pk88 pk89
1.462865660841657089e-01 1.329106228900630127e+00 1.563253235419609410e+01 -4.007014930450378785e-03 1.342447135372585976e+00 5.917558228403136944e-01 3.813499382895073619e-01 -1.559683458319949700e+00 1.613227014791277503e-01 1.527195567853622871e+00 2.018177003856875054e-02 -3.027285510814160807e-02 -1.174521980453641437e-03 8.197105220344937937e-01 -7.442490929963344604e-01 9.086553337475778980e-01 1.652429335787907627e+00 4.741184801697313489e-01 0.000000000000000000e+00 0.000000000000000000e+00 0.000000000000000000e+00 0.000000000000000000e+00 0.000000000000000000e+00 0.000000000000000000e+00 0.000000000000000000e+00 0.000000000000000000e+00 0.000000000000000000e+00 0.000000000000000000e+00 8.452131283333367686e-22 -2.709763126058245794e-20 -2.034260030502152200e-19 3.807766095869212528e-19 4.271245502090473868e-19 -4.011310736303270931e-19 -5.139426801140115505e-18 -3.890189479306615405e-18 -8.080559697609922252e-18 8.621800912318282297e-18 -4.843241987754761223e-17 -1.513259394784972032e-17 -1.325700149669613157e-17 -6.099676208172194580e-17 -1.309738939384406281e-16 -1.040384480651668047e-16 -4.268347064634436935e-04 -9.604509282822045954e-03 -2.462364575216598184e-02 -3.115546550805094531e-02 -7.010644195091975464e-03 6.112693579409422123e-02 1.414893054716018783e-01 1.184472934285759615e-01 -1.305000376389372774e-01 -3.797152008763229336e-01 1.807708535216194165e-02 6.425523143724015673e-01 -1.499191270687904032e-01 -9.177690671293649016e-01 9.889274346349590239e-01 2.400020893824394708e-01 0.000000000000000000e+00 0.000000000000000000e+00 0.000000000000000000e+00 0.000000000000000000e+00 0.000000000000000000e+00 0.000000000000000000e+00 0.000000000000000000e+00 0.000000000000000000e+00 0.000000000000000000e+00 0.000000000000000000e+00 0.000000000000000000e+00 0.000000000000000000e+00 0.000000000000000000e+00 0.000000000000000000e+00 0.000000000000000000e+00 0.000000000000000000e+00 0.000000000000000000e+00 0.000000000000000000e+00 0.000000000000000000e+00 0.000000000000000000e+00 0.000000000000000000e+00 0.000000000000000000e+00 0.000000000000000000e+00 0.000000000000000000e+00 0.000000000000000000e+00 0.000000000000000000e+00 0.000000000000000000e+00 0.000000000000000000e+00 0.000000000000000000e+00 0.000000000000000000e+00 0.000000000000000000e+00 0.000000000000000000e+00 0.000000000000000000e+00 0.000000000000000000e+00 0.000000000000000000e+00 0.000000000000000000e+00 0.000000000000000000e+00 0.000000000000000000e+00 0.000000000000000000e+00 0.000000000000000000e+00 0.000000000000000000e+00 0.000000000000000000e+00 0.000000000000000000e+00 0.000000000000000000e+00 0.000000000000000000e+00 0.000000000000000000e+00 0.000000000000000000e+00 0.000000000000000000e+00
1.329106228900630127e+00 1.077162684610904307e+03 1.231821034431978478e+04 -1.642550212948489685e+00 1.057829007800537283e+03 3.283954270954917547e+02 2.649705947436016800e+02 -8.050753716378854961e+02 3.162945901000158528e+02 1.239726167872149290e+03 9.768715361467453562e+00 -2.059714106866388761e+01 -7.804477100477295037e-01 6.640518169701055058e+02 -6.031702610364477550e+02 7.364118814604810268e+02 1.339197109127528620e+03 3.294282837254174297e+02 0.000000000000000000e+00 0.000000000000000000e+00 0.000000000000000000e+00 0.000000000000000000e+00 0.000000000000000000e+00 0.000000000000000000e+00 0.000000000000000000e+00 0.000000000000000000e+00 0.000000000000000000e+00 0.000000000000000000e+00 1.244668893893951209e-06 4.632728234500683648e-05 2.646985533878678707e-04 8.126279191526742307e-04 1.909950029622513529e-03 3.913080562952700285e-03 7.235284534848697262e-03 1.257814754767892264e-02 2.096601966569258332e-02 3.390692637303149154e-02 5.338532706594359412e-02 8.260087969580180711e-02 1.266918550259460707e-01 1.913256420760480470e-01 2.861078348804849680e-01 4.253821030843153439e-01 6.314958952158320482e-01 9.286628078425395172e-01 1.360184995797550700e+00 1.994835196607077643e+00 2.912345148983747301e+00 4.234291302324927564e+00 6.142935224950562656e+00 8.924900518661575077e+00 1.288058258522006660e+01 1.854907840872391844e+01 2.680422648172341127e+01 3.862762179131581064e+01 5.528713525443588139e+01 7.894127781327780724e+01 1.131706560356934403e+02 6.855414445159047432e+01 0.000000000000000000e+00 0.000000000000000000e+00 0.000000000000000000e+00 0.000000000000000000e+00 0.000000000000000000e+00 0.000000000000000000e+00 0.000000000000000000e+00 0.000000000000000000e+00 0.000000000000000000e+00 0.000000000000000000e+00 0.000000000000000000e+00 0.000000000000000000e+00 0.000000000000000000e+00 0.000000000000000000e+00 0.000000000000000000e+00 0.000000000000000000e+00 0.000000000000000000e+00 0.000000000000000000e+00 0.000000000000000000e+00 0.000000000000000000e+00 0.000000000000000000e+00 0.000000000000000000e+00 0.000000000000000000e+00 0.000000000000000000e+00 0.000000000000000000e+00 0.000000000000000000e+00 0.000000000000000000e+00 0.000000000000000000e+00 0.000000000000000000e+00 0.000000000000000000e+00 0.000000000000000000e+00 0.000000000000000000e+00 0.000000000000000000e+00 0.000000000000000000e+00 0.000000000000000000e+00 0.000000000000000000e+00 0.000000000000000000e+00 0.000000000000000000e+00 0.000000000000000000e+00 0.000000000000000000e+00 0.000000000000000000e+00 0.000000000000000000e+00 0.000000000000000000e+00 0.000000000000000000e+00 0.000000000000000000e+00 0.000000000000000000e+00 0.000000000000000000e+00 0.000000000000000000e+00
1.563253235419609410e+01 1.231821034431978478e+04 1.453284920300252852e+05 -2.281270671514600323e+01 1.248011604219436413e+04 3.867520598815441190e+03 3.590328233527655811e+03 -1.076594423700583866e+04 2.737946730167963779e+03 1.407844245278785820e+04 1.516878868421464404e+02 -2.598064970012540584e+02 -9.858035540418430998e+00 7.337715787267296946e+03 -6.897730728176044977e+03 8.421454424187786572e+03 1.531478199014737584e+04 4.463724245048461853e+03 0.000000000000000000e+00 0.000000000000000000e+00 0.000000000000000000e+00 0.000000000000000000e+00 0.000000000000000000e+00 0.000000000000000000e+00 0.000000000000000000e+00 0.000000000000000000e+00 0.000000000000000000e+00 0.000000000000000000e+00 2.071877112167976544e-05 7.347478667564371355e-04 4.009397389054757642e-03 1.184830889291458265e-02 2.698585411516907229e-02 5.383019959302362545e-02 9.735963879227385598e-02 1.660991921502248114e-01 2.725261533187225416e-01 4.347265472793231389e-01 6.764572090671611138e-01 1.035867573037452471e+00 1.574590961878257200e+00 2.359743565713161573e+00 3.505549643702914775e+00 5.182439212016089591e+00 7.652944880390203153e+00 1.120624826000954322e+01 1.635286865337409878e+01 2.390482179227134552e+01 3.480389003020055583e+01 5.048137484113616580e+01 7.307876827533546304e+01 1.059670693662126126e+02 1.526740053070172962e+02 2.195547995938474628e+02 3.168213610737404906e+02 4.560914115249204315e+02 6.521641191664925827e+02 9.302433695242908698e+02 1.332297564911850031e+03 8.064171251055432776e+02 0.000000000000000000e+00 0.000000000000000000e+00 0.000000000000000000e+00 0.000000000000000000e+00 0.000000000000000000e+00 0.000000000000000000e+00 0.000000000000000000e+00 0.000000000000000000e+00 0.000000000000000000e+00 0.000000000000000000e+00 0.000000000000000000e+00 0.000000000000000000e+00 0.000000000000000000e+00 0.000000000000000000e+00 0.000000000000000000e+00 0.000000000000000000e+00 0.000000000000000000e+00 0.000000000000000000e+00 0.000000000000000000e+00 0.000000000000000000e+00 0.000000000000000000e+00 0.000000000000000000e+00 0.000000000000000000e+00 0.000000000000000000e+00 0.000000000000000000e+00 0.000000000000000000e+00 0.000000000000000000e+00 0.000000000000000000e+00 0.000000000000000000e+00 0.000000000000000000e+00 0.000000000000000000e+00 0.000000000000000000e+00 0.000000000000000000e+00 0.000000000000000000e+00 0.000000000000000000e+00 0.000000000000000000e+00 0.000000000000000000e+00 0.000000000000000000e+00 0.000000000000000000e+00 0.000000000000000000e+00 0.000000000000000000e+00 0.000000000000000000e+00 0.000000000000000000e+00 0.000000000000000000e+00 0.000000000000000000e+00 0.000000000000000000e+00 0.000000000000000000e+00 0.000000000000000000e+00
-4.007014930450378785e-03 -1.642550212948489685e+00 -2.281270671514600323e+01 7.394702097376032977e-03 -1.959046179208602023e+00 -7.117896935337713060e-01 -9.100776542620294673e-01 2.655147556573091094e+00 5.730125703120596548e-01 -1.707398700984821938e+00 -6.921134599381474628e-02 6.458185153146207835e-02 2.397277691902523298e-03 -5.190239270601535448e-01 9.197658393332575066e-01 -1.122944110478208524e+00 -2.042122817847152660e+00 -1.131466380224191548e+00 0.000000000000000000e+00 0.000000000000000000e+00 0.000000000000000000e+00 0.000000000000000000e+00 0.000000000000000000e+00 0.000000000000000000e+00 0.000000000000000000e+00 0.000000000000000000e+00 0.000000000000000000e+00 0.000000000000000000e+00 -9.328783662364308708e-12 -3.548506612266908194e-10 -2.152644109120294277e-09 -7.255254507998392670e-09 -1.919140496163449927e-08 -4.531483398381250470e-08 -9.786507853820572885e-08 -2.007060735634493581e-07 -4.000001612272641644e-07 -7.801672871247607362e-07 -1.487911890521488236e-06 -2.798470090269301526e-06 -5.272675777997203468e-06 -9.800452470072061514e-06 -1.808342793778770714e-05 -3.332345560059467158e-05 -6.158440624632531514e-05 -1.128795994163034864e-04 -2.063067806129994380e-04 -3.797643557566929761e-04 -6.967645694315990944e-04 -1.272499094447576565e-03 -2.319941526176194906e-03 -4.259602248990287075e-03 -7.749190255801505396e-03 -1.407033889717356975e-02 -2.570059995435694869e-02 -4.693053981298668520e-02 -8.490787435506794156e-02 -1.530183529135484555e-01 -2.784065671711252743e-01 -1.968993715065565642e-01 0.000000000000000000e+00 0.000000000000000000e+00 0.000000000000000000e+00 0.000000000000000000e+00 0.000000000000000000e+00 0.000000000000000000e+00 0.000000000000000000e+00 0.000000000000000000e+00 0.000000000000000000e+00 0.000000000000000000e+00 0.000000000000000000e+00 0.000000000000000000e+00 0.000000000000000000e+00 0.000000000000000000e+00 0.000000000000000000e+00 0.000000000000000000e+00 0.000000000000000000e+00 0.000000000000000000e+00 0.000000000000000000e+00 0.000000000000000000e+00 0.000000000000000000e+00 0.000000000000000000e+00 0.000000000000000000e+00 0.000000000000000000e+00 0.000000000000000000e+00 0.000000000000000000e+00 0.000000000000000000e+00 0.000000000000000000e+00 0.000000000000000000e+00 0.000000000000000000e+00 0.000000000000000000e+00 0.000000000000000000e+00 0.000000000000000000e+00 0.000000000000000000e+00 0.000000000000000000e+00 0.000000000000000000e+00 0.000000000000000000e+00 0.000000000000000000e+00 0.000000000000000000e+00 0.000000000000000000e+00 0.000000000000000000e+00 0.000000000000000000e+00 0.000000000000000000e+00 0.000000000000000000e+00 0.000000000000000000e+00 0.000000000000000000e+00 0.000000000000000000e+00 0.000000000000000000e+00
1.342447135372585976e+00 1.057829007800537283e+03 1.248011604219436413e+04 -1.959046179208602023e+00 1.071732695020726624e+03 3.321241774037098367e+02 3.083202224016365562e+02 -9.245278162926739469e+02 2.351217743509181730e+02 1.208989325147939553e+03 1.302623046273761886e+01 -2.231093975998719969e+01 -8.465609583775222102e-01 6.301279482815915571e+02 -5.923441350899147437e+02 7.231942407838416784e+02 1.315160253355271834e+03 3.833232959373985977e+02 0.000000000000000000e+00 0.000000000000000000e+00 0.000000000000000000e+00 0.000000000000000000e+00 0.000000000000000000e+00 0.000000000000000000e+00 0.000000000000000000e+00 0.000000000000000000e+00 0.000000000000000000e+00 0.000000000000000000e+00 1.779229002092770447e-06 6.309663377626326174e-05 3.443078777996028302e-04 1.017476117874996236e-03 2.317416125018743715e-03 4.622680164854541147e-03 8.360780277708181052e-03 1.426380445839395619e-02 2.340324302854407401e-02 3.733223733958196400e-02 5.809091079671362123e-02 8.895535441999052884e-02 1.352183432769062388e-01 2.026434948753019216e-01 3.010398424559904695e-01 4.450431009372657343e-01 6.571983156066492082e-01 9.623390205801032327e-01 1.404306172630669369e+00 2.052831800345702895e+00 2.988791669337181656e+00 4.335099106765162524e+00 6.275655210874893974e+00 9.099945261032267751e+00 1.311091360161168851e+01 1.885431644048050259e+01 2.720710368362828291e+01 3.916694973001737878e+01 5.600473638762966999e+01 7.988485283908730139e+01 1.144113448132225841e+02 6.925124701390738835e+01 0.000000000000000000e+00 0.000000000000000000e+00 0.000000000000000000e+00 0.000000000000000000e+00 0.000000000000000000e+00 0.000000000000000000e+00 0.000000000000000000e+00 0.000000000000000000e+00 0.000000000000000000e+00 0.000000000000000000e+00 0.000000000000000000e+00 0.000000000000000000e+00 0.000000000000000000e+00 0.000000000000000000e+00 0.000000000000000000e+00 0.000000000000000000e+00 0.000000000000000000e+00 0.000000000000000000e+00 0.000000000000000000e+00 0.000000000000000000e+00 0.000000000000000000e+00 0.000000000000000000e+00 0.000000000000000000e+00 0.000000000000000000e+00 0.000000000000000000e+00 0.000000000000000000e+00 0.000000000000000000e+00 0.000000000000000000e+00 0.000000000000000000e+00 0.000000000000000000e+00 0.000000000000000000e+00 0.000000000000000000e+00 0.000000000000000000e+00 0.000000000000000000e+00 0.000000000000000000e+00 0.000000000000000000e+00 0.000000000000000000e+00 0.000000000000000000e+00 0.000000000000000000e+00 0.000000000000000000e+00 0.000000000000000000e+00 0.000000000000000000e+00 0.000000000000000000e+00 0.000000000000000000e+00 0.000000000000000000e+00 0.000000000000000000e+00 0.000000000000000000e+00 0.000000000000000000e+00
5.917558228403136944e-01 3.283954270954917547e+02 3.867520598815441190e+03 -7.117896935337713060e-01 3.321241774037098367e+02 1.225554478651868493e+02 9.485644971685455573e+01 -2.623641595102651536e+02 5.297256013077890913e+01 3.643481179743443477e+02 5.811118123872188512e+00 -8.027035845445290363e+00 -2.958617793500442072e-01 1.646012637467739808e+02 -1.838889875357257893e+02 2.245104641902493654e+02 4.082820663025877366e+02 1.179315669376340026e+02 0.000000000000000000e+00 0.000000000000000000e+00 0.000000000000000000e+00 0.000000000000000000e+00 0.000000000000000000e+00 0.000000000000000000e+00 0.000000000000000000e+00 0.000000000000000000e+00 0.000000000000000000e+00 0.000000000000000000e+00 -1.924572165403571706e-06 -6.582766405423708643e-05 -3.434479137850794846e-04 -9.662324732258692180e-04 -2.088107540400393342e-03 -3.932887537229949257e-03 -6.697674489683834963e-03 -1.072061983994393800e-02 -1.641836440008791198e-02 -2.431087410869642654e-02 -3.493524407038700597e-02 -4.908403077550296117e-02 -6.775530227411583062e-02 -9.139767096816890646e-02 -1.207892886363061691e-01 -1.563079948311334455e-01 -1.975768803014279484e-01 -2.412691172018965324e-01 -2.822438252405415349e-01 -3.088762845184563344e-01 -2.995382260619528503e-01 -2.183234430909296864e-01 -3.433098291123158879e-03 4.568818775244301578e-01 1.313380095810595227e+00 2.827268925716453385e+00 5.448624266376508984e+00 9.817435868982913760e+00 1.683181438298301558e+01 2.797922548687536448e+01 4.588131065527656460e+01 3.010103126752650837e+01 0.000000000000000000e+00 0.000000000000000000e+00 0.000000000000000000e+00 0.000000000000000000e+00 0.000000000000000000e+00 0.000000000000000000e+00 0.000000000000000000e+00 0.000000000000000000e+00 0.000000000000000000e+00 0.000000000000000000e+00 0.000000000000000000e+00 0.000000000000000000e+00 0.000000000000000000e+00 0.000000000000000000e+00 0.000000000000000000e+00 0.000000000000000000e+00 0.000000000000000000e+00 0.000000000000000000e+00 0.000000000000000000e+00 0.000000000000000000e+00 0.000000000000000000e+00 0.000000000000000000e+00 0.000000000000000000e+00 0.000000000000000000e+00 0.000000000000000000e+00 0.000000000000000000e+00 0.000000000000000000e+00 0.000000000000000000e+00 0.000000000000000000e+00 0.000000000000000000e+00 0.000000000000000000e+00 0.000000000000000000e+00 0.000000000000000000e+00 0.000000000000000000e+00 0.000000000000000000e+00 0.000000000000000000e+00 0.000000000000000000e+00 0.000000000000000000e+00 0.000000000000000000e+00 0.000000000000000000e+00 0.000000000000000000e+00 0.000000000000000000e+00 0.000000000000000000e+00 0.000000000000000000e+00 0.000000000000000000e+00 0.000000000000000000e+00 0.000000000000000000e+00 0.000000000000000000e+00
3.813499382895073619e-01 2.649705947436016800e+02 3.590328233527655811e+03 -9.100776542620294673e-01 3.083202224016365562e+02 9.485644971685455573e+01 1.355391900616829446e+02 -3.938861405225007957e+02 -3.261513862476919456e+01 2.925487761838464849e+02 7.423896636446890795e+00 -8.113996950660396834e+00 -3.091674347315013227e-01 1.311651390549669713e+02 -1.483734862726074937e+02 1.811495115775597640e+02 3.294282837254174297e+02 1.685109353464646915e+02 0.000000000000000000e+00 0.000000000000000000e+00 0.000000000000000000e+00 0.000000000000000000e+00 0.000000000000000000e+00 0.000000000000000000e+00 0.000000000000000000e+00 0.000000000000000000e+00 0.000000000000000000e+00 0.000000000000000000e+00 1.120699116928234918e-06 3.713909078577865263e-05 1.884986518864666517e-04 5.208422976208368143e-04 1.115928042606998630e-03 2.103163952202272233e-03 3.615895530266623192e-03 5.889736169056285914e-03 9.272503632906803003e-03 1.424073119237480312e-02 2.141608480361758063e-02 3.178143443294232512e-02 4.696160753824045464e-02 6.864024502118976079e-02 9.972993616687240992e-02 1.445627651775387157e-01 2.095116341156369189e-01 3.020752041433145685e-01 4.348301595842395395e-01 6.279023355889704616e-01 9.046712542083839015e-01 1.300190356545109838e+00 1.866476734046315311e+00 2.685746641185132511e+00 3.843508177075889432e+00 5.496265557198205087e+00 7.886464395955451678e+00 1.130485309356969204e+01 1.610100210630530171e+01 2.287114460581822328e+01 3.262435145154969263e+01 1.968284755545836617e+01 0.000000000000000000e+00 0.000000000000000000e+00 0.000000000000000000e+00 0.000000000000000000e+00 0.000000000000000000e+00 0.000000000000000000e+00 0.000000000000000000e+00 0.000000000000000000e+00 0.000000000000000000e+00 0.000000000000000000e+00 0.000000000000000000e+00 0.000000000000000000e+00 0.000000000000000000e+00 0.000000000000000000e+00 0.000000000000000000e+00 0.000000000000000000e+00 0.000000000000000000e+00 0.000000000000000000e+00 0.000000000000000000e+00 0.000000000000000000e+00 0.000000000000000000e+00 0.000000000000000000e+00 0.000000000000000000e+00 0.000000000000000000e+00 0.000000000000000000e+00 0.000000000000000000e+00 0.000000000000000000e+00 0.000000000000000000e+00 0.000000000000000000e+00 0.000000000000000000e+00 0.000000000000000000e+00 0.000000000000000000e+00 0.000000000000000000e+00 0.000000000000000000e+00 0.000000000000000000e+00 0.000000000000000000e+00 0.000000000000000000e+00 0.000000000000000000e+00 0.000000000000000000e+00 0.000000000000000000e+00 0.000000000000000000e+00 0.000000000000000000e+00 0.000000000000000000e+00 0.000000000000000000e+00 0.000000000000000000e+00 0.000000000000000000e+00 0.000000000000000000e+00 0.000000000000000000e+00
-1.559683458319949700e+00 -8.050753716378854961e+02 -1.076594423700583866e+04 2.655147556573091094e+00 -9.245278162926739469e+02 -2.623641595102651536e+02 -3.938861405225007957e+02 1.333222280148530217e+03 1.293096599570194201e+02 -8.974895007647418197e+02 -2.274981258939323681e+01 2.473174346406077362e+01 9.551605766361426220e-01 -4.244101925914105777e+02 4.508116823971185454e+02 -5.503969619589155400e+02 -1.000920868992673036e+03 -4.897042835304626465e+02 -0.000000000000000000e+00 -0.000000000000000000e+00 -0.000000000000000000e+00 -0.000000000000000000e+00 -0.000000000000000000e+00 -0.000000000000000000e+00 -0.000000000000000000e+00 -0.000000000000000000e+00 -0.000000000000000000e+00 -0.000000000000000000e+00 -5.015043195114844475e-06 -1.700853449892737431e-04 -8.981677319527471733e-04 -2.603579314062248826e-03 -5.857103945415591088e-03 -1.157186064627246241e-02 -2.068809617494731315e-02 -3.481882191707832974e-02 -5.605065249803756200e-02 -8.691256073979461427e-02 -1.304824136811195134e-01 -1.907837917906963499e-01 -2.734324573210160647e-01 -3.812740158332597606e-01 -5.233736121880572245e-01 -7.137856904610155873e-01 -1.020001210309679163e+00 -1.622334850873537571e+00 -2.278490720854150720e+00 -3.178043256966473162e+00 -4.397442408206440945e+00 -5.987000527469090727e+00 -8.043480892702152829e+00 -1.080704868749357850e+01 -1.429900841337962980e+01 -1.923850015598684493e+01 -2.698135222372025410e+01 -3.820524663719669434e+01 -4.679276903726023562e+01 -5.727872361238363652e+01 -9.177452949561292428e+01 -5.125854637086137444e+01 -0.000000000000000000e+00 -0.000000000000000000e+00 -0.000000000000000000e+00 -0.000000000000000000e+00 -0.000000000000000000e+00 -0.000000000000000000e+00 -0.000000000000000000e+00 -0.000000000000000000e+00 -0.000000000000000000e+00 -0.000000000000000000e+00 -0.000000000000000000e+00 -0.000000000000000000e+00 -0.000000000000000000e+00 -0.000000000000000000e+00 -0.000000000000000000e+00 -0.000000000000000000e+00 -0.000000000000000000e+00 -0.000000000000000000e+00 -0.000000000000000000e+00 -0.000000000000000000e+00 -0.000000000000000000e+00 -0.000000000000000000e+00 -0.000000000000000000e+00 -0.000000000000000000e+00 -0.000000000000000000e+00 -0.000000000000000000e+00 -0.000000000000000000e+00 -0.000000000000000000e+00 -0.000000000000000000e+00 -0.000000000000000000e+00 -0.000000000000000000e+00 -0.000000000000000000e+00 -0.000000000000000000e+00 -0.000000000000000000e+00 -0.000000000000000000e+00 -0.000000000000000000e+00 -0.000000000000000000e+00 -0.000000000000000000e+00 -0.000000000000000000e+00 -0.000000000000000000e+00 -0.000000000000000000e+00 -0.000000000000000000e+00 -0.000000000000000000e+00 -0.000000000000000000e+00 -0.000000000000000000e+00 -0.000000000000000000e+00 -0.000000000000000000e+00 -0.000000000000000000e+00
1.613227014791277503e-01 3.162945901000158528e+02 2.737946730167963779e+03 5.730125703120596548e-01 2.351217743509181730e+02 5.297256013077890913e+01 -3.261513862476919456e+01 1.293096599570194201e+02 3.427059211499405933e+02 4.033335811692365951e+02 -9.594092159837282807e+00 1.552053660488055042e+00 5.116060467716469773e-02 3.002099819463123822e+02 -1.771129776408442638e+02 2.162376189957429631e+02 3.932375366749963632e+02 -4.054921320994519363e+01 0.000000000000000000e+00 0.000000000000000000e+00 0.000000000000000000e+00 0.000000000000000000e+00 0.000000000000000000e+00 0.000000000000000000e+00 0.000000000000000000e+00 0.000000000000000000e+00 0.000000000000000000e+00 0.000000000000000000e+00 1.885433956731131225e-06 6.896896322560315496e-05 3.792723715441590968e-04 1.111904935470730106e-03 2.484162745805017832e-03 4.825024683482359925e-03 8.445244095789054828e-03 1.390902171604368499e-02 2.195052505469860180e-02 3.348502751429392049e-02 4.968999386615802899e-02 7.222405613731180951e-02 1.036173654600864996e-01 1.458174896113769714e-01 2.033511217740108512e-01 2.830390068740510356e-01 4.064156923878269323e-01 6.218503058004862805e-01 8.777544865720409151e-01 1.233315865061923811e+00 1.719192282471291966e+00 2.364802635748425530e+00 3.214743764557804084e+00 4.347440844477652888e+00 5.764624335458594651e+00 7.598272582558773358e+00 1.004518078040612394e+01 1.293523600224096093e+01 1.436160605974721882e+01 1.406554198802542999e+01 1.394068750662707323e+01 3.621786147113039256e+00 0.000000000000000000e+00 0.000000000000000000e+00 0.000000000000000000e+00 0.000000000000000000e+00 0.000000000000000000e+00 0.000000000000000000e+00 0.000000000000000000e+00 0.000000000000000000e+00 0.000000000000000000e+00 0.000000000000000000e+00 0.000000000000000000e+00 0.000000000000000000e+00 0.000000000000000000e+00 0.000000000000000000e+00 0.000000000000000000e+00 0.000000000000000000e+00 0.000000000000000000e+00 0.000000000000000000e+00 0.000000000000000000e+00 0.000000000000000000e+00 0.000000000000000000e+00 0.000000000000000000e+00 0.000000000000000000e+00 0.000000000000000000e+00 0.000000000000000000e+00 0.000000000000000000e+00 0.000000000000000000e+00 0.000000000000000000e+00 0.000000000000000000e+00 0.000000000000000000e+00 0.000000000000000000e+00 0.000000000000000000e+00 0.000000000000000000e+00 0.000000000000000000e+00 0.000000000000000000e+00 0.000000000000000000e+00 0.000000000000000000e+00 0.000000000000000000e+00 0.000000000000000000e+00 0.000000000000000000e+00 0.000000000000000000e+00 0.000000000000000000e+00 0.000000000000000000e+00 0.000000000000000000e+00 0.000000000000000000e+00 0.000000000000000000e+00 0.000000000000000000e+00 0.000000000000000000e+00
1.527195567853622871e+00 1.239726167872149290e+03 1.407844245278785820e+04 -1.707398700984821938e+00 1.208989325147939553e+03 3.643481179743443477e+02 2.925487761838464849e+02 -8.974895007647418197e+02 4.033335811692365951e+02 1.437132614520035986e+03 8.877079429412034983e+00 -2.225064907644318168e+01 -8.485452025904317575e-01 7.927320678642429357e+02 -6.941996478083248121e+02 8.475498574370867573e+02 1.541306363322312109e+03 3.637152316372003611e+02 0.000000000000000000e+00 0.000000000000000000e+00 0.000000000000000000e+00 0.000000000000000000e+00 0.000000000000000000e+00 0.000000000000000000e+00 0.000000000000000000e+00 0.000000000000000000e+00 0.000000000000000000e+00 0.000000000000000000e+00 2.586679986327928992e-06 9.342715303976374859e-05 5.176639612049687214e-04 1.547537704769640955e-03 3.551463942520336880e-03 7.116349484545102071e-03 1.287939604149251210e-02 2.193833783698647885e-02 3.582387425740760772e-02 5.664954629870005282e-02 8.715039299659646521e-02 1.315114388778805266e-01 1.962813908591186374e-01 2.878860918572178074e-01 4.182848944809202107e-01 6.054339618301545212e-01 8.879527530084796449e-01 1.332483836818483258e+00 1.925265784688574788e+00 2.779900798771174131e+00 3.993276449149027574e+00 5.697114754744027287e+00 8.092163785907283469e+00 1.150994510297207540e+01 1.623475657044798126e+01 2.292318450638465777e+01 3.266075313403511160e+01 4.639967259415204381e+01 6.373219399165753174e+01 8.723636674815132608e+01 1.241629967973129425e+02 7.280163350385103627e+01 0.000000000000000000e+00 0.000000000000000000e+00 0.000000000000000000e+00 0.000000000000000000e+00 0.000000000000000000e+00 0.000000000000000000e+00 0.000000000000000000e+00 0.000000000000000000e+00 0.000000000000000000e+00 0.000000000000000000e+00 0.000000000000000000e+00 0.000000000000000000e+00 0.000000000000000000e+00 0.000000000000000000e+00 0.000000000000000000e+00 0.000000000000000000e+00 0.000000000000000000e+00 0.000000000000000000e+00 0.000000000000000000e+00 0.000000000000000000e+00 0.000000000000000000e+00 0.000000000000000000e+00 0.000000000000000000e+00 0.000000000000000000e+00 0.000000000000000000e+00 0.000000000000000000e+00 0.000000000000000000e+00 0.000000000000000000e+00 0.000000000000000000e+00 0.000000000000000000e+00 0.000000000000000000e+00 0.000000000000000000e+00 0.000000000000000000e+00 0.000000000000000000e+00 0.000000000000000000e+00 0.000000000000000000e+00 0.000000000000000000e+00 0.000000000000000000e+00 0.000000000000000000e+00 0.000000000000000000e+00 0.000000000000000000e+00 0.000000000000000000e+00 0.000000000000000000e+00 0.000000000000000000e+00 0.000000000000000000e+00 0.000000000000000000e+00 0.000000000000000000e+00 0.000000000000000000e+00
2.018177003856875054e-02 9.768715361467453562e+00 1.516878868421464404e+02 -6.921134599381474628e-02 1.302623046273761886e+01 5.811118123872188512e+00 7.423896636446890795e+00 -2.274981258939323681e+01 -9.594092159837282807e+00 8.877079429412034983e+00 7.500811620811824731e-01 -5.913890227927897092e-01 -2.161024488535662202e-02 -3.963565948892278645e-01 -5.470110205957864125e+00 6.678469428588412526e+00 1.214508779302217611e+01 9.229860127936532876e+00 0.000000000000000000e+00 0.000000000000000000e+00 0.000000000000000000e+00 0.000000000000000000e+00 0.000000000000000000e+00 0.000000000000000000e+00 0.000000000000000000e+00 0.000000000000000000e+00 0.000000000000000000e+00 0.000000000000000000e+00 -1.544160070303555400e-07 -5.425858851584445034e-06 -2.890607700893227890e-05 -8.283977456631261651e-05 -1.818281937504094418e-04 -3.477195025754767008e-04 -5.991574626922134376e-04 -9.706242526779927963e-04 -1.502303772832239148e-03 -2.233909770622183755e-03 -3.212232330592757357e-03 -4.482370123328136176e-03 -6.095262922824312354e-03 -7.999757472329940486e-03 -1.025629189904844404e-02 -1.296682180512125082e-02 -1.771126459019013721e-02 -2.949934457060706880e-02 -3.947721590439391692e-02 -5.174772504561029468e-02 -6.634046808150229069e-02 -8.113092369905798573e-02 -9.327296854545502613e-02 -1.001308827908671401e-01 -8.996858476316656195e-02 -6.053975737663137846e-02 -9.700119604166709819e-03 1.046712866537573422e-01 5.559314821074546886e-01 1.385175608241109080e+00 2.288442357313772213e+00 1.789148022522770720e+00 0.000000000000000000e+00 0.000000000000000000e+00 0.000000000000000000e+00 0.000000000000000000e+00 0.000000000000000000e+00 0.000000000000000000e+00 0.000000000000000000e+00 0.000000000000000000e+00 0.000000000000000000e+00 0.000000000000000000e+00 0.000000000000000000e+00 0.000000000000000000e+00 0.000000000000000000e+00 0.000000000000000000e+00 0.000000000000000000e+00 0.000000000000000000e+00 0.000000000000000000e+00 0.000000000000000000e+00 0.000000000000000000e+00 0.000000000000000000e+00 0.000000000000000000e+00 0.000000000000000000e+00 0.000000000000000000e+00 0.000000000000000000e+00 0.000000000000000000e+00 0.000000000000000000e+00 0.000000000000000000e+00 0.000000000000000000e+00 0.000000000000000000e+00 0.000000000000000000e+00 0.000000000000000000e+00 0.000000000000000000e+00 0.000000000000000000e+00 0.000000000000000000e+00 0.000000000000000000e+00 0.000000000000000000e+00 0.000000000000000000e+00 0.000000000000000000e+00 0.000000000000000000e+00 0.000000000000000000e+00 0.000000000000000000e+00 0.000000000000000000e+00 0.000000000000000000e+00 0.000000000000000000e+00 0.000000000000000000e+00 0.000000000000000000e+00 0.000000000000000000e+00 0.000000000000000000e+00
-3.027285510814160807e-02 -2.059714106866388761e+01 -2.598064970012540584e+02 6.458185153146207835e-02 -2.231093975998719969e+01 -8.027035845445290363e+00 -8.113996950660396834e+00 2.473174346406077362e+01 1.552053660488055042e+00 -2.225064907644318168e+01 -5.913890227927898202e-01 6.413526532353185372e-01 2.380232306628283362e-02 -8.748391039646003620e+00 1.153361802491163779e+01 -1.408141929142368376e+01 -2.560767483828164970e+01 -1.008783669824128815e+01 0.000000000000000000e+00 0.000000000000000000e+00 0.000000000000000000e+00 0.000000000000000000e+00 0.000000000000000000e+00 0.000000000000000000e+00 0.000000000000000000e+00 0.000000000000000000e+00 0.000000000000000000e+00 0.000000000000000000e+00 7.994772392235406499e-08 2.771743415520215571e-06 1.451821167274944306e-05 4.087316778451338103e-05 8.802236517387840536e-05 1.648621136742313724e-04 2.775335131765102928e-04 4.382188241002422957e-04 6.583369955396031542e-04 9.425055651993021312e-04 1.293341070857325151e-03 1.696006454990449516e-03 2.113129148452712412e-03 2.436071345098254817e-03 2.573012564840149868e-03 2.394238774399910872e-03 2.590575838651459819e-03 5.983150681435601102e-03 6.426489743300605600e-03 5.571376561874551506e-03 2.363951538740689199e-03 -6.165005934542566908e-03 -2.425073739608914203e-02 -5.738863638153141739e-02 -1.169593930110705837e-01 -2.115411854853712359e-01 -3.540552932914021733e-01 -5.838401311658827364e-01 -1.089274130322430034e+00 -1.924065285647345247e+00 -2.942681751113926492e+00 -2.033129322894174695e+00 0.000000000000000000e+00 0.000000000000000000e+00 0.000000000000000000e+00 0.000000000000000000e+00 0.000000000000000000e+00 0.000000000000000000e+00 0.000000000000000000e+00 0.000000000000000000e+00 0.000000000000000000e+00 0.000000000000000000e+00 0.000000000000000000e+00 0.000000000000000000e+00 0.000000000000000000e+00 0.000000000000000000e+00 0.000000000000000000e+00 0.000000000000000000e+00 0.000000000000000000e+00 0.000000000000000000e+00 0.000000000000000000e+00 0.000000000000000000e+00 0.000000000000000000e+00 0.000000000000000000e+00 0.000000000000000000e+00 0.000000000000000000e+00 0.000000000000000000e+00 0.000000000000000000e+00 0.000000000000000000e+00 0.000000000000000000e+00 0.000000000000000000e+00 0.000000000000000000e+00 0.000000000000000000e+00 0.000000000000000000e+00 0.000000000000000000e+00 0.000000000000000000e+00 0.000000000000000000e+00 0.000000000000000000e+00 0.000000000000000000e+00 0.000000000000000000e+00 0.000000000000000000e+00 0.000000000000000000e+00 0.000000000000000000e+00 0.000000000000000000e+00 0.000000000000000000e+00 0.000000000000000000e+00 0.000000000000000000e+00 0.000000000000000000e+00 0.000000000000000000e+00 0.000000000000000000e+00
-1.174521980453641437e-03 -7.804477100477295037e-01 -9.858035540418430998e+00 2.397277691902523298e-03 -8.465609583775220992e-01 -2.958617793500442072e-01 -3.091674347315013227e-01 9.551605766361426220e-01 5.116060467716469773e-02 -8.485452025904316464e-01 -2.161024488535662202e-02 2.380232306628283015e-02 8.875734931078515426e-04 -3.469492948025302836e-01 4.370211257038020825e-01 -5.335600413463804648e-01 -9.703021948803018937e-01 -3.843766041508946407e-01 0.000000000000000000e+00 0.000000000000000000e+00 0.000000000000000000e+00 0.000000000000000000e+00 0.000000000000000000e+00 0.000000000000000000e+00 0.000000000000000000e+00 0.000000000000000000e+00 0.000000000000000000e+00 0.000000000000000000e+00 2.042136471204740103e-09 7.105325609834879359e-08 3.706708538577762835e-07 1.033830496912772908e-06 2.196311693517253379e-06 4.042972242609358868e-06 6.665251237782769813e-06 1.027332457321365438e-05 1.499509428607517294e-05 2.067897083502287148e-05 2.703837061687774753e-05 3.308884819260947006e-05 3.689549083461713021e-05 3.447862192257470276e-05 2.165337056644144840e-05 -7.641477209035164823e-06 -3.852690757915008156e-05 1.442866622805003626e-06 -6.364404783960668185e-05 -2.015392384298202763e-04 -4.564907354237337264e-04 -9.333969543363964403e-04 -1.784633093306176466e-03 -3.220864949887988510e-03 -5.621506085865547384e-03 -9.352184052357413041e-03 -1.499237962793199645e-02 -2.391027046551972776e-02 -4.162335017208586285e-02 -7.038009989499638408e-02 -1.077730971360159329e-01 -7.293268800065277890e-02 0.000000000000000000e+00 0.000000000000000000e+00 0.000000000000000000e+00 0.000000000000000000e+00 0.000000000000000000e+00 0.000000000000000000e+00 0.000000000000000000e+00 0.000000000000000000e+00 0.000000000000000000e+00 0.000000000000000000e+00 0.000000000000000000e+00 0.000000000000000000e+00 0.000000000000000000e+00 0.000000000000000000e+00 0.000000000000000000e+00 0.000000000000000000e+00 0.000000000000000000e+00 0.000000000000000000e+00 0.000000000000000000e+00 0.000000000000000000e+00 0.000000000000000000e+00 0.000000000000000000e+00 0.000000000000000000e+00 0.000000000000000000e+00 0.000000000000000000e+00 0.000000000000000000e+00 0.000000000000000000e+00 0.000000000000000000e+00 0.000000000000000000e+00 0.000000000000000000e+00 0.000000000000000000e+00 0.000000000000000000e+00 0.000000000000000000e+00 0.000000000000000000e+00 0.000000000000000000e+00 0.000000000000000000e+00 0.000000000000000000e+00 0.000000000000000000e+00 0.000000000000000000e+00 0.000000000000000000e+00 0.000000000000000000e+00 0.000000000000000000e+00 0.000000000000000000e+00 0.000000000000000000e+00 0.000000000000000000e+00 0.000000000000000000e+00 0.000000000000000000e+00 0.000000000000000000e+00
8.197105220344937937e-01 6.640518169701053921e+02 7.337715787267297856e+03 -5.190239270601535448e-01 6.301279482815915571e+02 1.646012637467739808e+02 1.311651390549669713e+02 -4.244101925914105777e+02 3.002099819463123822e+02 7.927320678642429357e+02 -3.963565948892266988e-01 -8.748391039646005396e+00 -3.469492948025303392e-01 4.880680324965827594e+02 -3.718438389167453124e+02 4.539849503780851592e+02 8.255914230063419836e+02 1.630728371398913055e+02 0.000000000000000000e+00 0.000000000000000000e+00 0.000000000000000000e+00 0.000000000000000000e+00 0.000000000000000000e+00 0.000000000000000000e+00 0.000000000000000000e+00 0.000000000000000000e+00 0.000000000000000000e+00 0.000000000000000000e+00 4.048831572557344143e-06 1.425112459776285429e-04 7.681378663493886125e-04 2.239559343250565465e-03 5.020389343981062485e-03 9.833023580820995230e-03 1.739236959454749931e-02 2.895701820478844071e-02 4.615955618952721773e-02 7.100500386850958079e-02 1.059992513795852964e-01 1.545415845413471989e-01 2.215989126125594844e-01 3.103761460925719695e-01 4.293484933573189499e-01 5.914517084008974468e-01 8.472043588845425965e-01 1.322100639822589629e+00 1.861371409553291834e+00 2.605572965061313973e+00 3.618407305308745769e+00 4.951353767643744241e+00 6.691030111442781703e+00 9.019061488932711868e+00 1.194615554740173025e+01 1.590981605855697367e+01 2.168109305729988989e+01 2.936778755877802638e+01 3.443747146786600410e+01 3.852095904234668922e+01 5.283241142998278406e+01 2.520247210145886640e+01 0.000000000000000000e+00 0.000000000000000000e+00 0.000000000000000000e+00 0.000000000000000000e+00 0.000000000000000000e+00 0.000000000000000000e+00 0.000000000000000000e+00 0.000000000000000000e+00 0.000000000000000000e+00 0.000000000000000000e+00 0.000000000000000000e+00 0.000000000000000000e+00 0.000000000000000000e+00 0.000000000000000000e+00 0.000000000000000000e+00 0.000000000000000000e+00 0.000000000000000000e+00 0.000000000000000000e+00 0.000000000000000000e+00 0.000000000000000000e+00 0.000000000000000000e+00 0.000000000000000000e+00 0.000000000000000000e+00 0.000000000000000000e+00 0.000000000000000000e+00 0.000000000000000000e+00 0.000000000000000000e+00 0.000000000000000000e+00 0.000000000000000000e+00 0.000000000000000000e+00 0.000000000000000000e+00 0.000000000000000000e+00 0.000000000000000000e+00 0.000000000000000000e+00 0.000000000000000000e+00 0.000000000000000000e+00 0.000000000000000000e+00 0.000000000000000000e+00 0.000000000000000000e+00 0.000000000000000000e+00 0.000000000000000000e+00 0.000000000000000000e+00 0.000000000000000000e+00 0.000000000000000000e+00 0.000000000000000000e+00 0.000000000000000000e+00 0.000000000000000000e+00 0.000000000000000000e+00
