4.276632745230525501e+00 2.854104256117447669e+00 1.412405713044275757e+01 1.466432213050758611e-03 2.687106340272261029e+00 -2.506359267737305885e-01 9.678569153176135031e-02 3.185327547503291612e+00 4.959464836943493715e+00 4.373816133527350658e+00 1.483207273206127441e-01
2.854104256117447669e+00 1.608796242980214265e+04 1.058877253559123201e+05 -4.927162383325042327e+01 2.014517326948536356e+04 4.939834693204104951e+03 6.107598887300217029e+03 6.445543468052542266e+03 8.975138626067307541e+02 2.465424641732333112e+04 9.359684213752927462e+03
1.412405713044275757e+01 1.058877253559123201e+05 7.309795012197319884e+05 -4.040661311122173061e+02 1.390690815107897215e+05 3.611302538134633505e+04 4.740683353120262473e+04 4.999063995715176861e+04 -6.665008416576878517e+03 1.622692795862417843e+05 7.264933398763972218e+04
1.466432213050758611e-03 -4.927162383325042327e+01 -4.040661311122173061e+02 4.601036362877961583e-01 -7.687370935796295157e+01 -3.006037837065895957e+01 -3.559254600122281431e+01 -3.928452807383570899e+01 4.399842002584534839e+01 -7.550706067763711360e+01 -5.454434665439824670e+01
2.687106340272261029e+00 2.014517326948536356e+04 1.390690815107897215e+05 -7.687370935796295157e+01 2.645793678206171899e+04 6.870514510980793602e+03 9.019165086734024953e+03 9.510735077217806975e+03 -1.268019961173171851e+03 3.087178181032558132e+04 1.382155878950511942e+04
-2.506359267737305885e-01 4.939834693204104951e+03 3.611302538134633505e+04 -3.006037837065895957e+01 6.870514510980793602e+03 2.608416465757914466e+03 2.637465918685157249e+03 2.619295906009633200e+03 -1.943315169544028322e+03 7.570125944693331803e+03 4.041825368519064341e+03
9.678569153176135031e-02 6.107598887300217029e+03 4.740683353120262473e+04 -3.559254600122281431e+01 9.019165086734024953e+03 2.637465918685157249e+03 3.844560435795916874e+03 4.048967233789171587e+03 -2.320788938131566283e+03 9.359684213752927462e+03 5.891655998327079033e+03
3.185327547503291612e+00 6.445543468052542266e+03 4.999063995715176861e+04 -3.928452807383570899e+01 9.510735077217806975e+03 2.619295906009633200e+03 4.048967233789171587e+03 4.809986263410100946e+03 -3.050169678911548999e+03 9.877572604257411513e+03 6.204902351871908650e+03
4.959464836943493715e+00 8.975138626067307541e+02 -6.665008416576878517e+03 4.399842002584534839e+01 -1.268019961173171851e+03 -1.943315169544028322e+03 -2.320788938131566283e+03 -3.050169678911548999e+03 7.496773625187381185e+03 1.375408976010528249e+03 -3.556528840302460594e+03
4.373816133527350658e+00 2.465424641732333112e+04 1.622692795862417843e+05 -7.550706067763711360e+01 3.087178181032558132e+04 7.570125944693331803e+03 9.359684213752927462e+03 9.877572604257411513e+03 1.375408976010528249e+03 3.778178057403479033e+04 1.434339258318579778e+04
1.483207273206127441e-01 9.359684213752927462e+03 7.264933398763972218e+04 -5.454434665439824670e+01 1.382155878950511942e+04 4.041825368519064341e+03 5.891655998327079033e+03 6.204902351871908650e+03 -3.556528840302460594e+03 1.434339258318579778e+04 9.028759199473295666e+03
