1.462865660841657089e-01 1.329106228900630127e+00 1.563253235419609410e+01 -4.007014930450378785e-03 1.342447135372585976e+00 5.917558228403136944e-01 3.813499382895073619e-01 4.374501636929611359e-01 1.117558860701497320e-01 1.652429335787907627e+00 4.741184801697313489e-01
1.329106228900630127e+00 1.077162684610904307e+03 1.231821034431978478e+04 -1.642550212948489685e+00 1.057829007800537283e+03 3.283954270954917547e+02 2.649705947436016800e+02 2.258024544849145343e+02 2.191122628850561682e+02 1.339197109127528620e+03 3.294282837254174297e+02
1.563253235419609410e+01 1.231821034431978478e+04 1.453284920300252852e+05 -2.281270671514600323e+01 1.248011604219436413e+04 3.867520598815441190e+03 3.590328233527655811e+03 3.019564029909322016e+03 1.896705547559767638e+03 1.531478199014737584e+04 4.463724245048461853e+03
-4.007014930450378785e-03 -1.642550212948489685e+00 -2.281270671514600323e+01 7.394702097376032977e-03 -1.959046179208602023e+00 -7.117896935337713060e-01 -9.100776542620294673e-01 -7.446990138005286086e-01 3.969529826702257180e-01 -2.042122817847152660e+00 -1.131466380224191548e+00
1.342447135372585976e+00 1.057829007800537283e+03 1.248011604219436413e+04 -1.959046179208602023e+00 1.071732695020726624e+03 3.321241774037098367e+02 3.083202224016365562e+02 2.593057215671010454e+02 1.628800037815653354e+02 1.315160253355271834e+03 3.833232959373985977e+02
5.917558228403136944e-01 3.283954270954917547e+02 3.867520598815441190e+03 -7.117896935337713060e-01 3.321241774037098367e+02 1.225554478651868493e+02 9.485644971685455573e+01 7.358624207540178475e+01 3.669660463493679003e+01 4.082820663025877366e+02 1.179315669376340026e+02
3.813499382895073619e-01 2.649705947436016800e+02 3.590328233527655811e+03 -9.100776542620294673e-01 3.083202224016365562e+02 9.485644971685455573e+01 1.355391900616829446e+02 1.104746964705003052e+02 -2.259405330367242115e+01 3.294282837254174297e+02 1.685109353464646915e+02
4.374501636929611359e-01 2.258024544849145343e+02 3.019564029909322016e+03 -7.446990138005286086e-01 2.593057215671010454e+02 7.358624207540178475e+01 1.104746964705003052e+02 1.048785796701029369e+02 -2.512453352359817771e+01 2.807319624048520268e+02 1.373491639273385942e+02
1.117558860701497320e-01 2.191122628850561682e+02 1.896705547559767638e+03 3.969529826702257180e-01 1.628800037815653354e+02 3.669660463493679003e+01 -2.259405330367242115e+01 -2.512453352359817771e+01 1.644642271648094436e+02 2.724142910093971750e+02 -2.809036304361140424e+01
1.652429335787907627e+00 1.339197109127528620e+03 1.531478199014737584e+04 -2.042122817847152660e+00 1.315160253355271834e+03 4.082820663025877366e+02 3.294282837254174297e+02 2.807319624048520268e+02 2.724142910093971750e+02 1.664974959416983893e+03 4.095661793086369471e+02
4.741184801697313489e-01 3.294282837254174297e+02 4.463724245048461853e+03 -1.131466380224191548e+00 3.833232959373985977e+02 1.179315669376340026e+02 1.685109353464646915e+02 1.373491639273385942e+02 -2.809036304361140424e+01 4.095661793086369471e+02 2.095035046204541800e+02
