# A b_HI Tb sigma_NL sigma8tot n_s f DA H omegak omegaDE w0 wa h gamma sigma_8 fs8 bs8 pk0 pk1 pk2 pk3 pk4 pk5 pk6 pk7 pk8 pk9 pk10 pk11 pk12 pk13 pk14 pk15 pk16 pk17 pk18 pk19 pk20 pk21 pk22 pk23 pk24 pk25 pk26 pk27 pk28 pk29 pk30 pk31 pk32 pk33 pk34 pk35 pk36 pk37 pk38 pk39 pk40 pk41 pk42 pk43 pk44 pk45 pk46 pk47 pk48 pk49 pk50 pk51 pk52 pk53 pk54 pk55 pk56 pk57 pk58 pk59 pk60 pk61 pk62 pk63 pk64 pk65 pk66 pk67 pk68 pk69 pk70 pk71 pk72 pk73 pk74 pk75 pk76 pk77 pk78 pk79 pk80 pk81 pk82 pk83 pk84 pk85 pk86 pk87 pk88 pk89
1.484222026075422973e-01 1.366586379744484159e+00 1.606719082073879079e+01 -4.113666059410058667e-03 1.379773526264019168e+00 6.089967103093769651e-01 3.913286904234725694e-01 -1.595669092515940912e+00 1.655073527731403538e-01 1.568967307260071387e+00 2.089058767275326148e-02 -3.121537421383486013e-02 -1.209726304596353726e-03 8.391014619794352480e-01 -7.652365563490393097e-01 9.342789733283667353e-01 1.699027041386930614e+00 4.865246990273162098e-01 0.000000000000000000e+00 0.000000000000000000e+00 0.000000000000000000e+00 0.000000000000000000e+00 0.000000000000000000e+00 0.000000000000000000e+00 0.000000000000000000e+00 0.000000000000000000e+00 0.000000000000000000e+00 0.000000000000000000e+00 8.454320546761615458e-22 -2.711471355704991975e-20 -2.035760694250678942e-19 3.811298484433551193e-19 4.275514686739960106e-19 -4.015708771206967940e-19 -5.145368622359307081e-18 -3.894783836529526486e-18 -8.090475458785061283e-18 8.632821643413895977e-18 -4.849610620172952494e-17 -1.515232178040614635e-17 -1.327652342142665612e-17 -6.109488816287994716e-17 -1.311993757490974406e-16 -1.042272066589183808e-16 -4.278377067300511392e-04 -9.628588159549084438e-03 -2.469268902579577207e-02 -3.125236350646752592e-02 -7.033072160031387035e-03 6.136190228064129781e-02 1.421006231089501082e-01 1.190458437530459851e-01 -1.314152337447556940e-01 -3.827983954148586609e-01 1.835174928930530594e-02 6.497871858740688067e-01 -1.529371267248531285e-01 -9.351009393431091166e-01 1.013462276235833626e+00 2.466424066750884936e-01 0.000000000000000000e+00 0.000000000000000000e+00 0.000000000000000000e+00 0.000000000000000000e+00 0.000000000000000000e+00 0.000000000000000000e+00 0.000000000000000000e+00 0.000000000000000000e+00 0.000000000000000000e+00 0.000000000000000000e+00 0.000000000000000000e+00 0.000000000000000000e+00 0.000000000000000000e+00 0.000000000000000000e+00 0.000000000000000000e+00 0.000000000000000000e+00 0.000000000000000000e+00 0.000000000000000000e+00 0.000000000000000000e+00 0.000000000000000000e+00 0.000000000000000000e+00 0.000000000000000000e+00 0.000000000000000000e+00 0.000000000000000000e+00 0.000000000000000000e+00 0.000000000000000000e+00 0.000000000000000000e+00 0.000000000000000000e+00 0.000000000000000000e+00 0.000000000000000000e+00 0.000000000000000000e+00 0.000000000000000000e+00 0.000000000000000000e+00 0.000000000000000000e+00 0.000000000000000000e+00 0.000000000000000000e+00 0.000000000000000000e+00 0.000000000000000000e+00 0.000000000000000000e+00 0.000000000000000000e+00 0.000000000000000000e+00 0.000000000000000000e+00 0.000000000000000000e+00 0.000000000000000000e+00 0.000000000000000000e+00 0.000000000000000000e+00 0.000000000000000000e+00 0.000000000000000000e+00
1.366586379744484159e+00 1.098268962670274050e+03 1.255325392533300146e+04 -1.674731586280970186e+00 1.078013426733418328e+03 3.357009446724974850e+02 2.693682800850357353e+02 -8.176837278589606512e+02 3.226023268479870012e+02 1.263599266915178987e+03 9.997442349134734840e+00 -2.102476845480880385e+01 -7.962063198157004473e-01 6.758517878585309973e+02 -6.149889764714115472e+02 7.508413767989153484e+02 1.365437775431114687e+03 3.348957656390044804e+02 0.000000000000000000e+00 0.000000000000000000e+00 0.000000000000000000e+00 0.000000000000000000e+00 0.000000000000000000e+00 0.000000000000000000e+00 0.000000000000000000e+00 0.000000000000000000e+00 0.000000000000000000e+00 0.000000000000000000e+00 1.245025985466013248e-06 4.635354918001413551e-05 2.649075100510084714e-04 8.133954399462173289e-04 1.911960726446321809e-03 3.917506653754535169e-03 7.243879132750584773e-03 1.259366637940641589e-02 2.099274555921408492e-02 3.395164600913830322e-02 5.345854176458231938e-02 8.271976244220791141e-02 1.268857740073620621e-01 1.916416914958925244e-01 2.866262636168112055e-01 4.262420182696767257e-01 6.329427388646242658e-01 9.310837615324901728e-01 1.364202317646640017e+00 2.001425382581392576e+00 2.922940881284591619e+00 4.251262387709489943e+00 6.170918513874529054e+00 8.974057609723514517e+00 1.297006119040869976e+01 1.870811894522266883e+01 2.707131089733132256e+01 3.908368533274196466e+01 5.614103087530543235e+01 8.052754699313224762e+01 1.159898243102023230e+02 7.062014658782543108e+01 0.000000000000000000e+00 0.000000000000000000e+00 0.000000000000000000e+00 0.000000000000000000e+00 0.000000000000000000e+00 0.000000000000000000e+00 0.000000000000000000e+00 0.000000000000000000e+00 0.000000000000000000e+00 0.000000000000000000e+00 0.000000000000000000e+00 0.000000000000000000e+00 0.000000000000000000e+00 0.000000000000000000e+00 0.000000000000000000e+00 0.000000000000000000e+00 0.000000000000000000e+00 0.000000000000000000e+00 0.000000000000000000e+00 0.000000000000000000e+00 0.000000000000000000e+00 0.000000000000000000e+00 0.000000000000000000e+00 0.000000000000000000e+00 0.000000000000000000e+00 0.000000000000000000e+00 0.000000000000000000e+00 0.000000000000000000e+00 0.000000000000000000e+00 0.000000000000000000e+00 0.000000000000000000e+00 0.000000000000000000e+00 0.000000000000000000e+00 0.000000000000000000e+00 0.000000000000000000e+00 0.000000000000000000e+00 0.000000000000000000e+00 0.000000000000000000e+00 0.000000000000000000e+00 0.000000000000000000e+00 0.000000000000000000e+00 0.000000000000000000e+00 0.000000000000000000e+00 0.000000000000000000e+00 0.000000000000000000e+00 0.000000000000000000e+00 0.000000000000000000e+00 0.000000000000000000e+00
1.606719082073879079e+01 1.255325392533300146e+04 1.480202974121380248e+05 -2.325176244827709482e+01 1.271127541818809550e+04 3.951329106247565960e+03 3.648635735792604464e+03 -1.093074600847019974e+04 2.791876293084280405e+03 1.434180528286961999e+04 1.550415968053964093e+02 -2.650602918717226544e+02 -1.005173244225891693e+01 7.462465228520143683e+03 -7.029346221490217431e+03 8.582144065773054535e+03 1.560700310837668258e+04 4.536215837627042674e+03 0.000000000000000000e+00 0.000000000000000000e+00 0.000000000000000000e+00 0.000000000000000000e+00 0.000000000000000000e+00 0.000000000000000000e+00 0.000000000000000000e+00 0.000000000000000000e+00 0.000000000000000000e+00 0.000000000000000000e+00 2.072467881654160239e-05 7.351605239736614446e-04 4.012522766292357830e-03 1.185931536929861821e-02 2.701367154852269553e-02 5.388953318947554277e-02 9.747181960881622087e-02 1.662971186748236629e-01 2.728603826870623084e-01 4.352762869096760134e-01 6.773441282678126507e-01 1.037289360515788905e+00 1.576884744065542465e+00 2.363447447244571453e+00 3.511577752039364508e+00 5.192371846815186487e+00 7.669556560665874656e+00 1.123391308058308269e+01 1.639859532784240770e+01 2.397958647265356547e+01 3.492378870737194063e+01 5.067303805784408155e+01 7.339433920393585709e+01 1.065209306719368811e+02 1.536819503716183419e+02 2.213473470282303310e+02 3.198352584808646952e+02 4.612505510239240607e+02 6.618586790656822814e+02 9.483415429716465042e+02 1.364693038305133541e+03 8.302943076237490914e+02 0.000000000000000000e+00 0.000000000000000000e+00 0.000000000000000000e+00 0.000000000000000000e+00 0.000000000000000000e+00 0.000000000000000000e+00 0.000000000000000000e+00 0.000000000000000000e+00 0.000000000000000000e+00 0.000000000000000000e+00 0.000000000000000000e+00 0.000000000000000000e+00 0.000000000000000000e+00 0.000000000000000000e+00 0.000000000000000000e+00 0.000000000000000000e+00 0.000000000000000000e+00 0.000000000000000000e+00 0.000000000000000000e+00 0.000000000000000000e+00 0.000000000000000000e+00 0.000000000000000000e+00 0.000000000000000000e+00 0.000000000000000000e+00 0.000000000000000000e+00 0.000000000000000000e+00 0.000000000000000000e+00 0.000000000000000000e+00 0.000000000000000000e+00 0.000000000000000000e+00 0.000000000000000000e+00 0.000000000000000000e+00 0.000000000000000000e+00 0.000000000000000000e+00 0.000000000000000000e+00 0.000000000000000000e+00 0.000000000000000000e+00 0.000000000000000000e+00 0.000000000000000000e+00 0.000000000000000000e+00 0.000000000000000000e+00 0.000000000000000000e+00 0.000000000000000000e+00 0.000000000000000000e+00 0.000000000000000000e+00 0.000000000000000000e+00 0.000000000000000000e+00 0.000000000000000000e+00
-4.113666059410058667e-03 -1.674731586280970186e+00 -2.325176244827709482e+01 7.544787903615293549e-03 -1.996750186330169985e+00 -7.265051267944167002e-01 -9.269161683760770432e-01 2.702488859488276329e+00 5.841712316285359030e-01 -1.740197152964142902e+00 -7.062920339764905409e-02 6.588683262055890222e-02 2.445068523149645894e-03 -5.273043086810896840e-01 9.377861881912159525e-01 -1.144945193529386174e+00 -2.082132746477551866e+00 -1.152401091151057155e+00 0.000000000000000000e+00 0.000000000000000000e+00 0.000000000000000000e+00 0.000000000000000000e+00 0.000000000000000000e+00 0.000000000000000000e+00 0.000000000000000000e+00 0.000000000000000000e+00 0.000000000000000000e+00 0.000000000000000000e+00 -9.331430586602795690e-12 -3.550470739808451162e-10 -2.154273697490536874e-09 -7.261687033484050597e-09 -1.920992359843506040e-08 -4.536060634471835361e-08 -9.796618851806676353e-08 -2.009158527386168756e-07 -4.004214380775375118e-07 -7.809974531758739946e-07 -1.489522926232090878e-06 -2.801587140567505229e-06 -5.278812089275277541e-06 -9.812577248960130825e-06 -1.810765229811464320e-05 -3.337270794471934511e-05 -6.168657931764376129e-05 -1.130911456040269690e-04 -2.067421701220905348e-04 -3.806568664291815431e-04 -6.985645089564408369e-04 -1.276122894277248584e-03 -2.327476483316145983e-03 -4.276452273033359841e-03 -7.788235241385441272e-03 -1.415882034781248446e-02 -2.589148446004219811e-02 -4.735483095249611724e-02 -8.594700073914142424e-02 -1.555482937348998951e-01 -2.844355656163468637e-01 -2.022523638717921568e-01 0.000000000000000000e+00 0.000000000000000000e+00 0.000000000000000000e+00 0.000000000000000000e+00 0.000000000000000000e+00 0.000000000000000000e+00 0.000000000000000000e+00 0.000000000000000000e+00 0.000000000000000000e+00 0.000000000000000000e+00 0.000000000000000000e+00 0.000000000000000000e+00 0.000000000000000000e+00 0.000000000000000000e+00 0.000000000000000000e+00 0.000000000000000000e+00 0.000000000000000000e+00 0.000000000000000000e+00 0.000000000000000000e+00 0.000000000000000000e+00 0.000000000000000000e+00 0.000000000000000000e+00 0.000000000000000000e+00 0.000000000000000000e+00 0.000000000000000000e+00 0.000000000000000000e+00 0.000000000000000000e+00 0.000000000000000000e+00 0.000000000000000000e+00 0.000000000000000000e+00 0.000000000000000000e+00 0.000000000000000000e+00 0.000000000000000000e+00 0.000000000000000000e+00 0.000000000000000000e+00 0.000000000000000000e+00 0.000000000000000000e+00 0.000000000000000000e+00 0.000000000000000000e+00 0.000000000000000000e+00 0.000000000000000000e+00 0.000000000000000000e+00 0.000000000000000000e+00 0.000000000000000000e+00 0.000000000000000000e+00 0.000000000000000000e+00 0.000000000000000000e+00 0.000000000000000000e+00
1.379773526264019168e+00 1.078013426733418328e+03 1.271127541818809550e+04 -1.996750186330169985e+00 1.091583556997929236e+03 3.393212513116944820e+02 3.133273919128066609e+02 -9.386802044658717250e+02 2.397529873628952828e+02 1.231605665789126533e+03 1.331423103942134034e+01 -2.276211054370238784e+01 -8.631947221922828817e-01 6.408408338368394652e+02 -6.036466443678075393e+02 7.369934989041862536e+02 1.340254805803583622e+03 3.895485273068759398e+02 0.000000000000000000e+00 0.000000000000000000e+00 0.000000000000000000e+00 0.000000000000000000e+00 0.000000000000000000e+00 0.000000000000000000e+00 0.000000000000000000e+00 0.000000000000000000e+00 0.000000000000000000e+00 0.000000000000000000e+00 1.779736326681278487e-06 6.313207080505693137e-05 3.445762702535259134e-04 1.018421301442029364e-03 2.319804953192762965e-03 4.627775450428461661e-03 8.370413829867156055e-03 1.428080144198828200e-02 2.343194504865948186e-02 3.737944635058841614e-02 5.816707517707404157e-02 8.907745073069402164e-02 1.354153223239807358e-01 2.029615665119978152e-01 3.015575075779700631e-01 4.458960681233000156e-01 6.586248472839577595e-01 9.647147430982510041e-01 1.408232960802875855e+00 2.059252233627532291e+00 2.999087994465881035e+00 4.351558227424315639e+00 6.302754933396355064e+00 9.147508221812813645e+00 1.319747110451194416e+01 1.900825184350948405e+01 2.746592278272419207e+01 3.960999196300315361e+01 5.683725883955806779e+01 8.143903744266864919e+01 1.171933131770479690e+02 7.130170528554685916e+01 0.000000000000000000e+00 0.000000000000000000e+00 0.000000000000000000e+00 0.000000000000000000e+00 0.000000000000000000e+00 0.000000000000000000e+00 0.000000000000000000e+00 0.000000000000000000e+00 0.000000000000000000e+00 0.000000000000000000e+00 0.000000000000000000e+00 0.000000000000000000e+00 0.000000000000000000e+00 0.000000000000000000e+00 0.000000000000000000e+00 0.000000000000000000e+00 0.000000000000000000e+00 0.000000000000000000e+00 0.000000000000000000e+00 0.000000000000000000e+00 0.000000000000000000e+00 0.000000000000000000e+00 0.000000000000000000e+00 0.000000000000000000e+00 0.000000000000000000e+00 0.000000000000000000e+00 0.000000000000000000e+00 0.000000000000000000e+00 0.000000000000000000e+00 0.000000000000000000e+00 0.000000000000000000e+00 0.000000000000000000e+00 0.000000000000000000e+00 0.000000000000000000e+00 0.000000000000000000e+00 0.000000000000000000e+00 0.000000000000000000e+00 0.000000000000000000e+00 0.000000000000000000e+00 0.000000000000000000e+00 0.000000000000000000e+00 0.000000000000000000e+00 0.000000000000000000e+00 0.000000000000000000e+00 0.000000000000000000e+00 0.000000000000000000e+00 0.000000000000000000e+00 0.000000000000000000e+00
6.089967103093769651e-01 3.357009446724974850e+02 3.951329106247565960e+03 -7.265051267944167002e-01 3.393212513116944820e+02 1.253186311220430014e+02 9.668670272175472746e+01 -2.673739562515539205e+02 5.445646620800064142e+01 3.724464480991213122e+02 5.930562315165945897e+00 -8.199773230923723233e+00 -3.021752959115474035e-01 1.682327387568114148e+02 -1.879798003784679565e+02 2.295049464729964086e+02 4.173647500601859974e+02 1.202070537959814089e+02 0.000000000000000000e+00 0.000000000000000000e+00 0.000000000000000000e+00 0.000000000000000000e+00 0.000000000000000000e+00 0.000000000000000000e+00 0.000000000000000000e+00 0.000000000000000000e+00 0.000000000000000000e+00 0.000000000000000000e+00 -1.925119926425452863e-06 -6.586456346771468501e-05 -3.437152992563082357e-04 -9.671293627182634680e-04 -2.090259018298078024e-03 -3.937221098700217567e-03 -6.705389712882834329e-03 -1.073339190211519516e-02 -1.643849587436631635e-02 -2.434160841189967131e-02 -3.498103142132838461e-02 -4.915136935873160723e-02 -6.785393828507109426e-02 -9.154098340376268239e-02 -1.209967124618770984e-01 -1.566070676101202763e-01 -1.980047730537036199e-01 -2.418630147266575547e-01 -2.830305666425094735e-01 -3.098389579902685598e-01 -3.005648813481188175e-01 -2.191425418944974168e-01 -3.426842445653300543e-03 4.593239134150251535e-01 1.322166959230827610e+00 2.850502753455915972e+00 5.500637876028646289e+00 9.929017262759137097e+00 1.708344376739765380e+01 2.852535640960216057e+01 4.700053317854025892e+01 3.099324439718226998e+01 0.000000000000000000e+00 0.000000000000000000e+00 0.000000000000000000e+00 0.000000000000000000e+00 0.000000000000000000e+00 0.000000000000000000e+00 0.000000000000000000e+00 0.000000000000000000e+00 0.000000000000000000e+00 0.000000000000000000e+00 0.000000000000000000e+00 0.000000000000000000e+00 0.000000000000000000e+00 0.000000000000000000e+00 0.000000000000000000e+00 0.000000000000000000e+00 0.000000000000000000e+00 0.000000000000000000e+00 0.000000000000000000e+00 0.000000000000000000e+00 0.000000000000000000e+00 0.000000000000000000e+00 0.000000000000000000e+00 0.000000000000000000e+00 0.000000000000000000e+00 0.000000000000000000e+00 0.000000000000000000e+00 0.000000000000000000e+00 0.000000000000000000e+00 0.000000000000000000e+00 0.000000000000000000e+00 0.000000000000000000e+00 0.000000000000000000e+00 0.000000000000000000e+00 0.000000000000000000e+00 0.000000000000000000e+00 0.000000000000000000e+00 0.000000000000000000e+00 0.000000000000000000e+00 0.000000000000000000e+00 0.000000000000000000e+00 0.000000000000000000e+00 0.000000000000000000e+00 0.000000000000000000e+00 0.000000000000000000e+00 0.000000000000000000e+00 0.000000000000000000e+00 0.000000000000000000e+00
3.913286904234725694e-01 2.693682800850357353e+02 3.648635735792604464e+03 -9.269161683760770432e-01 3.133273919128066609e+02 9.668670272175472746e+01 1.376278543276223729e+02 -3.995769597206896719e+02 -3.335000049325680038e+01 2.972098797195154134e+02 7.572859248369073981e+00 -8.264849381914341819e+00 -3.147375802957835811e-01 1.327876037593166529e+02 -1.508360233185385937e+02 1.841560284042417379e+02 3.348957656390044804e+02 1.711076955079944639e+02 0.000000000000000000e+00 0.000000000000000000e+00 0.000000000000000000e+00 0.000000000000000000e+00 0.000000000000000000e+00 0.000000000000000000e+00 0.000000000000000000e+00 0.000000000000000000e+00 0.000000000000000000e+00 0.000000000000000000e+00 1.121016063155526553e-06 3.715965404911785851e-05 1.886424694379153666e-04 5.213110984291656393e-04 1.117028493008013698e-03 2.105347682480848345e-03 3.619754911127761980e-03 5.896122983267369604e-03 9.282669810317780226e-03 1.425654668638769856e-02 2.144033107399332533e-02 3.181849938346375389e-02 4.701887593709631191e-02 6.872924439880577496e-02 9.986995697195795441e-02 1.447867073717276909e-01 2.098758162491925205e-01 3.026681322941193741e-01 4.357914253864253462e-01 6.294481751185991847e-01 9.071179355741357808e-01 1.304061784577342120e+00 1.872802632217934082e+00 2.696797648490313115e+00 3.863595529838617981e+00 5.532096165253295617e+00 7.947086909406092303e+00 1.140996738830931001e+01 1.630220723796900373e+01 2.325606547436604643e+01 3.333743656738217709e+01 2.022256399322482068e+01 0.000000000000000000e+00 0.000000000000000000e+00 0.000000000000000000e+00 0.000000000000000000e+00 0.000000000000000000e+00 0.000000000000000000e+00 0.000000000000000000e+00 0.000000000000000000e+00 0.000000000000000000e+00 0.000000000000000000e+00 0.000000000000000000e+00 0.000000000000000000e+00 0.000000000000000000e+00 0.000000000000000000e+00 0.000000000000000000e+00 0.000000000000000000e+00 0.000000000000000000e+00 0.000000000000000000e+00 0.000000000000000000e+00 0.000000000000000000e+00 0.000000000000000000e+00 0.000000000000000000e+00 0.000000000000000000e+00 0.000000000000000000e+00 0.000000000000000000e+00 0.000000000000000000e+00 0.000000000000000000e+00 0.000000000000000000e+00 0.000000000000000000e+00 0.000000000000000000e+00 0.000000000000000000e+00 0.000000000000000000e+00 0.000000000000000000e+00 0.000000000000000000e+00 0.000000000000000000e+00 0.000000000000000000e+00 0.000000000000000000e+00 0.000000000000000000e+00 0.000000000000000000e+00 0.000000000000000000e+00 0.000000000000000000e+00 0.000000000000000000e+00 0.000000000000000000e+00 0.000000000000000000e+00 0.000000000000000000e+00 0.000000000000000000e+00 0.000000000000000000e+00 0.000000000000000000e+00
-1.595669092515940912e+00 -8.176837278589606512e+02 -1.093074600847019974e+04 2.702488859488276329e+00 -9.386802044658717250e+02 -2.673739562515539205e+02 -3.995769597206896719e+02 1.351690397044572592e+03 1.321564935360782158e+02 -9.108917210888806721e+02 -2.319857704367821682e+01 2.517700985501851108e+01 9.717508688515948956e-01 -4.291977808452283512e+02 4.578718838149328008e+02 -5.590167772008815064e+02 -1.016596378777170798e+03 -4.967794716405435906e+02 -0.000000000000000000e+00 -0.000000000000000000e+00 -0.000000000000000000e+00 -0.000000000000000000e+00 -0.000000000000000000e+00 -0.000000000000000000e+00 -0.000000000000000000e+00 -0.000000000000000000e+00 -0.000000000000000000e+00 -0.000000000000000000e+00 -5.016463809566225076e-06 -1.701800869738473952e-04 -8.988619431452699298e-04 -2.605978105987474553e-03 -5.863097214306379340e-03 -1.158454034588305218e-02 -2.071182617878553414e-02 -3.486017595184884993e-02 -5.611919237206042244e-02 -8.702201754986554905e-02 -1.306523446689117629e-01 -1.910426775006381084e-01 -2.738233373181894748e-01 -3.818550291409554820e-01 -5.242359800795096669e-01 -7.150774634519351247e-01 -1.022087944064248521e+00 -1.626168565254496379e+00 -2.284551265393231834e+00 -3.187419605704671532e+00 -4.411594889966344191e+00 -6.007961871802654841e+00 -8.074981263209238591e+00 -1.085741362007419752e+01 -1.438149482633564347e+01 -1.937428765238378148e+01 -2.720381899295889028e+01 -3.858197531166813832e+01 -4.738127008908365667e+01 -5.821744266337692153e+01 -9.379419176645326672e+01 -5.265461180803858099e+01 -0.000000000000000000e+00 -0.000000000000000000e+00 -0.000000000000000000e+00 -0.000000000000000000e+00 -0.000000000000000000e+00 -0.000000000000000000e+00 -0.000000000000000000e+00 -0.000000000000000000e+00 -0.000000000000000000e+00 -0.000000000000000000e+00 -0.000000000000000000e+00 -0.000000000000000000e+00 -0.000000000000000000e+00 -0.000000000000000000e+00 -0.000000000000000000e+00 -0.000000000000000000e+00 -0.000000000000000000e+00 -0.000000000000000000e+00 -0.000000000000000000e+00 -0.000000000000000000e+00 -0.000000000000000000e+00 -0.000000000000000000e+00 -0.000000000000000000e+00 -0.000000000000000000e+00 -0.000000000000000000e+00 -0.000000000000000000e+00 -0.000000000000000000e+00 -0.000000000000000000e+00 -0.000000000000000000e+00 -0.000000000000000000e+00 -0.000000000000000000e+00 -0.000000000000000000e+00 -0.000000000000000000e+00 -0.000000000000000000e+00 -0.000000000000000000e+00 -0.000000000000000000e+00 -0.000000000000000000e+00 -0.000000000000000000e+00 -0.000000000000000000e+00 -0.000000000000000000e+00 -0.000000000000000000e+00 -0.000000000000000000e+00 -0.000000000000000000e+00 -0.000000000000000000e+00 -0.000000000000000000e+00 -0.000000000000000000e+00 -0.000000000000000000e+00 -0.000000000000000000e+00
1.655073527731403538e-01 3.226023268479870012e+02 2.791876293084280405e+03 5.841712316285359030e-01 2.397529873628952828e+02 5.445646620800064142e+01 -3.335000049325680038e+01 1.321564935360782158e+02 3.492165859298113446e+02 4.112185536642239754e+02 -9.758701524943816707e+00 1.566392711920066683e+00 5.167192974106294551e-02 3.057499586088133583e+02 -1.806450710517827360e+02 2.205499595109630491e+02 4.010797158914735405e+02 -4.146284018936673021e+01 0.000000000000000000e+00 0.000000000000000000e+00 0.000000000000000000e+00 0.000000000000000000e+00 0.000000000000000000e+00 0.000000000000000000e+00 0.000000000000000000e+00 0.000000000000000000e+00 0.000000000000000000e+00 0.000000000000000000e+00 1.885974899316336871e-06 6.900798189122480622e-05 3.795702184076059382e-04 1.112945509809996902e-03 2.486740868869655348e-03 4.830372838762825999e-03 8.455018156870570262e-03 1.392565229626401349e-02 2.197753203102334463e-02 3.352756359977444867e-02 4.975563111288189982e-02 7.232443746757713510e-02 1.037714077473044089e-01 1.460535837263390591e-01 2.037164442537271469e-01 2.836135819501496291e-01 4.073565975036311237e-01 6.234627746743329757e-01 8.803524856720810199e-01 1.237439844220023843e+00 1.725597864917131741e+00 2.374657809686530285e+00 3.230256777655521994e+00 4.373347875374074434e+00 5.809061958883733112e+00 7.672560882466719967e+00 1.016221208400264508e+01 1.311864426590172883e+01 1.464716926951872367e+01 1.447275184474398024e+01 1.447136403656434389e+01 3.842165686651847878e+00 0.000000000000000000e+00 0.000000000000000000e+00 0.000000000000000000e+00 0.000000000000000000e+00 0.000000000000000000e+00 0.000000000000000000e+00 0.000000000000000000e+00 0.000000000000000000e+00 0.000000000000000000e+00 0.000000000000000000e+00 0.000000000000000000e+00 0.000000000000000000e+00 0.000000000000000000e+00 0.000000000000000000e+00 0.000000000000000000e+00 0.000000000000000000e+00 0.000000000000000000e+00 0.000000000000000000e+00 0.000000000000000000e+00 0.000000000000000000e+00 0.000000000000000000e+00 0.000000000000000000e+00 0.000000000000000000e+00 0.000000000000000000e+00 0.000000000000000000e+00 0.000000000000000000e+00 0.000000000000000000e+00 0.000000000000000000e+00 0.000000000000000000e+00 0.000000000000000000e+00 0.000000000000000000e+00 0.000000000000000000e+00 0.000000000000000000e+00 0.000000000000000000e+00 0.000000000000000000e+00 0.000000000000000000e+00 0.000000000000000000e+00 0.000000000000000000e+00 0.000000000000000000e+00 0.000000000000000000e+00 0.000000000000000000e+00 0.000000000000000000e+00 0.000000000000000000e+00 0.000000000000000000e+00 0.000000000000000000e+00 0.000000000000000000e+00 0.000000000000000000e+00 0.000000000000000000e+00
1.568967307260071387e+00 1.263599266915178987e+03 1.434180528286961999e+04 -1.740197152964142902e+00 1.231605665789126533e+03 3.724464480991213122e+02 2.972098797195154134e+02 -9.108917210888806721e+02 4.112185536642239754e+02 1.464288008201578123e+03 9.094948804098219597e+00 -2.270932519263696747e+01 -8.654806577788622945e-01 8.064951491874745670e+02 -7.075676780856962296e+02 8.638709146308945037e+02 1.570986917319491567e+03 3.695102117915367899e+02 0.000000000000000000e+00 0.000000000000000000e+00 0.000000000000000000e+00 0.000000000000000000e+00 0.000000000000000000e+00 0.000000000000000000e+00 0.000000000000000000e+00 0.000000000000000000e+00 0.000000000000000000e+00 0.000000000000000000e+00 2.587419465835071342e-06 9.347984747696218679e-05 5.180698886910251912e-04 1.548987049541633966e-03 3.555163979227230191e-03 7.124298998784045316e-03 1.289447731800063245e-02 2.196497642616437526e-02 3.586875795631803282e-02 5.672290964465626778e-02 8.726767911746097228e-02 1.316971209238608498e-01 1.965761321631440683e-01 2.883528032385436757e-01 4.190291941492885752e-01 6.066368237566983623e-01 8.899544901710026990e-01 1.335896956284331694e+00 1.930857107699281761e+00 2.788940050336671028e+00 4.007592815780631312e+00 5.719648119753382609e+00 8.128602100724595658e+00 1.157273719660676647e+01 1.634671625803580852e+01 2.311887778110253677e+01 3.298572772587636592e+01 4.694805810014587877e+01 6.472062276478075660e+01 8.900458166087639711e+01 1.272851307251597035e+02 7.501518829922619602e+01 0.000000000000000000e+00 0.000000000000000000e+00 0.000000000000000000e+00 0.000000000000000000e+00 0.000000000000000000e+00 0.000000000000000000e+00 0.000000000000000000e+00 0.000000000000000000e+00 0.000000000000000000e+00 0.000000000000000000e+00 0.000000000000000000e+00 0.000000000000000000e+00 0.000000000000000000e+00 0.000000000000000000e+00 0.000000000000000000e+00 0.000000000000000000e+00 0.000000000000000000e+00 0.000000000000000000e+00 0.000000000000000000e+00 0.000000000000000000e+00 0.000000000000000000e+00 0.000000000000000000e+00 0.000000000000000000e+00 0.000000000000000000e+00 0.000000000000000000e+00 0.000000000000000000e+00 0.000000000000000000e+00 0.000000000000000000e+00 0.000000000000000000e+00 0.000000000000000000e+00 0.000000000000000000e+00 0.000000000000000000e+00 0.000000000000000000e+00 0.000000000000000000e+00 0.000000000000000000e+00 0.000000000000000000e+00 0.000000000000000000e+00 0.000000000000000000e+00 0.000000000000000000e+00 0.000000000000000000e+00 0.000000000000000000e+00 0.000000000000000000e+00 0.000000000000000000e+00 0.000000000000000000e+00 0.000000000000000000e+00 0.000000000000000000e+00 0.000000000000000000e+00 0.000000000000000000e+00
2.089058767275326148e-02 9.997442349134734840e+00 1.550415968053964093e+02 -7.062920339764905409e-02 1.331423103942133679e+01 5.930562315165945897e+00 7.572859248369073981e+00 -2.319857704367821682e+01 -9.758701524943816707e+00 9.094948804098219597e+00 7.645927349514360927e-01 -6.033736320170531853e-01 -2.204809641014206234e-02 -3.786940495061236200e-01 -5.598188646502049615e+00 6.834840674766232915e+00 1.242945572094953199e+01 9.415059914472339031e+00 0.000000000000000000e+00 0.000000000000000000e+00 0.000000000000000000e+00 0.000000000000000000e+00 0.000000000000000000e+00 0.000000000000000000e+00 0.000000000000000000e+00 0.000000000000000000e+00 0.000000000000000000e+00 0.000000000000000000e+00 -1.544600506810519087e-07 -5.428905042465171113e-06 -2.892857476405043217e-05 -8.291647769652563658e-05 -1.820145291464121890e-04 -3.480992376641494170e-04 -5.998389141123181738e-04 -9.717614264765797680e-04 -1.504108463961986979e-03 -2.236667294355969195e-03 -3.216331738360695726e-03 -4.488345425493203526e-03 -6.103876315278800729e-03 -8.011938734888037275e-03 -1.027342858211484355e-02 -1.299105155500156379e-02 -1.774896875962557810e-02 -2.957000021912636542e-02 -3.958467429136621613e-02 -5.190619319064831982e-02 -6.656619416003661804e-02 -8.143953804547025832e-02 -9.368608097717577576e-02 -1.006907032204847063e-01 -9.066428601544695987e-02 -6.128994254228356531e-02 -1.033421837917379224e-02 1.047955638144211360e-01 5.619198238798521761e-01 1.407221506122557253e+00 2.336272406045980077e+00 1.837317438090191990e+00 0.000000000000000000e+00 0.000000000000000000e+00 0.000000000000000000e+00 0.000000000000000000e+00 0.000000000000000000e+00 0.000000000000000000e+00 0.000000000000000000e+00 0.000000000000000000e+00 0.000000000000000000e+00 0.000000000000000000e+00 0.000000000000000000e+00 0.000000000000000000e+00 0.000000000000000000e+00 0.000000000000000000e+00 0.000000000000000000e+00 0.000000000000000000e+00 0.000000000000000000e+00 0.000000000000000000e+00 0.000000000000000000e+00 0.000000000000000000e+00 0.000000000000000000e+00 0.000000000000000000e+00 0.000000000000000000e+00 0.000000000000000000e+00 0.000000000000000000e+00 0.000000000000000000e+00 0.000000000000000000e+00 0.000000000000000000e+00 0.000000000000000000e+00 0.000000000000000000e+00 0.000000000000000000e+00 0.000000000000000000e+00 0.000000000000000000e+00 0.000000000000000000e+00 0.000000000000000000e+00 0.000000000000000000e+00 0.000000000000000000e+00 0.000000000000000000e+00 0.000000000000000000e+00 0.000000000000000000e+00 0.000000000000000000e+00 0.000000000000000000e+00 0.000000000000000000e+00 0.000000000000000000e+00 0.000000000000000000e+00 0.000000000000000000e+00 0.000000000000000000e+00 0.000000000000000000e+00
-3.121537421383486013e-02 -2.102476845480880385e+01 -2.650602918717226544e+02 6.588683262055890222e-02 -2.276211054370238784e+01 -8.199773230923723233e+00 -8.264849381914341819e+00 2.517700985501851108e+01 1.566392711920066683e+00 -2.270932519263696747e+01 -6.033736320170531853e-01 6.545070495329105009e-01 2.428467567664016266e-02 -8.919961433047362220e+00 1.177307314697663543e+01 -1.437377056992045254e+01 -2.613932838281183635e+01 -1.027538602827876524e+01 0.000000000000000000e+00 0.000000000000000000e+00 0.000000000000000000e+00 0.000000000000000000e+00 0.000000000000000000e+00 0.000000000000000000e+00 0.000000000000000000e+00 0.000000000000000000e+00 0.000000000000000000e+00 0.000000000000000000e+00 7.997049568954212916e-08 2.773295765015958499e-06 1.452946942865544514e-05 4.091080224726300534e-05 8.811183320090751694e-05 1.650400701215662196e-04 2.778442049099826092e-04 4.387216587710449198e-04 6.591070573213741318e-04 9.436302865813382939e-04 1.294922794204250108e-03 1.698148251273752475e-03 2.115912133799266546e-03 2.439441379059638804e-03 2.576753270722756048e-03 2.397806482156836748e-03 2.594657266671031390e-03 5.994764303324306293e-03 6.439615422867330657e-03 5.581718708394777136e-03 2.362323044884359190e-03 -6.200874392892252035e-03 -2.437004468473603566e-02 -5.770234050397288206e-02 -1.177332131492561523e-01 -2.132207481460862419e-01 -3.572646620569798204e-01 -5.900680492724736936e-01 -1.104530868863274895e+00 -1.959210911943186417e+00 -3.010389016323506972e+00 -2.090888863732098368e+00 0.000000000000000000e+00 0.000000000000000000e+00 0.000000000000000000e+00 0.000000000000000000e+00 0.000000000000000000e+00 0.000000000000000000e+00 0.000000000000000000e+00 0.000000000000000000e+00 0.000000000000000000e+00 0.000000000000000000e+00 0.000000000000000000e+00 0.000000000000000000e+00 0.000000000000000000e+00 0.000000000000000000e+00 0.000000000000000000e+00 0.000000000000000000e+00 0.000000000000000000e+00 0.000000000000000000e+00 0.000000000000000000e+00 0.000000000000000000e+00 0.000000000000000000e+00 0.000000000000000000e+00 0.000000000000000000e+00 0.000000000000000000e+00 0.000000000000000000e+00 0.000000000000000000e+00 0.000000000000000000e+00 0.000000000000000000e+00 0.000000000000000000e+00 0.000000000000000000e+00 0.000000000000000000e+00 0.000000000000000000e+00 0.000000000000000000e+00 0.000000000000000000e+00 0.000000000000000000e+00 0.000000000000000000e+00 0.000000000000000000e+00 0.000000000000000000e+00 0.000000000000000000e+00 0.000000000000000000e+00 0.000000000000000000e+00 0.000000000000000000e+00 0.000000000000000000e+00 0.000000000000000000e+00 0.000000000000000000e+00 0.000000000000000000e+00 0.000000000000000000e+00 0.000000000000000000e+00
-1.209726304596353726e-03 -7.962063198157004473e-01 -1.005173244225891693e+01 2.445068523149645894e-03 -8.631947221922828817e-01 -3.021752959115474035e-01 -3.147375802957835811e-01 9.717508688515948956e-01 5.167192974106294551e-02 -8.654806577788621835e-01 -2.204809641014206234e-02 2.428467567664015919e-02 9.052890582195951457e-04 -3.533655951553698049e-01 4.458453496609771638e-01 -5.443335555371594525e-01 -9.898943000902581391e-01 -3.913017631298291166e-01 0.000000000000000000e+00 0.000000000000000000e+00 0.000000000000000000e+00 0.000000000000000000e+00 0.000000000000000000e+00 0.000000000000000000e+00 0.000000000000000000e+00 0.000000000000000000e+00 0.000000000000000000e+00 0.000000000000000000e+00 2.042718809044608075e-09 7.109308902957189747e-08 3.709583658136860338e-07 1.034781566527221545e-06 2.198537689560725673e-06 4.047310689584796954e-06 6.672639528544542759e-06 1.028493730673436740e-05 1.501226528982091639e-05 2.070293590294580252e-05 2.707014523494458128e-05 3.312836305440741811e-05 3.694011416678312569e-05 3.451925871202841641e-05 2.167128876630135023e-05 -7.683198148255838714e-06 -3.865054868636761244e-05 1.356795362073962901e-06 -6.395552039447988861e-05 -2.023555498284186442e-04 -4.583014105934757657e-04 -9.372022723676437820e-04 -1.792547382990545548e-03 -3.237637515957427631e-03 -5.657673766716954898e-03 -9.425211845605909258e-03 -1.512699850788927665e-02 -2.416391491141993766e-02 -4.220270117845000002e-02 -7.166042723031541828e-02 -1.102516308347968044e-01 -7.500306477793192150e-02 0.000000000000000000e+00 0.000000000000000000e+00 0.000000000000000000e+00 0.000000000000000000e+00 0.000000000000000000e+00 0.000000000000000000e+00 0.000000000000000000e+00 0.000000000000000000e+00 0.000000000000000000e+00 0.000000000000000000e+00 0.000000000000000000e+00 0.000000000000000000e+00 0.000000000000000000e+00 0.000000000000000000e+00 0.000000000000000000e+00 0.000000000000000000e+00 0.000000000000000000e+00 0.000000000000000000e+00 0.000000000000000000e+00 0.000000000000000000e+00 0.000000000000000000e+00 0.000000000000000000e+00 0.000000000000000000e+00 0.000000000000000000e+00 0.000000000000000000e+00 0.000000000000000000e+00 0.000000000000000000e+00 0.000000000000000000e+00 0.000000000000000000e+00 0.000000000000000000e+00 0.000000000000000000e+00 0.000000000000000000e+00 0.000000000000000000e+00 0.000000000000000000e+00 0.000000000000000000e+00 0.000000000000000000e+00 0.000000000000000000e+00 0.000000000000000000e+00 0.000000000000000000e+00 0.000000000000000000e+00 0.000000000000000000e+00 0.000000000000000000e+00 0.000000000000000000e+00 0.000000000000000000e+00 0.000000000000000000e+00 0.000000000000000000e+00 0.000000000000000000e+00 0.000000000000000000e+00
8.391014619794352480e-01 6.758517878585309973e+02 7.462465228520144592e+03 -5.273043086810896840e-01 6.408408338368394652e+02 1.682327387568113863e+02 1.327876037593166529e+02 -4.291977808452283512e+02 3.057499586088133583e+02 8.064951491874744534e+02 -3.786940495061248413e-01 -8.919961433047363997e+00 -3.533655951553698049e-01 4.958002669415238870e+02 -3.784513751994983295e+02 4.620521057737098545e+02 8.402618967679510433e+02 1.650899883769037046e+02 0.000000000000000000e+00 0.000000000000000000e+00 0.000000000000000000e+00 0.000000000000000000e+00 0.000000000000000000e+00 0.000000000000000000e+00 0.000000000000000000e+00 0.000000000000000000e+00 0.000000000000000000e+00 0.000000000000000000e+00 4.049985574871080798e-06 1.425912500275989029e-04 7.687364344353798213e-04 2.241639422653500004e-03 5.025563884746904464e-03 9.843861256712937990e-03 1.741240929188935666e-02 2.899152493622268040e-02 4.621617207639622249e-02 7.109480464213771556e-02 1.061382531760711456e-01 1.547537480287949907e-01 2.219218140307843701e-01 3.108634782305602084e-01 4.300872212762698599e-01 5.925865497930583592e-01 8.490507521646106781e-01 1.325372713930169866e+00 1.866594663932855669e+00 2.613762062084953541e+00 3.630954841767285668e+00 4.970318322589509563e+00 6.720256417126968529e+00 9.066931738300443300e+00 1.202663214029438521e+01 1.604346956256516776e+01 2.189522620404377307e+01 2.971512797845404208e+01 3.497908674499817039e+01 3.933495839931896398e+01 5.422657100460891400e+01 2.601475116607182514e+01 0.000000000000000000e+00 0.000000000000000000e+00 0.000000000000000000e+00 0.000000000000000000e+00 0.000000000000000000e+00 0.000000000000000000e+00 0.000000000000000000e+00 0.000000000000000000e+00 0.000000000000000000e+00 0.000000000000000000e+00 0.000000000000000000e+00 0.000000000000000000e+00 0.000000000000000000e+00 0.000000000000000000e+00 0.000000000000000000e+00 0.000000000000000000e+00 0.000000000000000000e+00 0.000000000000000000e+00 0.000000000000000000e+00 0.000000000000000000e+00 0.000000000000000000e+00 0.000000000000000000e+00 0.000000000000000000e+00 0.000000000000000000e+00 0.000000000000000000e+00 0.000000000000000000e+00 0.000000000000000000e+00 0.000000000000000000e+00 0.000000000000000000e+00 0.000000000000000000e+00 0.000000000000000000e+00 0.000000000000000000e+00 0.000000000000000000e+00 0.000000000000000000e+00 0.000000000000000000e+00 0.000000000000000000e+00 0.000000000000000000e+00 0.000000000000000000e+00 0.000000000000000000e+00 0.000000000000000000e+00 0.000000000000000000e+00 0.000000000000000000e+00 0.000000000000000000e+00 0.000000000000000000e+00 0.000000000000000000e+00 0.000000000000000000e+00 0.000000000000000000e+00 0.000000000000000000e+00
