1.056068048518135516e+00 -2.840223513312042591e+00 -2.632838043971341335e+01 1.257837133249117313e-02 -3.018687478488061515e+00 -1.598718874882887109e+00 -8.497720678568140285e-01 8.873508399342251440e-01 1.105899673711453035e+00 -3.736811811008870166e+00 -1.118024086819081830e+00
-2.840223513312042591e+00 7.453326951292803642e+03 6.655256863069711835e+04 -1.330526734712604231e+01 7.630602499334360800e+03 2.502511726961396107e+03 1.842719743240351590e+03 1.514938140021397658e+03 1.433858435311710082e+03 9.806157878899932257e+03 2.424420778380926095e+03
-2.632838043971341335e+01 6.655256863069711835e+04 6.154740336255739676e+05 -1.461335166813496187e+02 7.056733941133704502e+04 2.312501340930389051e+04 1.968975943194730280e+04 1.621915931879214259e+04 8.799560523485712110e+03 8.756156807608433883e+04 2.590532937156926710e+04
1.257837133249117313e-02 -1.330526734712604231e+01 -1.461335166813496187e+02 7.176935122357165631e-02 -1.675497731444277960e+01 -6.465924745121693462e+00 -7.458450508553656988e+00 -6.208564110064815900e+00 4.449709809997376198e+00 -1.750541108414128644e+01 -9.812898816434250548e+00
-3.018687478488061515e+00 7.630602499334360800e+03 7.056733941133704502e+04 -1.675497731444277960e+01 8.090917113530563256e+03 2.651404577595587853e+03 2.257534616979600742e+03 1.859612035740312649e+03 1.008915957791946767e+03 1.003939493176563337e+04 2.970182445484159416e+03
-1.598718874882887109e+00 2.502511726961396107e+03 2.312501340930389051e+04 -6.465924745121693462e+00 2.651404577595587853e+03 1.028452786956337150e+03 7.376197991026369891e+02 5.516541277487077650e+02 2.016469784582419607e+02 3.292492768497889301e+03 9.704681214002405341e+02
-8.497720678568140285e-01 1.842719743240351590e+03 1.968975943194730280e+04 -7.458450508553656988e+00 2.257534616979600742e+03 7.376197991026369891e+02 9.491980987844714264e+02 7.852065974256667005e+02 -2.562829886763796594e+02 2.424420778380926095e+03 1.248836455969193821e+03
8.873508399342251440e-01 1.514938140021397658e+03 1.621915931879214259e+04 -6.208564110064815900e+00 1.859612035740312649e+03 5.516541277487077650e+02 7.852065974256667005e+02 7.795431775403229722e+02 -3.134899996685159067e+02 1.993166632149427414e+03 1.033076894684506442e+03
1.105899673711453035e+00 1.433858435311710082e+03 8.799560523485712110e+03 4.449709809997376198e+00 1.008915957791946767e+03 2.016469784582419607e+02 -2.562829886763796594e+02 -3.134899996685159067e+02 1.387474404652519524e+03 1.886492070527000578e+03 -3.371851879114182680e+02
-3.736811811008870166e+00 9.806157878899932257e+03 8.756156807608433883e+04 -1.750541108414128644e+01 1.003939493176563337e+04 3.292492768497889301e+03 2.424420778380926095e+03 1.993166632149427414e+03 1.886492070527000578e+03 1.290171932270216894e+04 3.189750439374607140e+03
-1.118024086819081830e+00 2.424420778380926095e+03 2.590532937156926710e+04 -9.812898816434250548e+00 2.970182445484159416e+03 9.704681214002405341e+02 1.248836455969193821e+03 1.033076894684506442e+03 -3.371851879114182680e+02 3.189750439374607140e+03 1.643063229640774125e+03
