3.181852005771220515e+00 6.704543609708050411e+00 3.508174588544790140e+01 -1.229000681794421108e-03 8.212937798669138090e+00 5.856795367432207078e-01 1.839016975682799648e+00 3.034851689336770075e+00 5.173422295454901843e+00 1.123154948732450542e+01 3.080748127359953070e+00
6.704543609708050411e+00 7.759143862123936742e+03 4.677278930471741478e+04 -2.196115624744062700e+01 1.094991140076768170e+04 1.396185585960208755e+03 3.628338256075568097e+03 4.667110500741142459e+03 5.551426808022847581e+02 1.299823125030132178e+04 6.078245299330670605e+03
3.508174588544790140e+01 4.677278930471741478e+04 2.958864100627871812e+05 -1.636763464371364023e+02 6.926954802227203618e+04 1.039941640133578039e+04 2.525851250671309390e+04 3.207052302370291727e+04 -2.386741765668038170e+03 7.835446054455773265e+04 4.231342947558312881e+04
-1.229000681794421108e-03 -2.196115624744062700e+01 -1.636763464371364023e+02 2.078350966241655218e-01 -3.831803744292066227e+01 -1.271132865969533299e+01 -1.787388817284983489e+01 -2.360455612584858542e+01 2.265031508773453339e+01 -3.678965005684195688e+01 -2.994259881516511612e+01
8.212937798669138090e+00 1.094991140076768170e+04 6.926954802227203618e+04 -3.831803744292066227e+01 1.621659569356922111e+04 2.434592631892323425e+03 5.913234557422377293e+03 7.507984683103103634e+03 -5.587567314045332978e+02 1.834345168572874900e+04 9.905936992591045055e+03
5.856795367432207078e-01 1.396185585960208755e+03 1.039941640133578039e+04 -1.271132865969533299e+01 2.434592631892323425e+03 1.030686963710200871e+03 1.134794639024483786e+03 1.360235488633587465e+03 -1.401504369374973976e+03 2.338910508314837898e+03 1.901024572007973802e+03
1.839016975682799648e+00 3.628338256075568097e+03 2.525851250671309390e+04 -1.787388817284983489e+01 5.913234557422377293e+03 1.134794639024483786e+03 2.519656336090113200e+03 3.139112111879600889e+03 -1.133621817542277540e+03 6.078245299330670605e+03 4.220965136071234156e+03
3.034851689336770075e+00 4.667110500741142459e+03 3.207052302370291727e+04 -2.360455612584858542e+01 7.507984683103103634e+03 1.360235488633587465e+03 3.139112111879600889e+03 4.229109651197460153e+03 -1.711254421665498057e+03 7.818411752290562617e+03 5.258686509218001447e+03
5.173422295454901843e+00 5.551426808022847581e+02 -2.386741765668038170e+03 2.265031508773453339e+01 -5.587567314045332978e+02 -1.401504369374973976e+03 -1.133621817542277540e+03 -1.711254421665498057e+03 4.331812340111289814e+03 9.299831360524722186e+02 -1.899059844312248288e+03
1.123154948732450542e+01 1.299823125030132178e+04 7.835446054455773265e+04 -3.678965005684195688e+01 1.834345168572874900e+04 2.338910508314837898e+03 6.078245299330670605e+03 7.818411752290562617e+03 9.299831360524722186e+02 2.177482704774357626e+04 1.018236540018609048e+04
3.080748127359953070e+00 6.078245299330670605e+03 4.231342947558312881e+04 -2.994259881516511612e+01 9.905936992591045055e+03 1.901024572007973802e+03 4.220965136071234156e+03 5.258686509218001447e+03 -1.899059844312248288e+03 1.018236540018609048e+04 7.071022513957496813e+03
