1.503389663509353547e+00 -2.520362086239074983e+00 -5.401122548300663517e+00 -6.554530920995345344e-03 -2.107563606022366809e+00 3.276282550502184865e+00 8.227984869600919460e-01 4.153261905458788261e-01 -4.488390058980252562e+00 -5.758114964746384068e+00 1.879796679454642128e+00
-2.520362086239074983e+00 2.211704422351901485e+03 1.074476062101252137e+04 -5.423699276182905926e+00 4.192696284477577137e+03 -2.883702128703903895e+02 1.405611782091171108e+03 2.540100281629679557e+03 2.674200238349060896e+02 5.052943940663691137e+03 3.211314073193551849e+03
-5.401122548300663517e+00 1.074476062101252137e+04 5.404105413292440062e+04 -3.076433359761924180e+01 2.108727545118752460e+04 -8.238143730248808652e+02 7.481126149902882389e+03 1.324737032850040487e+04 1.398988350501634557e+02 2.454788828250966981e+04 1.709166499214870055e+04
-6.554530920995345344e-03 -5.423699276182905926e+00 -3.076433359761924180e+01 4.864019600782505670e-02 -1.200450263330408696e+01 -2.678942633781176585e+00 -5.011301204967971046e+00 -8.987615902152564118e+00 6.344161683982884270e+00 -1.239118939972440003e+01 -1.144900910021087803e+01
-2.107563606022366809e+00 4.192696284477577137e+03 2.108727545118752460e+04 -1.200450263330408696e+01 8.228432866251949235e+03 -3.214593216833487759e+02 2.919198567445619119e+03 5.169235715385176263e+03 5.458970623975496750e+01 9.578793202016462601e+03 6.669311940554382090e+03
3.276282550502184865e+00 -2.883702128703903895e+02 -8.238143730248808652e+02 -2.678942633781176585e+00 -3.214593216833487759e+02 5.261708827784090090e+02 2.121141380763537043e+01 -1.741024084629928836e+01 -8.227962938671629445e+02 -6.588215428180291156e+02 4.846040175577675768e+01
8.227984869600919460e-01 1.405611782091171108e+03 7.481126149902882389e+03 -5.011301204967971046e+00 2.919198567445619119e+03 2.121141380763537043e+01 1.124488910827175005e+03 1.935752030443441299e+03 -2.407810934468282085e+02 3.211314073193551394e+03 2.569050082318655768e+03
4.153261905458788261e-01 2.540100281629679557e+03 1.324737032850040487e+04 -8.987615902152564118e+00 5.169235715385176263e+03 -1.741024084629928836e+01 1.935752030443441299e+03 3.461463923557069847e+03 -4.308037771636669504e+02 5.803209595742565398e+03 4.422492623338590420e+03
-4.488390058980252562e+00 2.674200238349060896e+02 1.398988350501634557e+02 6.344161683982884270e+00 5.458970623975496750e+01 -8.227962938671629445e+02 -2.407810934468282085e+02 -4.308037771636669504e+02 1.613769702622396835e+03 6.109579451000128074e+02 -5.500976327861899335e+02
-5.758114964746384068e+00 5.052943940663691137e+03 2.454788828250966981e+04 -1.239118939972440003e+01 9.578793202016462601e+03 -6.588215428180291156e+02 3.211314073193551394e+03 5.803209595742565398e+03 6.109579451000128074e+02 1.154414767608920010e+04 7.336690121755157634e+03
1.879796679454642128e+00 3.211314073193551849e+03 1.709166499214870055e+04 -1.144900910021087803e+01 6.669311940554382090e+03 4.846040175577675768e+01 2.569050082318655768e+03 4.422492623338590420e+03 -5.500976327861899335e+02 7.336690121755157634e+03 5.869349410130254000e+03
