# A b_HI Tb sigma_NL sigma8tot n_s f DA H omegak omegaDE w0 wa h gamma sigma_8 fs8 bs8 pk0 pk1 pk2 pk3 pk4 pk5 pk6 pk7 pk8 pk9 pk10 pk11 pk12 pk13 pk14 pk15 pk16 pk17 pk18 pk19 pk20 pk21 pk22 pk23 pk24 pk25 pk26 pk27 pk28 pk29 pk30 pk31 pk32 pk33 pk34 pk35 pk36 pk37 pk38 pk39 pk40 pk41 pk42 pk43 pk44 pk45 pk46 pk47 pk48 pk49 pk50 pk51 pk52 pk53 pk54 pk55 pk56 pk57 pk58 pk59 pk60 pk61 pk62 pk63 pk64 pk65 pk66 pk67 pk68 pk69 pk70 pk71 pk72 pk73 pk74 pk75 pk76 pk77 pk78 pk79 pk80 pk81 pk82 pk83 pk84 pk85 pk86 pk87 pk88 pk89
4.671167865915288431e+00 1.336358946036274986e+01 5.964763875795057402e+01 2.665796468858977475e-03 1.765506129508602839e+01 2.165292443709044612e+00 3.615298765643233381e+00 -2.473579436777484375e+00 9.709449844739944879e+00 1.468785557978866585e+01 -9.519389815250431042e+00 1.506958192292909171e+00 2.257727220843846194e-01 2.262619210939259418e+01 5.697483093196168552e-02 1.379930915549165427e+01 2.535534044126639586e+01 6.859469252004855910e+00 0.000000000000000000e+00 0.000000000000000000e+00 0.000000000000000000e+00 0.000000000000000000e+00 0.000000000000000000e+00 0.000000000000000000e+00 -1.603164609005866937e-20 6.097576228963192452e-19 1.671148194600426248e-18 -8.068122269928549085e-18 9.710676329444724134e-18 -4.654654608835195323e-17 -2.410880381650254682e-16 2.398955835088881842e-16 2.152759066688496094e-16 -1.545320094103280525e-16 -1.680756065808596272e-15 -1.192230826606968531e-15 -2.243118336910267659e-15 2.230009684264033184e-15 -1.215062295374995491e-14 -3.794787008402172517e-15 -3.086904790293791576e-15 -1.378010555981442896e-14 -2.903700570820359298e-14 -2.271764520599804822e-14 -8.645293979649493199e-02 -1.904109603517306626e+00 -4.660459795729642529e+00 -5.550529124796254266e+00 -1.229552290584308372e+00 8.675164893430784119e+00 1.700983419555551990e+01 1.132110197685882547e+01 -7.517615863077649507e+00 -1.692486615434260244e+01 -2.920833499522092480e-01 1.377056551799446460e+01 -7.942752503807346542e-01 -7.823135494615984342e+00 4.332876938580864312e+00 -5.991787819463783027e-01 -5.524582202550595289e-01 2.710717685367747265e-01 -8.245598391814422390e-02 0.000000000000000000e+00 0.000000000000000000e+00 0.000000000000000000e+00 0.000000000000000000e+00 0.000000000000000000e+00 0.000000000000000000e+00 0.000000000000000000e+00 0.000000000000000000e+00 0.000000000000000000e+00 0.000000000000000000e+00 0.000000000000000000e+00 0.000000000000000000e+00 0.000000000000000000e+00 0.000000000000000000e+00 0.000000000000000000e+00 0.000000000000000000e+00 0.000000000000000000e+00 0.000000000000000000e+00 0.000000000000000000e+00 0.000000000000000000e+00 0.000000000000000000e+00 0.000000000000000000e+00 0.000000000000000000e+00 0.000000000000000000e+00 0.000000000000000000e+00 0.000000000000000000e+00 0.000000000000000000e+00 0.000000000000000000e+00 0.000000000000000000e+00 0.000000000000000000e+00 0.000000000000000000e+00 0.000000000000000000e+00 0.000000000000000000e+00 0.000000000000000000e+00 0.000000000000000000e+00 0.000000000000000000e+00 0.000000000000000000e+00 0.000000000000000000e+00 0.000000000000000000e+00 0.000000000000000000e+00 0.000000000000000000e+00 0.000000000000000000e+00 0.000000000000000000e+00 0.000000000000000000e+00 0.000000000000000000e+00
1.336358946036274986e+01 8.990595261261676569e+03 4.841242610867985059e+04 -3.107823067104089887e+01 1.432955885917005253e+04 1.330533572916315734e+03 4.806620917466583705e+03 -4.296128858921922074e+03 -2.097289946816257498e+02 7.712425418788752722e+03 -8.760692134290562763e+02 6.516384294150678613e+01 -1.745194984672790781e+02 1.034683812002324339e+04 3.833084266075437796e+01 9.283733526088170038e+03 1.705826150190177941e+04 9.119818451170023764e+03 0.000000000000000000e+00 0.000000000000000000e+00 0.000000000000000000e+00 0.000000000000000000e+00 0.000000000000000000e+00 0.000000000000000000e+00 2.550018347020110488e-05 9.224101793496404175e-04 6.158085809612188696e-03 2.129331377460469063e-02 5.466931994805563494e-02 1.196421664813728941e-01 2.332942575163406973e-01 4.206586896033264744e-01 7.194612017607764365e-01 1.191027490379454656e+00 1.903483367254778624e+00 2.971789509947916574e+00 4.578951414797395536e+00 6.964225125563451968e+00 1.042991011951954228e+01 1.548072258722088712e+01 2.290319103114290300e+01 3.346723021309241375e+01 4.850308168081778604e+01 6.974193181414658227e+01 9.939202371321670171e+01 1.395362717425549022e+02 1.930267632817954961e+02 2.626019618162212623e+02 3.474390791771710383e+02 4.388256674933835484e+02 5.136425914818756837e+02 5.363308178369120469e+02 5.085321071210097443e+02 4.742616761261368197e+02 4.597939951115367307e+02 4.408376487215068664e+02 3.869038354984651278e+02 3.228279260775653938e+02 2.658684874316101627e+02 1.849983741499986820e+02 1.109762502456095348e+02 5.477372338806149799e+01 1.618559837126289835e+01 0.000000000000000000e+00 0.000000000000000000e+00 0.000000000000000000e+00 0.000000000000000000e+00 0.000000000000000000e+00 0.000000000000000000e+00 0.000000000000000000e+00 0.000000000000000000e+00 0.000000000000000000e+00 0.000000000000000000e+00 0.000000000000000000e+00 0.000000000000000000e+00 0.000000000000000000e+00 0.000000000000000000e+00 0.000000000000000000e+00 0.000000000000000000e+00 0.000000000000000000e+00 0.000000000000000000e+00 0.000000000000000000e+00 0.000000000000000000e+00 0.000000000000000000e+00 0.000000000000000000e+00 0.000000000000000000e+00 0.000000000000000000e+00 0.000000000000000000e+00 0.000000000000000000e+00 0.000000000000000000e+00 0.000000000000000000e+00 0.000000000000000000e+00 0.000000000000000000e+00 0.000000000000000000e+00 0.000000000000000000e+00 0.000000000000000000e+00 0.000000000000000000e+00 0.000000000000000000e+00 0.000000000000000000e+00 0.000000000000000000e+00 0.000000000000000000e+00 0.000000000000000000e+00 0.000000000000000000e+00 0.000000000000000000e+00 0.000000000000000000e+00 0.000000000000000000e+00 0.000000000000000000e+00 0.000000000000000000e+00
5.964763875795057402e+01 4.841242610867985059e+04 2.731649554094023188e+05 -2.046310872275297186e+02 8.085389684901152214e+04 9.888758568189759899e+03 2.945830592985781186e+04 -2.589200802121992820e+04 -7.421373842928013801e+03 3.981221634442550567e+04 1.693340661489481533e+02 -4.409068735932316372e+02 -1.228554708309585521e+03 5.191767703353445540e+04 2.064033619656892711e+02 4.999091275757696712e+04 9.185507750100482372e+04 5.589257122047556186e+04 0.000000000000000000e+00 0.000000000000000000e+00 0.000000000000000000e+00 0.000000000000000000e+00 0.000000000000000000e+00 0.000000000000000000e+00 1.689360039330377165e-04 5.794613556919360128e-03 3.670199334694954074e-02 1.215534064147172078e-01 3.014031214628719590e-01 6.407503556119967802e-01 1.220076000589254805e+00 2.156703061215372141e+00 3.626836906464758314e+00 5.916588139367620514e+00 9.338473391838196136e+00 1.442552118200647016e+01 2.201773609386075847e+01 3.321183136731033159e+01 4.940435868082320781e+01 7.289310847968930318e+01 1.072982693063107433e+02 1.561713444178188865e+02 2.256241245184258446e+02 3.237762704633128692e+02 4.611745943334387903e+02 6.480703047297888588e+02 8.991238140192649553e+02 1.230666601999686009e+03 1.645013008976380206e+03 2.114698627607716844e+03 2.551454065242664456e+03 2.802214057311543911e+03 2.834822785050450875e+03 2.809851795330372170e+03 2.849773840615728659e+03 2.822867291460978322e+03 2.541026442708607647e+03 2.160033703238711041e+03 1.801802422380429789e+03 1.265519243001516315e+03 7.643271879647192009e+02 3.789903660073740070e+02 1.123277645804873401e+02 0.000000000000000000e+00 0.000000000000000000e+00 0.000000000000000000e+00 0.000000000000000000e+00 0.000000000000000000e+00 0.000000000000000000e+00 0.000000000000000000e+00 0.000000000000000000e+00 0.000000000000000000e+00 0.000000000000000000e+00 0.000000000000000000e+00 0.000000000000000000e+00 0.000000000000000000e+00 0.000000000000000000e+00 0.000000000000000000e+00 0.000000000000000000e+00 0.000000000000000000e+00 0.000000000000000000e+00 0.000000000000000000e+00 0.000000000000000000e+00 0.000000000000000000e+00 0.000000000000000000e+00 0.000000000000000000e+00 0.000000000000000000e+00 0.000000000000000000e+00 0.000000000000000000e+00 0.000000000000000000e+00 0.000000000000000000e+00 0.000000000000000000e+00 0.000000000000000000e+00 0.000000000000000000e+00 0.000000000000000000e+00 0.000000000000000000e+00 0.000000000000000000e+00 0.000000000000000000e+00 0.000000000000000000e+00 0.000000000000000000e+00 0.000000000000000000e+00 0.000000000000000000e+00 0.000000000000000000e+00 0.000000000000000000e+00 0.000000000000000000e+00 0.000000000000000000e+00 0.000000000000000000e+00 0.000000000000000000e+00
2.665796468858977475e-03 -3.107823067104089887e+01 -2.046310872275297186e+02 3.659622628312769188e-01 -6.056860695764885349e+01 -2.024876072667746030e+01 -2.730168577064036839e+01 2.501978351629283281e+01 3.871097863249287485e+01 -9.703206236042888122e+00 -3.232662492450108971e+01 6.563913472343518407e+00 2.686624569436753429e+00 3.312091785362882845e+00 -1.325000998720441969e-01 -3.209153605828707612e+01 -5.896612742509819327e+01 -5.180071861593049221e+01 0.000000000000000000e+00 0.000000000000000000e+00 0.000000000000000000e+00 0.000000000000000000e+00 0.000000000000000000e+00 0.000000000000000000e+00 -9.947988063245879094e-11 -3.643969980201801148e-09 -2.558037908748330960e-08 -9.643862474134654880e-08 -2.775069555676744074e-07 -6.981898461975093999e-07 -1.594186382914764734e-06 -3.404108471590822917e-06 -6.960150433694998111e-06 -1.395609688076224728e-05 -2.711620439879201621e-05 -5.171792734262938978e-05 -9.794552897842041805e-05 -1.840446418514549219e-04 -3.414432753144170198e-04 -6.286340191653200325e-04 -1.163751360797236250e-03 -2.130509632494430577e-03 -3.875081938635505530e-03 -7.033690627319696617e-03 -1.277230416109586750e-02 -2.293094551828074243e-02 -4.087372622797153660e-02 -7.293378240743041141e-02 -1.286469474828746962e-01 -2.225758632513918367e-01 -3.734110985538778849e-01 -5.977759936563465937e-01 -8.914166325912474820e-01 -1.272046950513987529e+00 -1.794453329264038111e+00 -2.407618255104405858e+00 -2.884907749585454262e+00 -3.231148165606247513e+00 -3.518968720358153224e+00 -3.178134995565494947e+00 -2.465594969441684992e+00 -1.557689385384367187e+00 -5.720460299169781715e-01 0.000000000000000000e+00 0.000000000000000000e+00 0.000000000000000000e+00 0.000000000000000000e+00 0.000000000000000000e+00 0.000000000000000000e+00 0.000000000000000000e+00 0.000000000000000000e+00 0.000000000000000000e+00 0.000000000000000000e+00 0.000000000000000000e+00 0.000000000000000000e+00 0.000000000000000000e+00 0.000000000000000000e+00 0.000000000000000000e+00 0.000000000000000000e+00 0.000000000000000000e+00 0.000000000000000000e+00 0.000000000000000000e+00 0.000000000000000000e+00 0.000000000000000000e+00 0.000000000000000000e+00 0.000000000000000000e+00 0.000000000000000000e+00 0.000000000000000000e+00 0.000000000000000000e+00 0.000000000000000000e+00 0.000000000000000000e+00 0.000000000000000000e+00 0.000000000000000000e+00 0.000000000000000000e+00 0.000000000000000000e+00 0.000000000000000000e+00 0.000000000000000000e+00 0.000000000000000000e+00 0.000000000000000000e+00 0.000000000000000000e+00 0.000000000000000000e+00 0.000000000000000000e+00 0.000000000000000000e+00 0.000000000000000000e+00 0.000000000000000000e+00 0.000000000000000000e+00 0.000000000000000000e+00 0.000000000000000000e+00
1.765506129508602839e+01 1.432955885917005253e+04 8.085389684901152214e+04 -6.056860695764885349e+01 2.393188623289113093e+04 2.926966469907851206e+03 8.719342587081235251e+03 -7.663756658038125352e+03 -2.196647056262182559e+03 1.178398901432402818e+04 5.012106731228323042e+01 -1.305037054409085613e+02 -3.636390162499287158e+02 1.536707553579986779e+04 6.109318127082347871e+01 1.479677397648328770e+04 2.718811770782721578e+04 1.654360158063969720e+04 0.000000000000000000e+00 0.000000000000000000e+00 0.000000000000000000e+00 0.000000000000000000e+00 0.000000000000000000e+00 0.000000000000000000e+00 5.000324516596424656e-05 1.715143460144285441e-03 1.086339636715063194e-02 3.597850452365616847e-02 8.921209111983455231e-02 1.896552326083502660e-01 3.611294097068598052e-01 6.383609734422504012e-01 1.073504823061927071e+00 1.751246628256358573e+00 2.764087960036089697e+00 4.269799542533252001e+00 6.517013722765771178e+00 9.830345856461383036e+00 1.462316026111069434e+01 2.157557826254656774e+01 3.175913683937841725e+01 4.622504286248995697e+01 6.678232082559962635e+01 9.583430325080891521e+01 1.365027333895596087e+02 1.918218590338482841e+02 2.661310049975069205e+02 3.642641141301435823e+02 4.869062063386486443e+02 6.259281116316116140e+02 7.552030365569386277e+02 8.294253045715501003e+02 8.390771382228623452e+02 8.316859931031681299e+02 8.435024903059913868e+02 8.355384403543387180e+02 7.521165721329590497e+02 6.393468077568779790e+02 5.333141909916893155e+02 3.745801220391904280e+02 2.262326495065029803e+02 1.121770833085215031e+02 3.324781349444624823e+01 0.000000000000000000e+00 0.000000000000000000e+00 0.000000000000000000e+00 0.000000000000000000e+00 0.000000000000000000e+00 0.000000000000000000e+00 0.000000000000000000e+00 0.000000000000000000e+00 0.000000000000000000e+00 0.000000000000000000e+00 0.000000000000000000e+00 0.000000000000000000e+00 0.000000000000000000e+00 0.000000000000000000e+00 0.000000000000000000e+00 0.000000000000000000e+00 0.000000000000000000e+00 0.000000000000000000e+00 0.000000000000000000e+00 0.000000000000000000e+00 0.000000000000000000e+00 0.000000000000000000e+00 0.000000000000000000e+00 0.000000000000000000e+00 0.000000000000000000e+00 0.000000000000000000e+00 0.000000000000000000e+00 0.000000000000000000e+00 0.000000000000000000e+00 0.000000000000000000e+00 0.000000000000000000e+00 0.000000000000000000e+00 0.000000000000000000e+00 0.000000000000000000e+00 0.000000000000000000e+00 0.000000000000000000e+00 0.000000000000000000e+00 0.000000000000000000e+00 0.000000000000000000e+00 0.000000000000000000e+00 0.000000000000000000e+00 0.000000000000000000e+00 0.000000000000000000e+00 0.000000000000000000e+00 0.000000000000000000e+00
2.165292443709044612e+00 1.330533572916315734e+03 9.888758568189759899e+03 -2.024876072667746030e+01 2.926966469907851206e+03 1.525172401637359599e+03 1.492184912443678286e+03 -1.267861370443468104e+03 -2.488774679295059286e+03 1.795393341649811347e+01 2.181223886055511684e+03 -4.376442974220776136e+02 -1.619795155710595509e+02 -1.061661921058508369e+03 5.672646977898726739e+00 1.373915606199321019e+03 2.524481301217104829e+03 2.831189671648574404e+03 0.000000000000000000e+00 0.000000000000000000e+00 0.000000000000000000e+00 0.000000000000000000e+00 0.000000000000000000e+00 0.000000000000000000e+00 -6.407261995784990088e-05 -2.133157030656620580e-03 -1.300883012700121757e-02 -4.135556508031641709e-02 -9.822480531618069111e-02 -1.993724363954114953e-01 -3.616036398964498355e-01 -6.075740230173042322e-01 -9.685903180247976696e-01 -1.491407791560865670e+00 -2.216057379291007656e+00 -3.211135035122831827e+00 -4.574058697834826326e+00 -6.404228951287618266e+00 -8.797510142191679705e+00 -1.190892683142911679e+01 -1.591861226781958649e+01 -2.085606859513001865e+01 -2.680618410718079048e+01 -3.367453329995023381e+01 -4.106555664782433013e+01 -4.814033290478949567e+01 -5.356815459413175518e+01 -5.494457135416364224e+01 -4.906370187754100698e+01 -3.203388606951031647e+01 -1.274277595561993381e+00 4.024365939277569737e+01 8.226573138052307854e+01 1.230799415810488853e+02 1.674231223225964698e+02 2.075538231243563700e+02 2.238647072235613109e+02 2.222396981034854093e+02 2.122469561400976090e+02 1.672419094329870575e+02 1.121899343175592634e+02 6.108860951711769616e+01 1.956057415546142053e+01 0.000000000000000000e+00 0.000000000000000000e+00 0.000000000000000000e+00 0.000000000000000000e+00 0.000000000000000000e+00 0.000000000000000000e+00 0.000000000000000000e+00 0.000000000000000000e+00 0.000000000000000000e+00 0.000000000000000000e+00 0.000000000000000000e+00 0.000000000000000000e+00 0.000000000000000000e+00 0.000000000000000000e+00 0.000000000000000000e+00 0.000000000000000000e+00 0.000000000000000000e+00 0.000000000000000000e+00 0.000000000000000000e+00 0.000000000000000000e+00 0.000000000000000000e+00 0.000000000000000000e+00 0.000000000000000000e+00 0.000000000000000000e+00 0.000000000000000000e+00 0.000000000000000000e+00 0.000000000000000000e+00 0.000000000000000000e+00 0.000000000000000000e+00 0.000000000000000000e+00 0.000000000000000000e+00 0.000000000000000000e+00 0.000000000000000000e+00 0.000000000000000000e+00 0.000000000000000000e+00 0.000000000000000000e+00 0.000000000000000000e+00 0.000000000000000000e+00 0.000000000000000000e+00 0.000000000000000000e+00 0.000000000000000000e+00 0.000000000000000000e+00 0.000000000000000000e+00 0.000000000000000000e+00 0.000000000000000000e+00
3.615298765643233381e+00 4.806620917466583705e+03 2.945830592985781186e+04 -2.730168577064036839e+01 8.719342587081235251e+03 1.492184912443678286e+03 3.594690268779743292e+03 -3.087464481698769305e+03 -1.915680521477217098e+03 3.630958643709154330e+03 9.323805849636540870e+02 -1.921240463310202813e+02 -1.760862236891206010e+02 4.443093068538423722e+03 2.049272876415162159e+01 4.963340742403641343e+03 9.119818451170023764e+03 6.820367822294932921e+03 0.000000000000000000e+00 0.000000000000000000e+00 0.000000000000000000e+00 0.000000000000000000e+00 0.000000000000000000e+00 0.000000000000000000e+00 2.269755013728789382e-05 7.303795033603906629e-04 4.307572157607063648e-03 1.335994927840897586e-02 3.124011296685895445e-02 6.296161762239979587e-02 1.143596162416348483e-01 1.938084858288932344e-01 3.137554432741588850e-01 4.943417001224397200e-01 7.564170677092745265e-01 1.136788689927695328e+00 1.691607079973030281e+00 2.493856337743286744e+00 3.638863757491742401e+00 5.276075926609700595e+00 7.649680211983626243e+00 1.100093711069308355e+01 1.573969210174030131e+01 2.244682630433401727e+01 3.191765242556386895e+01 4.498919184463981225e+01 6.298632694391128695e+01 8.782756870358559809e+01 1.210063907557525766e+02 1.634401189984693872e+02 2.131513907860288271e+02 2.621399624660383552e+02 2.995323285103355033e+02 3.269491268682451732e+02 3.529884753406795994e+02 3.644004979244263609e+02 3.380257026231700479e+02 2.934619908776293755e+02 2.482430330975941786e+02 1.761099231561408089e+02 1.071266191683895102e+02 5.337447272400036979e+01 1.586853724040995850e+01 0.000000000000000000e+00 0.000000000000000000e+00 0.000000000000000000e+00 0.000000000000000000e+00 0.000000000000000000e+00 0.000000000000000000e+00 0.000000000000000000e+00 0.000000000000000000e+00 0.000000000000000000e+00 0.000000000000000000e+00 0.000000000000000000e+00 0.000000000000000000e+00 0.000000000000000000e+00 0.000000000000000000e+00 0.000000000000000000e+00 0.000000000000000000e+00 0.000000000000000000e+00 0.000000000000000000e+00 0.000000000000000000e+00 0.000000000000000000e+00 0.000000000000000000e+00 0.000000000000000000e+00 0.000000000000000000e+00 0.000000000000000000e+00 0.000000000000000000e+00 0.000000000000000000e+00 0.000000000000000000e+00 0.000000000000000000e+00 0.000000000000000000e+00 0.000000000000000000e+00 0.000000000000000000e+00 0.000000000000000000e+00 0.000000000000000000e+00 0.000000000000000000e+00 0.000000000000000000e+00 0.000000000000000000e+00 0.000000000000000000e+00 0.000000000000000000e+00 0.000000000000000000e+00 0.000000000000000000e+00 0.000000000000000000e+00 0.000000000000000000e+00 0.000000000000000000e+00 0.000000000000000000e+00 0.000000000000000000e+00
-2.473579436777484375e+00 -4.296128858921922074e+03 -2.589200802121992820e+04 2.501978351629283281e+01 -7.663756658038125352e+03 -1.267861370443468104e+03 -3.087464481698769305e+03 2.808789573996531544e+03 1.876685824164618907e+03 -3.177202759066896760e+03 -9.817285311903593765e+02 1.995005330740747240e+02 1.661319955290611006e+02 -3.814983360285241361e+03 -1.831627768310340088e+01 -4.436204095608603893e+03 -8.151238865920520766e+03 -5.857985481070400056e+03 -0.000000000000000000e+00 -0.000000000000000000e+00 -0.000000000000000000e+00 -0.000000000000000000e+00 -0.000000000000000000e+00 -0.000000000000000000e+00 -2.352353837866163040e-05 -7.718465308476339399e-04 -4.744124221467530683e-03 -1.549304468728427558e-02 -3.826041389469553994e-02 -8.137555250808981011e-02 -1.550035595940022493e-01 -2.738957365495739427e-01 -4.591625219373147715e-01 -7.441476678867122718e-01 -1.159847224775331753e+00 -1.762042918067493913e+00 -2.627958949930725652e+00 -3.834653530311763259e+00 -5.474324281808790715e+00 -7.671073167476538224e+00 -1.058943778357987320e+01 -1.426631717221649964e+01 -1.896076850097119504e+01 -2.502255310832817869e+01 -3.446944487048934036e+01 -5.289009517381786907e+01 -7.080709676601580327e+01 -9.304531608525493880e+01 -1.197324571811428342e+02 -1.484008770274162714e+02 -1.759071641349057415e+02 -1.999008716583902299e+02 -2.213620287886441247e+02 -2.478173674856424498e+02 -2.822511704057251904e+02 -3.082786731496373704e+02 -2.982071202750032057e+02 -2.686960236008272318e+02 -2.357109560241293593e+02 -1.707736774860293281e+02 -1.056323994227861363e+02 -5.334139747104418916e+01 -1.597697582539602834e+01 -0.000000000000000000e+00 -0.000000000000000000e+00 -0.000000000000000000e+00 -0.000000000000000000e+00 -0.000000000000000000e+00 -0.000000000000000000e+00 -0.000000000000000000e+00 -0.000000000000000000e+00 -0.000000000000000000e+00 -0.000000000000000000e+00 -0.000000000000000000e+00 -0.000000000000000000e+00 -0.000000000000000000e+00 -0.000000000000000000e+00 -0.000000000000000000e+00 -0.000000000000000000e+00 -0.000000000000000000e+00 -0.000000000000000000e+00 -0.000000000000000000e+00 -0.000000000000000000e+00 -0.000000000000000000e+00 -0.000000000000000000e+00 -0.000000000000000000e+00 -0.000000000000000000e+00 -0.000000000000000000e+00 -0.000000000000000000e+00 -0.000000000000000000e+00 -0.000000000000000000e+00 -0.000000000000000000e+00 -0.000000000000000000e+00 -0.000000000000000000e+00 -0.000000000000000000e+00 -0.000000000000000000e+00 -0.000000000000000000e+00 -0.000000000000000000e+00 -0.000000000000000000e+00 -0.000000000000000000e+00 -0.000000000000000000e+00 -0.000000000000000000e+00 -0.000000000000000000e+00 -0.000000000000000000e+00 -0.000000000000000000e+00 -0.000000000000000000e+00 -0.000000000000000000e+00 -0.000000000000000000e+00
9.709449844739944879e+00 -2.097289946816257498e+02 -7.421373842928013801e+03 3.871097863249287485e+01 -2.196647056262182559e+03 -2.488774679295059286e+03 -1.915680521477217098e+03 1.876685824164618907e+03 5.946681144068824324e+03 2.283661429205994409e+03 -5.342066616570810766e+03 1.002868233630303166e+03 3.202118913644026179e+02 5.408438654881575530e+03 -8.941664998732724579e-01 -2.165672063681952011e+02 -3.979282719160111128e+02 -3.634706973214597383e+03 0.000000000000000000e+00 0.000000000000000000e+00 0.000000000000000000e+00 0.000000000000000000e+00 0.000000000000000000e+00 0.000000000000000000e+00 3.495398001537571107e-05 1.237001428081961098e-03 7.943845985532074078e-03 2.620153514615698384e-02 6.408950295596907432e-02 1.335184487859434332e-01 2.479687686112350686e-01 4.268076865877148962e-01 6.976755280207452836e-01 1.104630641053898854e+00 1.688476956823674602e+00 2.525278220397538576e+00 3.722135829316358446e+00 5.396881306588483973e+00 7.699230581344614244e+00 1.084383712948429945e+01 1.514919096637514961e+01 2.081242751070686126e+01 2.833837853899445491e+01 3.837604902315204214e+01 5.308669021862940696e+01 7.770119104527397269e+01 1.038941158508400235e+02 1.355646898383775749e+02 1.705949351343024318e+02 2.005694711757128630e+02 2.090205443125715306e+02 1.739991277374422509e+02 9.303649300964970337e+01 -5.742513404508279962e+00 -1.045377536611090363e+02 -2.039378394183896432e+02 -3.131812552345477911e+02 -3.855050119143748475e+02 -3.930400458577963150e+02 -3.618806499412827407e+02 -2.760326081077222398e+02 -1.666849162547262040e+02 -6.034797253974532083e+01 0.000000000000000000e+00 0.000000000000000000e+00 0.000000000000000000e+00 0.000000000000000000e+00 0.000000000000000000e+00 0.000000000000000000e+00 0.000000000000000000e+00 0.000000000000000000e+00 0.000000000000000000e+00 0.000000000000000000e+00 0.000000000000000000e+00 0.000000000000000000e+00 0.000000000000000000e+00 0.000000000000000000e+00 0.000000000000000000e+00 0.000000000000000000e+00 0.000000000000000000e+00 0.000000000000000000e+00 0.000000000000000000e+00 0.000000000000000000e+00 0.000000000000000000e+00 0.000000000000000000e+00 0.000000000000000000e+00 0.000000000000000000e+00 0.000000000000000000e+00 0.000000000000000000e+00 0.000000000000000000e+00 0.000000000000000000e+00 0.000000000000000000e+00 0.000000000000000000e+00 0.000000000000000000e+00 0.000000000000000000e+00 0.000000000000000000e+00 0.000000000000000000e+00 0.000000000000000000e+00 0.000000000000000000e+00 0.000000000000000000e+00 0.000000000000000000e+00 0.000000000000000000e+00 0.000000000000000000e+00 0.000000000000000000e+00 0.000000000000000000e+00 0.000000000000000000e+00 0.000000000000000000e+00 0.000000000000000000e+00
1.468785557978866585e+01 7.712425418788752722e+03 3.981221634442550567e+04 -9.703206236042888122e+00 1.178398901432402818e+04 1.795393341649811347e+01 3.630958643709154330e+03 -3.177202759066896760e+03 2.283661429205994409e+03 7.869497692420264684e+03 -3.181105063626119772e+03 5.431131949241865868e+02 -6.659719348105772596e+00 1.178735275830729370e+04 3.288144518463270316e+01 7.963888969217803606e+03 1.463313226594415573e+04 6.889181444287311024e+03 0.000000000000000000e+00 0.000000000000000000e+00 0.000000000000000000e+00 0.000000000000000000e+00 0.000000000000000000e+00 0.000000000000000000e+00 5.893529992338609829e-05 2.031840175258243283e-03 1.292342038925881932e-02 4.285064237155345596e-02 1.061893625274328151e-01 2.251561820010934412e-01 4.264104813635537505e-01 7.485941664748732016e-01 1.247692341208856304e+00 2.013097080273139827e+00 3.132122288522340092e+00 4.760819282141472542e+00 7.125797703485005741e+00 1.048309057940045719e+01 1.515154709742536454e+01 2.160783495980399493e+01 3.055394273396776939e+01 4.246851335573848729e+01 5.849497455757244779e+01 8.012847994237161231e+01 1.118311375824793288e+02 1.638501022647272123e+02 2.216833882632207064e+02 2.941003720270758208e+02 3.793891252464035233e+02 4.656069581834307201e+02 5.287348329265875009e+02 5.367820806046256621e+02 4.896096567180533157e+02 4.321946319890010386e+02 3.905790896482214976e+02 3.382408052556431812e+02 2.285418176955235765e+02 1.216678394168935995e+02 6.057800830108306656e+01 -1.448281580895940124e+01 -4.779731261006960352e+01 -4.423907046945663524e+01 -2.082375715388151960e+01 0.000000000000000000e+00 0.000000000000000000e+00 0.000000000000000000e+00 0.000000000000000000e+00 0.000000000000000000e+00 0.000000000000000000e+00 0.000000000000000000e+00 0.000000000000000000e+00 0.000000000000000000e+00 0.000000000000000000e+00 0.000000000000000000e+00 0.000000000000000000e+00 0.000000000000000000e+00 0.000000000000000000e+00 0.000000000000000000e+00 0.000000000000000000e+00 0.000000000000000000e+00 0.000000000000000000e+00 0.000000000000000000e+00 0.000000000000000000e+00 0.000000000000000000e+00 0.000000000000000000e+00 0.000000000000000000e+00 0.000000000000000000e+00 0.000000000000000000e+00 0.000000000000000000e+00 0.000000000000000000e+00 0.000000000000000000e+00 0.000000000000000000e+00 0.000000000000000000e+00 0.000000000000000000e+00 0.000000000000000000e+00 0.000000000000000000e+00 0.000000000000000000e+00 0.000000000000000000e+00 0.000000000000000000e+00 0.000000000000000000e+00 0.000000000000000000e+00 0.000000000000000000e+00 0.000000000000000000e+00 0.000000000000000000e+00 0.000000000000000000e+00 0.000000000000000000e+00 0.000000000000000000e+00 0.000000000000000000e+00
-9.519389815250431042e+00 -8.760692134290562763e+02 1.693340661489481533e+02 -3.232662492450108971e+01 5.012106731228219303e+01 2.181223886055511684e+03 9.323805849636540870e+02 -9.817285311903593765e+02 -5.342066616570810766e+03 -3.181105063626119772e+03 5.108249970416902215e+03 -9.756965544724645270e+02 -2.789489593930865112e+02 -6.612718902812655870e+03 -3.735066500498601005e+00 -9.046334410057351079e+02 -1.662205593975438660e+03 1.769047696556433721e+03 0.000000000000000000e+00 0.000000000000000000e+00 0.000000000000000000e+00 0.000000000000000000e+00 0.000000000000000000e+00 0.000000000000000000e+00 -5.439882457024093425e-05 -1.864277226143840538e-03 -1.170832791995494830e-02 -3.817740017062368901e-02 -9.291874130473386229e-02 -1.933212400699056699e-01 -3.591289374810172630e-01 -6.186903483605961096e-01 -1.011902867154219843e+00 -1.601720930867967851e+00 -2.443079117596626215e+00 -3.640267707008640663e+00 -5.332461526167491250e+00 -7.654019576404466285e+00 -1.077102131427382936e+01 -1.489242245670899401e+01 -2.029902032059562700e+01 -2.701919903599888073e+01 -3.547085605617252213e+01 -4.619987745445577332e+01 -6.288470658184589723e+01 -9.606480064165238275e+01 -1.265488897571360098e+02 -1.624246532716994125e+02 -2.015764896334898140e+02 -2.345815387310059066e+02 -2.463831603488369808e+02 -2.200282598329694395e+02 -1.530038477841426356e+02 -7.158404118034157193e+01 8.723478434229122058e+00 9.595291302039868242e+01 2.165881877391390162e+02 3.083782348613224826e+02 3.295269960565825045e+02 3.268244866078767359e+02 2.622878290401204140e+02 1.640623034216842200e+02 6.129179481744944979e+01 0.000000000000000000e+00 0.000000000000000000e+00 0.000000000000000000e+00 0.000000000000000000e+00 0.000000000000000000e+00 0.000000000000000000e+00 0.000000000000000000e+00 0.000000000000000000e+00 0.000000000000000000e+00 0.000000000000000000e+00 0.000000000000000000e+00 0.000000000000000000e+00 0.000000000000000000e+00 0.000000000000000000e+00 0.000000000000000000e+00 0.000000000000000000e+00 0.000000000000000000e+00 0.000000000000000000e+00 0.000000000000000000e+00 0.000000000000000000e+00 0.000000000000000000e+00 0.000000000000000000e+00 0.000000000000000000e+00 0.000000000000000000e+00 0.000000000000000000e+00 0.000000000000000000e+00 0.000000000000000000e+00 0.000000000000000000e+00 0.000000000000000000e+00 0.000000000000000000e+00 0.000000000000000000e+00 0.000000000000000000e+00 0.000000000000000000e+00 0.000000000000000000e+00 0.000000000000000000e+00 0.000000000000000000e+00 0.000000000000000000e+00 0.000000000000000000e+00 0.000000000000000000e+00 0.000000000000000000e+00 0.000000000000000000e+00 0.000000000000000000e+00 0.000000000000000000e+00 0.000000000000000000e+00 0.000000000000000000e+00
1.506958192292909171e+00 6.516384294150678613e+01 -4.409068735932316372e+02 6.563913472343518407e+00 -1.305037054409084192e+02 -4.376442974220776136e+02 -1.921240463310202813e+02 1.995005330740747240e+02 1.002868233630303166e+03 5.431131949241867005e+02 -9.756965544724647543e+02 1.918356597658452074e+02 5.582554926515084759e+01 1.203541566475182435e+03 2.778219837927033420e-01 6.728850936171578212e+01 1.236382954702249037e+02 -3.645256101383126861e+02 0.000000000000000000e+00 0.000000000000000000e+00 0.000000000000000000e+00 0.000000000000000000e+00 0.000000000000000000e+00 0.000000000000000000e+00 1.300091862692847678e-05 4.386138880845678770e-04 2.719254654726335589e-03 8.788822493332128574e-03 2.126215767760830308e-02 4.403782937633883565e-02 8.149202039133547626e-02 1.398914385167948360e-01 2.279283176310333836e-01 3.592026448830840657e-01 5.448191530430902541e-01 8.064803906004910372e-01 1.171488424541586859e+00 1.662323630680756503e+00 2.306008101986737113e+00 3.129173636121764357e+00 4.160188364626496771e+00 5.358349658752219469e+00 6.756828060420453141e+00 8.400613305987693735e+00 1.118303697100682115e+01 1.792412781356016893e+01 2.312417123479229986e+01 2.892972329247010066e+01 3.493696131206845479e+01 3.935279562210864412e+01 4.000843946755800573e+01 3.522238533671782079e+01 2.443111296658166864e+01 1.139703243084368900e+01 -1.836807103188445423e+00 -1.722912975220684473e+01 -4.167137180449051925e+01 -6.110981990851543344e+01 -6.562929113501607503e+01 -6.670300849643625440e+01 -5.445132449092366045e+01 -3.446881047383637053e+01 -1.302179073920039798e+01 0.000000000000000000e+00 0.000000000000000000e+00 0.000000000000000000e+00 0.000000000000000000e+00 0.000000000000000000e+00 0.000000000000000000e+00 0.000000000000000000e+00 0.000000000000000000e+00 0.000000000000000000e+00 0.000000000000000000e+00 0.000000000000000000e+00 0.000000000000000000e+00 0.000000000000000000e+00 0.000000000000000000e+00 0.000000000000000000e+00 0.000000000000000000e+00 0.000000000000000000e+00 0.000000000000000000e+00 0.000000000000000000e+00 0.000000000000000000e+00 0.000000000000000000e+00 0.000000000000000000e+00 0.000000000000000000e+00 0.000000000000000000e+00 0.000000000000000000e+00 0.000000000000000000e+00 0.000000000000000000e+00 0.000000000000000000e+00 0.000000000000000000e+00 0.000000000000000000e+00 0.000000000000000000e+00 0.000000000000000000e+00 0.000000000000000000e+00 0.000000000000000000e+00 0.000000000000000000e+00 0.000000000000000000e+00 0.000000000000000000e+00 0.000000000000000000e+00 0.000000000000000000e+00 0.000000000000000000e+00 0.000000000000000000e+00 0.000000000000000000e+00 0.000000000000000000e+00 0.000000000000000000e+00 0.000000000000000000e+00
2.257727220843846194e-01 -1.745194984672790781e+02 -1.228554708309585521e+03 2.686624569436753429e+00 -3.636390162499286021e+02 -1.619795155710595509e+02 -1.760862236891206010e+02 1.661319955290611006e+02 3.202118913644026179e+02 -6.659719348105758385e+00 -2.789489593930865112e+02 5.582554926515081917e+01 2.082582057736105341e+01 1.291079684921444937e+02 -7.440530067910414713e-01 -1.802097048966039381e+02 -3.311237082223878474e+02 -3.340963265818140258e+02 0.000000000000000000e+00 0.000000000000000000e+00 0.000000000000000000e+00 0.000000000000000000e+00 0.000000000000000000e+00 0.000000000000000000e+00 2.547768712447083461e-06 8.613001249923202696e-05 5.319252192861762809e-04 1.704292189742015332e-03 4.077032475218025052e-03 8.334772482923368669e-03 1.520679895750823817e-02 2.572755306627344529e-02 4.129072121320353367e-02 6.405073471647791672e-02 9.552343694807444163e-02 1.389454667490715167e-01 1.978993776141178551e-01 2.742877443739337728e-01 3.703013253455232356e-01 4.856022113512556970e-01 6.170481101281111158e-01 7.471602200796761961e-01 8.672868104213349305e-01 9.662799178643940445e-01 1.204133582475175990e+00 2.144798649051233852e+00 2.595896582787356799e+00 2.961535228813472198e+00 3.137785114904545924e+00 2.789014602563565148e+00 1.606878457117383974e+00 -5.198896419076824982e-01 -3.780310677421828913e+00 -7.728791456817254435e+00 -1.210876295163565075e+01 -1.677865366715173678e+01 -2.251979342414562879e+01 -2.630232470498602027e+01 -2.610944619832455871e+01 -2.390156111265376992e+01 -1.823103273502511712e+01 -1.103197555807578567e+01 -4.012719670163594543e+00 0.000000000000000000e+00 0.000000000000000000e+00 0.000000000000000000e+00 0.000000000000000000e+00 0.000000000000000000e+00 0.000000000000000000e+00 0.000000000000000000e+00 0.000000000000000000e+00 0.000000000000000000e+00 0.000000000000000000e+00 0.000000000000000000e+00 0.000000000000000000e+00 0.000000000000000000e+00 0.000000000000000000e+00 0.000000000000000000e+00 0.000000000000000000e+00 0.000000000000000000e+00 0.000000000000000000e+00 0.000000000000000000e+00 0.000000000000000000e+00 0.000000000000000000e+00 0.000000000000000000e+00 0.000000000000000000e+00 0.000000000000000000e+00 0.000000000000000000e+00 0.000000000000000000e+00 0.000000000000000000e+00 0.000000000000000000e+00 0.000000000000000000e+00 0.000000000000000000e+00 0.000000000000000000e+00 0.000000000000000000e+00 0.000000000000000000e+00 0.000000000000000000e+00 0.000000000000000000e+00 0.000000000000000000e+00 0.000000000000000000e+00 0.000000000000000000e+00 0.000000000000000000e+00 0.000000000000000000e+00 0.000000000000000000e+00 0.000000000000000000e+00 0.000000000000000000e+00 0.000000000000000000e+00 0.000000000000000000e+00
2.262619210939259062e+01 1.034683812002324339e+04 5.191767703353445540e+04 3.312091785362881069e+00 1.536707553579986779e+04 -1.061661921058508142e+03 4.443093068538424632e+03 -3.814983360285241361e+03 5.408438654881575530e+03 1.178735275830729370e+04 -6.612718902812655870e+03 1.203541566475181980e+03 1.291079684921444937e+02 1.867478070928635861e+04 4.411309957681822880e+01 1.068419666912987486e+04 1.963152218960344908e+04 8.430080682975782111e+03 0.000000000000000000e+00 0.000000000000000000e+00 0.000000000000000000e+00 0.000000000000000000e+00 0.000000000000000000e+00 0.000000000000000000e+00 1.178720530327606771e-04 4.020363831291305645e-03 2.528866441690216446e-02 8.302530252189296855e-02 2.039886747437289205e-01 4.291253284071807617e-01 8.066167719489143462e-01 1.406051738355478253e+00 2.326889236370180747e+00 3.726903346991318422e+00 5.752501159755903259e+00 8.671624632378428288e+00 1.285826265214941877e+01 1.870418535680277472e+01 2.669294350492885570e+01 3.749768035242811948e+01 5.206834463164297233e+01 7.083113575656992111e+01 9.528744301288641338e+01 1.274090873183017152e+02 1.758874973267239739e+02 2.635149302592535605e+02 3.525641676181267030e+02 4.616666695707577333e+02 5.875491762403831899e+02 7.097946007016150816e+02 7.926482090261511075e+02 7.930362532640853033e+02 7.092140189272332691e+02 6.076225209732053827e+02 5.258793592769393399e+02 4.221688944664617225e+02 2.118377991803265559e+02 1.568273882445953404e+01 -7.926624637410338892e+01 -1.882011891186657522e+02 -2.049103523796801483e+02 -1.497593592618642617e+02 -6.252867116464801001e+01 0.000000000000000000e+00 0.000000000000000000e+00 0.000000000000000000e+00 0.000000000000000000e+00 0.000000000000000000e+00 0.000000000000000000e+00 0.000000000000000000e+00 0.000000000000000000e+00 0.000000000000000000e+00 0.000000000000000000e+00 0.000000000000000000e+00 0.000000000000000000e+00 0.000000000000000000e+00 0.000000000000000000e+00 0.000000000000000000e+00 0.000000000000000000e+00 0.000000000000000000e+00 0.000000000000000000e+00 0.000000000000000000e+00 0.000000000000000000e+00 0.000000000000000000e+00 0.000000000000000000e+00 0.000000000000000000e+00 0.000000000000000000e+00 0.000000000000000000e+00 0.000000000000000000e+00 0.000000000000000000e+00 0.000000000000000000e+00 0.000000000000000000e+00 0.000000000000000000e+00 0.000000000000000000e+00 0.000000000000000000e+00 0.000000000000000000e+00 0.000000000000000000e+00 0.000000000000000000e+00 0.000000000000000000e+00 0.000000000000000000e+00 0.000000000000000000e+00 0.000000000000000000e+00 0.000000000000000000e+00 0.000000000000000000e+00 0.000000000000000000e+00 0.000000000000000000e+00 0.000000000000000000e+00 0.000000000000000000e+00
