5.650965815304794582e+00 -4.926218922505553266e+00 -4.025602656802423951e+01 4.605991256199361977e-02 -7.357749885698728676e+00 -4.244180419278237970e+00 -3.282399344806234076e+00 2.574727493181549587e+00 8.505258360793721550e+00 -7.435389086028458827e+00 -4.954289821116198311e+00
-4.926218922505553266e+00 2.693574132290501075e+04 1.769805704171695688e+05 -8.217601607877067238e+01 3.234742429328979051e+04 9.689135839947883142e+03 9.051674300606135148e+03 8.593858191244542468e+03 1.907355932592342242e+03 4.065546420225862676e+04 1.366214562603723425e+04
-4.025602656802423951e+01 1.769805704171695688e+05 1.217255421559378738e+06 -6.721762771711170217e+02 2.224824877763453405e+05 6.880620162706254632e+04 7.069548492748441640e+04 6.774840964257573069e+04 -7.159326779008502854e+03 2.671256439106071484e+05 1.067042381449734094e+05
4.605991256199361977e-02 -8.217601607877067238e+01 -6.721762771711170217e+02 7.304006112645348159e-01 -1.228562614884006052e+02 -5.065793523173695689e+01 -5.488916797188493035e+01 -5.554438938241175805e+01 6.406320170726070273e+01 -1.240323791323956470e+02 -8.284697186615456133e+01
-7.357749885698728676e+00 3.234742429328979051e+04 2.224824877763453405e+05 -1.228562614884006052e+02 4.066398595599688997e+04 1.257597595484026169e+04 1.292128758077139901e+04 1.238263921705270513e+04 -1.308537883164336108e+03 4.882358850368114508e+04 1.950274686668564027e+04
-4.244180419278237970e+00 9.689135839947883142e+03 6.880620162706254632e+04 -5.065793523173695689e+01 1.257597595484026169e+04 4.941613194463511718e+03 4.316932660813802613e+03 3.875107731365770178e+03 -2.285657509499487333e+03 1.462429827230530464e+04 6.515762798257681425e+03
-3.282399344806234076e+00 9.051674300606135148e+03 7.069548492748441640e+04 -5.488916797188493035e+01 1.292128758077139901e+04 4.316932660813802613e+03 5.356218419474693292e+03 5.214950317528167943e+03 -3.420343736219647781e+03 1.366214562603723425e+04 8.084408875253723636e+03
2.574727493181549587e+00 8.593858191244542468e+03 6.774840964257573069e+04 -5.554438938241175805e+01 1.238263921705270513e+04 3.875107731365770178e+03 5.214950317528167943e+03 5.912723890685686456e+03 -4.311598354816446772e+03 1.297114082976158716e+04 7.871185849655237689e+03
8.505258360793721550e+00 1.907355932592342242e+03 -7.159326779008502854e+03 6.406320170726070273e+01 -1.308537883164336108e+03 -2.285657509499487333e+03 -3.420343736219647781e+03 -4.311598354816446772e+03 1.087399928360420563e+04 2.878867891879148374e+03 -5.162496203846835670e+03
-7.435389086028458827e+00 4.065546420225862676e+04 2.671256439106071484e+05 -1.240323791323956470e+02 4.882358850368114508e+04 1.462429827230530464e+04 1.366214562603723425e+04 1.297114082976158716e+04 2.878867891879148374e+03 6.136332947686890111e+04 2.062096104082637248e+04
-4.954289821116198311e+00 1.366214562603723425e+04 1.067042381449734094e+05 -8.284697186615456133e+01 1.950274686668564027e+04 6.515762798257681425e+03 8.084408875253723636e+03 7.871185849655237689e+03 -5.162496203846835670e+03 2.062096104082637248e+04 1.220220344723937706e+04
