3.073067088872425412e+00 8.268017699977981749e+00 4.125450301733018676e+01 -1.219572850095148936e-03 1.044402169752844323e+01 1.071793135162732558e+00 2.336173532653535112e+00 3.258984967529336974e+00 5.843431043876465836e+00 1.439477576606869569e+01 4.067322467544023823e+00
8.268017699977981749e+00 6.765811882325329861e+03 3.930697500117813615e+04 -1.895206428312607372e+01 9.950984007832057614e+03 9.668466963626758570e+02 3.334425976097034891e+03 4.541209601311194092e+03 4.910330575739964161e+02 1.177940692141184627e+04 5.805298921239535957e+03
4.125450301733018676e+01 3.930697500117813615e+04 2.395145233412009547e+05 -1.355695098024762899e+02 6.063568085156317102e+04 7.395695920117907917e+03 2.223238196123935995e+04 2.980855304579360018e+04 -2.024722019834381172e+03 6.843418963483037078e+04 3.870699902813266817e+04
-1.219572850095148936e-03 -1.895206428312607372e+01 -1.355695098024762899e+02 1.817492348474739061e-01 -3.432088131823012844e+01 -1.088450569033193460e+01 -1.587036905578063717e+01 -2.208611044355744824e+01 2.053938697325941476e+01 -3.299590368081165082e+01 -2.763061379069448975e+01
1.044402169752844323e+01 9.950984007832057614e+03 6.063568085156317102e+04 -3.432088131823012844e+01 1.535057557697657467e+04 1.872300064445973703e+03 5.628366908053238149e+03 7.546356203864967028e+03 -5.125801830101009955e+02 1.732485205551260515e+04 9.799093629275073909e+03
1.071793135162732558e+00 9.668466963626758570e+02 7.395695920117907917e+03 -1.088450569033193460e+01 1.872300064445973703e+03 9.036374482248043023e+02 9.326121768958616940e+02 1.178118316668521629e+03 -1.390416217459392101e+03 1.683298451857704322e+03 1.623695503597782590e+03
2.336173532653535112e+00 3.334425976097034891e+03 2.223238196123935995e+04 -1.587036905578063717e+01 5.628366908053238149e+03 9.326121768958616940e+02 2.376874812223288700e+03 3.116554724673236251e+03 -1.008768570222123799e+03 5.805298921239535957e+03 4.138184167900608372e+03
3.258984967529336974e+00 4.541209601311194092e+03 2.980855304579360018e+04 -2.208611044355744824e+01 7.546356203864967028e+03 1.178118316668521629e+03 3.116554724673236251e+03 4.381850615716452921e+03 -1.578433368807142642e+03 7.906332120910549747e+03 5.425980936696916615e+03
5.843431043876465836e+00 4.910330575739964161e+02 -2.024722019834381172e+03 2.053938697325941476e+01 -5.125801830101009955e+02 -1.390416217459392101e+03 -1.008768570222123799e+03 -1.578433368807142642e+03 4.033773552363475119e+03 8.548978744353199772e+02 -1.756285230042972898e+03
1.439477576606869569e+01 1.177940692141184627e+04 6.843418963483037078e+04 -3.299590368081165082e+01 1.732485205551260515e+04 1.683298451857704322e+03 5.805298921239535957e+03 7.906332120910549747e+03 8.548978744353199772e+02 2.050817105670356614e+04 1.010713562290344089e+04
4.067322467544023823e+00 5.805298921239535957e+03 3.870699902813266817e+04 -2.763061379069448975e+01 9.799093629275073909e+03 1.623695503597782590e+03 4.138184167900608372e+03 5.425980936696916615e+03 -1.756285230042972898e+03 1.010713562290344089e+04 7.204657190777844335e+03
