# A b_HI Tb sigma_NL sigma8tot n_s f DA H omegak omegaDE w0 wa h gamma sigma_8 fs8 bs8 pk0 pk1 pk2 pk3 pk4 pk5 pk6 pk7 pk8 pk9 pk10 pk11 pk12 pk13 pk14 pk15 pk16 pk17 pk18 pk19 pk20 pk21 pk22 pk23 pk24 pk25 pk26 pk27 pk28 pk29 pk30 pk31 pk32 pk33 pk34 pk35 pk36 pk37 pk38 pk39 pk40 pk41 pk42 pk43 pk44 pk45 pk46 pk47 pk48 pk49 pk50 pk51 pk52 pk53 pk54 pk55 pk56 pk57 pk58 pk59 pk60 pk61 pk62 pk63 pk64 pk65 pk66 pk67 pk68 pk69 pk70 pk71 pk72 pk73 pk74 pk75 pk76 pk77 pk78 pk79 pk80 pk81 pk82 pk83 pk84 pk85 pk86 pk87 pk88 pk89
5.193420543862633382e-02 -9.856537260557012015e-02 -7.162101298649630188e-01 6.267288061078356547e-04 -1.276246260088909068e-01 -6.793312645766572122e-02 -4.449230598972707396e-02 -1.838312914556498173e-02 1.118826453130676302e-01 -6.731647281064336193e-03 -8.345677427845085705e-02 3.974437834778549866e-02 6.154218516211429867e-03 1.732008732167303333e-01 2.777378334110505373e-02 -8.656863139527637419e-02 -1.473926305716381779e-01 -6.653287911025974888e-02 0.000000000000000000e+00 0.000000000000000000e+00 0.000000000000000000e+00 0.000000000000000000e+00 0.000000000000000000e+00 0.000000000000000000e+00 0.000000000000000000e+00 0.000000000000000000e+00 0.000000000000000000e+00 0.000000000000000000e+00 0.000000000000000000e+00 0.000000000000000000e+00 0.000000000000000000e+00 0.000000000000000000e+00 0.000000000000000000e+00 0.000000000000000000e+00 0.000000000000000000e+00 0.000000000000000000e+00 0.000000000000000000e+00 0.000000000000000000e+00 0.000000000000000000e+00 0.000000000000000000e+00 0.000000000000000000e+00 0.000000000000000000e+00 0.000000000000000000e+00 0.000000000000000000e+00 0.000000000000000000e+00 0.000000000000000000e+00 -6.050678070371281374e-04 -2.686202133783444773e-03 -7.461077350943689243e-04 1.249851935696482189e-02 3.428385948088131380e-02 3.247082440631295780e-02 -4.118867880025241929e-02 -1.258334521477111889e-01 7.415569896514878287e-03 2.303234761970668898e-01 -4.980036999740820869e-02 -3.037426655478878690e-01 2.738958240180633386e-01 -8.560842104001348263e-02 -5.534316687894581116e-02 2.143732326739087451e-02 0.000000000000000000e+00 0.000000000000000000e+00 0.000000000000000000e+00 0.000000000000000000e+00 0.000000000000000000e+00 0.000000000000000000e+00 0.000000000000000000e+00 0.000000000000000000e+00 0.000000000000000000e+00 0.000000000000000000e+00 0.000000000000000000e+00 0.000000000000000000e+00 0.000000000000000000e+00 0.000000000000000000e+00 0.000000000000000000e+00 0.000000000000000000e+00 0.000000000000000000e+00 0.000000000000000000e+00 0.000000000000000000e+00 0.000000000000000000e+00 0.000000000000000000e+00 0.000000000000000000e+00 0.000000000000000000e+00 0.000000000000000000e+00 0.000000000000000000e+00 0.000000000000000000e+00 0.000000000000000000e+00 0.000000000000000000e+00 0.000000000000000000e+00 0.000000000000000000e+00 0.000000000000000000e+00 0.000000000000000000e+00 0.000000000000000000e+00 0.000000000000000000e+00 0.000000000000000000e+00 0.000000000000000000e+00 0.000000000000000000e+00 0.000000000000000000e+00 0.000000000000000000e+00 0.000000000000000000e+00 0.000000000000000000e+00 0.000000000000000000e+00 0.000000000000000000e+00 0.000000000000000000e+00 0.000000000000000000e+00 0.000000000000000000e+00
-9.856537260557012015e-02 2.582853652127903956e+02 1.864766203683508593e+03 -1.123488571345185871e+00 3.322908730486666400e+02 1.192684915790333946e+02 1.141501920794721059e+02 -7.602820214646439467e+01 -2.413898509260146241e+01 2.463959284963274570e+02 4.382947139212349441e+01 -3.269711327755052821e+01 -6.061624492725757207e+00 1.037871154087028316e+02 -7.277973576282946055e+01 2.268485370148825382e+02 3.862346218606800790e+02 1.706978490121422283e+02 0.000000000000000000e+00 0.000000000000000000e+00 0.000000000000000000e+00 0.000000000000000000e+00 0.000000000000000000e+00 0.000000000000000000e+00 0.000000000000000000e+00 0.000000000000000000e+00 0.000000000000000000e+00 0.000000000000000000e+00 0.000000000000000000e+00 0.000000000000000000e+00 0.000000000000000000e+00 0.000000000000000000e+00 0.000000000000000000e+00 0.000000000000000000e+00 0.000000000000000000e+00 0.000000000000000000e+00 0.000000000000000000e+00 0.000000000000000000e+00 0.000000000000000000e+00 0.000000000000000000e+00 0.000000000000000000e+00 0.000000000000000000e+00 0.000000000000000000e+00 0.000000000000000000e+00 0.000000000000000000e+00 0.000000000000000000e+00 1.911867376900474105e-02 1.120863667769134014e-01 2.832405090186576602e-01 5.735817602535223658e-01 1.048078704758455215e+00 1.810390198602666922e+00 2.963646375329748839e+00 4.691470462029563748e+00 7.255532169509899099e+00 1.087652306599686014e+01 1.537863554820276413e+01 2.035547739168504222e+01 2.487406341690284961e+01 2.523763689920814457e+01 2.098900741451550545e+01 2.120931690900527578e+00 0.000000000000000000e+00 0.000000000000000000e+00 0.000000000000000000e+00 0.000000000000000000e+00 0.000000000000000000e+00 0.000000000000000000e+00 0.000000000000000000e+00 0.000000000000000000e+00 0.000000000000000000e+00 0.000000000000000000e+00 0.000000000000000000e+00 0.000000000000000000e+00 0.000000000000000000e+00 0.000000000000000000e+00 0.000000000000000000e+00 0.000000000000000000e+00 0.000000000000000000e+00 0.000000000000000000e+00 0.000000000000000000e+00 0.000000000000000000e+00 0.000000000000000000e+00 0.000000000000000000e+00 0.000000000000000000e+00 0.000000000000000000e+00 0.000000000000000000e+00 0.000000000000000000e+00 0.000000000000000000e+00 0.000000000000000000e+00 0.000000000000000000e+00 0.000000000000000000e+00 0.000000000000000000e+00 0.000000000000000000e+00 0.000000000000000000e+00 0.000000000000000000e+00 0.000000000000000000e+00 0.000000000000000000e+00 0.000000000000000000e+00 0.000000000000000000e+00 0.000000000000000000e+00 0.000000000000000000e+00 0.000000000000000000e+00 0.000000000000000000e+00 0.000000000000000000e+00 0.000000000000000000e+00 0.000000000000000000e+00 0.000000000000000000e+00
-7.162101298649630188e-01 1.864766203683508593e+03 1.390017287029263207e+04 -9.281444675597674276e+00 2.476932802339042610e+03 8.919270434570159978e+02 9.127884881101839483e+02 -6.494979577448726786e+02 -4.028637496315929525e+02 1.725525217762862439e+03 3.940959647180144998e+02 -2.632057560134591085e+02 -4.884219298647806085e+01 6.392303471296562520e+02 -5.254544385498912789e+02 1.637798892832710635e+03 2.788533020230948296e+03 1.364965127828931827e+03 0.000000000000000000e+00 0.000000000000000000e+00 0.000000000000000000e+00 0.000000000000000000e+00 0.000000000000000000e+00 0.000000000000000000e+00 0.000000000000000000e+00 0.000000000000000000e+00 0.000000000000000000e+00 0.000000000000000000e+00 0.000000000000000000e+00 0.000000000000000000e+00 0.000000000000000000e+00 0.000000000000000000e+00 0.000000000000000000e+00 0.000000000000000000e+00 0.000000000000000000e+00 0.000000000000000000e+00 0.000000000000000000e+00 0.000000000000000000e+00 0.000000000000000000e+00 0.000000000000000000e+00 0.000000000000000000e+00 0.000000000000000000e+00 0.000000000000000000e+00 0.000000000000000000e+00 0.000000000000000000e+00 0.000000000000000000e+00 1.841632577370454493e-01 1.033127687351524493e+00 2.492227293624738049e+00 4.840854754227454926e+00 8.526047245078698822e+00 1.425442019926680004e+01 2.270748291746195235e+01 3.512930630885590233e+01 5.331038387795528877e+01 7.875886611115507208e+01 1.104906698828170732e+02 1.463202507487814898e+02 1.810001598072028912e+02 1.899927118636210253e+02 1.666562505340224334e+02 1.736389831942791062e+01 0.000000000000000000e+00 0.000000000000000000e+00 0.000000000000000000e+00 0.000000000000000000e+00 0.000000000000000000e+00 0.000000000000000000e+00 0.000000000000000000e+00 0.000000000000000000e+00 0.000000000000000000e+00 0.000000000000000000e+00 0.000000000000000000e+00 0.000000000000000000e+00 0.000000000000000000e+00 0.000000000000000000e+00 0.000000000000000000e+00 0.000000000000000000e+00 0.000000000000000000e+00 0.000000000000000000e+00 0.000000000000000000e+00 0.000000000000000000e+00 0.000000000000000000e+00 0.000000000000000000e+00 0.000000000000000000e+00 0.000000000000000000e+00 0.000000000000000000e+00 0.000000000000000000e+00 0.000000000000000000e+00 0.000000000000000000e+00 0.000000000000000000e+00 0.000000000000000000e+00 0.000000000000000000e+00 0.000000000000000000e+00 0.000000000000000000e+00 0.000000000000000000e+00 0.000000000000000000e+00 0.000000000000000000e+00 0.000000000000000000e+00 0.000000000000000000e+00 0.000000000000000000e+00 0.000000000000000000e+00 0.000000000000000000e+00 0.000000000000000000e+00 0.000000000000000000e+00 0.000000000000000000e+00 0.000000000000000000e+00 0.000000000000000000e+00
6.267288061078356547e-04 -1.123488571345185871e+00 -9.281444675597674276e+00 9.877238963933145099e-03 -1.653901356810891565e+00 -6.975478755893469440e-01 -7.339164392441573925e-01 6.051178692176988339e-01 9.993335423682048191e-01 -7.813589982186667227e-01 -5.354693080565253727e-01 2.678117665666541747e-01 4.824409536118223762e-02 1.895161035886900325e-01 3.165769817724549129e-01 -9.867447911832948337e-01 -1.680041697913495113e+00 -1.097483545594114540e+00 0.000000000000000000e+00 0.000000000000000000e+00 0.000000000000000000e+00 0.000000000000000000e+00 0.000000000000000000e+00 0.000000000000000000e+00 0.000000000000000000e+00 0.000000000000000000e+00 0.000000000000000000e+00 0.000000000000000000e+00 0.000000000000000000e+00 0.000000000000000000e+00 0.000000000000000000e+00 0.000000000000000000e+00 0.000000000000000000e+00 0.000000000000000000e+00 0.000000000000000000e+00 0.000000000000000000e+00 0.000000000000000000e+00 0.000000000000000000e+00 0.000000000000000000e+00 0.000000000000000000e+00 0.000000000000000000e+00 0.000000000000000000e+00 0.000000000000000000e+00 0.000000000000000000e+00 0.000000000000000000e+00 0.000000000000000000e+00 -1.295734899610068329e-05 -8.081172710881643012e-05 -2.230901759709252028e-04 -5.008781441735980387e-04 -1.029185465511910222e-03 -2.033430152327479756e-03 -3.856294133923283182e-03 -7.156645083620630926e-03 -1.318105824341687417e-02 -2.390345810952098499e-02 -4.181711635940599942e-02 -7.069240551011057860e-02 -1.158954767084407617e-01 -1.694083717438046865e-01 -2.134022681868260052e-01 -2.660350322783153199e-02 0.000000000000000000e+00 0.000000000000000000e+00 0.000000000000000000e+00 0.000000000000000000e+00 0.000000000000000000e+00 0.000000000000000000e+00 0.000000000000000000e+00 0.000000000000000000e+00 0.000000000000000000e+00 0.000000000000000000e+00 0.000000000000000000e+00 0.000000000000000000e+00 0.000000000000000000e+00 0.000000000000000000e+00 0.000000000000000000e+00 0.000000000000000000e+00 0.000000000000000000e+00 0.000000000000000000e+00 0.000000000000000000e+00 0.000000000000000000e+00 0.000000000000000000e+00 0.000000000000000000e+00 0.000000000000000000e+00 0.000000000000000000e+00 0.000000000000000000e+00 0.000000000000000000e+00 0.000000000000000000e+00 0.000000000000000000e+00 0.000000000000000000e+00 0.000000000000000000e+00 0.000000000000000000e+00 0.000000000000000000e+00 0.000000000000000000e+00 0.000000000000000000e+00 0.000000000000000000e+00 0.000000000000000000e+00 0.000000000000000000e+00 0.000000000000000000e+00 0.000000000000000000e+00 0.000000000000000000e+00 0.000000000000000000e+00 0.000000000000000000e+00 0.000000000000000000e+00 0.000000000000000000e+00 0.000000000000000000e+00 0.000000000000000000e+00
-1.276246260088909068e-01 3.322908730486666400e+02 2.476932802339042610e+03 -1.653901356810891565e+00 4.413755256537309037e+02 1.589363939461174198e+02 1.626537863158227992e+02 -1.157368913036132341e+02 -7.178805944697492691e+01 3.074789107317104708e+02 7.022568937726812521e+01 -4.690178869843497012e+01 -8.703404704047718710e+00 1.139072607103975372e+02 -9.363303227404178131e+01 2.918465719201161050e+02 4.969009358852804894e+02 2.432291260487905333e+02 0.000000000000000000e+00 0.000000000000000000e+00 0.000000000000000000e+00 0.000000000000000000e+00 0.000000000000000000e+00 0.000000000000000000e+00 0.000000000000000000e+00 0.000000000000000000e+00 0.000000000000000000e+00 0.000000000000000000e+00 0.000000000000000000e+00 0.000000000000000000e+00 0.000000000000000000e+00 0.000000000000000000e+00 0.000000000000000000e+00 0.000000000000000000e+00 0.000000000000000000e+00 0.000000000000000000e+00 0.000000000000000000e+00 0.000000000000000000e+00 0.000000000000000000e+00 0.000000000000000000e+00 0.000000000000000000e+00 0.000000000000000000e+00 0.000000000000000000e+00 0.000000000000000000e+00 0.000000000000000000e+00 0.000000000000000000e+00 3.281685906578973161e-02 1.840975563170670348e-01 4.441009181732436528e-01 8.626131519364663713e-01 1.519293773731553499e+00 2.540057688444046669e+00 4.046346029049843196e+00 6.259845250254731930e+00 9.499611246907752715e+00 1.403438797244554515e+01 1.968881733622657393e+01 2.607344758285013242e+01 3.225321276494535994e+01 3.385563507818774553e+01 2.969720862571283249e+01 3.094149240099719478e+00 0.000000000000000000e+00 0.000000000000000000e+00 0.000000000000000000e+00 0.000000000000000000e+00 0.000000000000000000e+00 0.000000000000000000e+00 0.000000000000000000e+00 0.000000000000000000e+00 0.000000000000000000e+00 0.000000000000000000e+00 0.000000000000000000e+00 0.000000000000000000e+00 0.000000000000000000e+00 0.000000000000000000e+00 0.000000000000000000e+00 0.000000000000000000e+00 0.000000000000000000e+00 0.000000000000000000e+00 0.000000000000000000e+00 0.000000000000000000e+00 0.000000000000000000e+00 0.000000000000000000e+00 0.000000000000000000e+00 0.000000000000000000e+00 0.000000000000000000e+00 0.000000000000000000e+00 0.000000000000000000e+00 0.000000000000000000e+00 0.000000000000000000e+00 0.000000000000000000e+00 0.000000000000000000e+00 0.000000000000000000e+00 0.000000000000000000e+00 0.000000000000000000e+00 0.000000000000000000e+00 0.000000000000000000e+00 0.000000000000000000e+00 0.000000000000000000e+00 0.000000000000000000e+00 0.000000000000000000e+00 0.000000000000000000e+00 0.000000000000000000e+00 0.000000000000000000e+00 0.000000000000000000e+00 0.000000000000000000e+00 0.000000000000000000e+00
-6.793312645766572122e-02 1.192684915790333946e+02 8.919270434570159978e+02 -6.975478755893469440e-01 1.589363939461174198e+02 6.387467782338171673e+01 5.896661485930360413e+01 -4.146334777489674650e+01 -4.158548781791206039e+01 1.018534966892881926e+02 3.300173561432104208e+01 -1.985883210459246584e+01 -3.593952976812586186e+00 2.084512339445938522e+01 -3.360751506304644209e+01 1.047519003037023566e+02 1.783516487934582244e+02 8.817746283775764482e+01 0.000000000000000000e+00 0.000000000000000000e+00 0.000000000000000000e+00 0.000000000000000000e+00 0.000000000000000000e+00 0.000000000000000000e+00 0.000000000000000000e+00 0.000000000000000000e+00 0.000000000000000000e+00 0.000000000000000000e+00 0.000000000000000000e+00 0.000000000000000000e+00 0.000000000000000000e+00 0.000000000000000000e+00 0.000000000000000000e+00 0.000000000000000000e+00 0.000000000000000000e+00 0.000000000000000000e+00 0.000000000000000000e+00 0.000000000000000000e+00 0.000000000000000000e+00 0.000000000000000000e+00 0.000000000000000000e+00 0.000000000000000000e+00 0.000000000000000000e+00 0.000000000000000000e+00 0.000000000000000000e+00 0.000000000000000000e+00 -6.165045894560895919e-03 -2.702915288935468438e-02 -4.360629354236163907e-02 -4.231573407968531458e-02 4.552276844769153567e-04 1.291101057770056570e-01 4.073028061848306125e-01 9.407910582467478022e-01 1.904375470502127410e+00 3.518483703904796478e+00 5.912046741709366060e+00 9.118720277227758686e+00 1.290017785982333365e+01 1.519496227462973437e+01 1.476595976428120593e+01 1.614747079336218638e+00 0.000000000000000000e+00 0.000000000000000000e+00 0.000000000000000000e+00 0.000000000000000000e+00 0.000000000000000000e+00 0.000000000000000000e+00 0.000000000000000000e+00 0.000000000000000000e+00 0.000000000000000000e+00 0.000000000000000000e+00 0.000000000000000000e+00 0.000000000000000000e+00 0.000000000000000000e+00 0.000000000000000000e+00 0.000000000000000000e+00 0.000000000000000000e+00 0.000000000000000000e+00 0.000000000000000000e+00 0.000000000000000000e+00 0.000000000000000000e+00 0.000000000000000000e+00 0.000000000000000000e+00 0.000000000000000000e+00 0.000000000000000000e+00 0.000000000000000000e+00 0.000000000000000000e+00 0.000000000000000000e+00 0.000000000000000000e+00 0.000000000000000000e+00 0.000000000000000000e+00 0.000000000000000000e+00 0.000000000000000000e+00 0.000000000000000000e+00 0.000000000000000000e+00 0.000000000000000000e+00 0.000000000000000000e+00 0.000000000000000000e+00 0.000000000000000000e+00 0.000000000000000000e+00 0.000000000000000000e+00 0.000000000000000000e+00 0.000000000000000000e+00 0.000000000000000000e+00 0.000000000000000000e+00 0.000000000000000000e+00 0.000000000000000000e+00
-4.449230598972707396e-02 1.141501920794721059e+02 9.127884881101839483e+02 -7.339164392441573925e-01 1.626537863158227992e+02 5.896661485930360413e+01 6.843387013826824727e+01 -5.400853573347778536e+01 -5.704332297355814063e+01 9.806155477992132319e+01 3.512539310490167566e+01 -1.995661866641949445e+01 -3.709282352783721315e+00 2.353405669081807616e+01 -3.216527893469979205e+01 1.002565671959866762e+02 1.706978490121422283e+02 1.023346016277039325e+02 0.000000000000000000e+00 0.000000000000000000e+00 0.000000000000000000e+00 0.000000000000000000e+00 0.000000000000000000e+00 0.000000000000000000e+00 0.000000000000000000e+00 0.000000000000000000e+00 0.000000000000000000e+00 0.000000000000000000e+00 0.000000000000000000e+00 0.000000000000000000e+00 0.000000000000000000e+00 0.000000000000000000e+00 0.000000000000000000e+00 0.000000000000000000e+00 0.000000000000000000e+00 0.000000000000000000e+00 0.000000000000000000e+00 0.000000000000000000e+00 0.000000000000000000e+00 0.000000000000000000e+00 0.000000000000000000e+00 0.000000000000000000e+00 0.000000000000000000e+00 0.000000000000000000e+00 0.000000000000000000e+00 0.000000000000000000e+00 1.780843590299778165e-02 9.495893366216326403e-02 2.159246895270108546e-01 3.954535537070239526e-01 6.577907727348195621e-01 1.040272557593591607e+00 1.575682399013876189e+00 2.328608199106170229e+00 3.394670371726151714e+00 4.854119890194854570e+00 6.687121031526565673e+00 8.865926147710384342e+00 1.128018502089224206e+01 1.273272126103738522e+01 1.234369439096065868e+01 1.353501013840168410e+00 0.000000000000000000e+00 0.000000000000000000e+00 0.000000000000000000e+00 0.000000000000000000e+00 0.000000000000000000e+00 0.000000000000000000e+00 0.000000000000000000e+00 0.000000000000000000e+00 0.000000000000000000e+00 0.000000000000000000e+00 0.000000000000000000e+00 0.000000000000000000e+00 0.000000000000000000e+00 0.000000000000000000e+00 0.000000000000000000e+00 0.000000000000000000e+00 0.000000000000000000e+00 0.000000000000000000e+00 0.000000000000000000e+00 0.000000000000000000e+00 0.000000000000000000e+00 0.000000000000000000e+00 0.000000000000000000e+00 0.000000000000000000e+00 0.000000000000000000e+00 0.000000000000000000e+00 0.000000000000000000e+00 0.000000000000000000e+00 0.000000000000000000e+00 0.000000000000000000e+00 0.000000000000000000e+00 0.000000000000000000e+00 0.000000000000000000e+00 0.000000000000000000e+00 0.000000000000000000e+00 0.000000000000000000e+00 0.000000000000000000e+00 0.000000000000000000e+00 0.000000000000000000e+00 0.000000000000000000e+00 0.000000000000000000e+00 0.000000000000000000e+00 0.000000000000000000e+00 0.000000000000000000e+00 0.000000000000000000e+00 0.000000000000000000e+00
-1.838312914556498173e-02 -7.602820214646439467e+01 -6.494979577448726786e+02 6.051178692176988339e-01 -1.157368913036132341e+02 -4.146334777489674650e+01 -5.400853573347778536e+01 4.900404427303585919e+01 6.453100159296930372e+01 -6.003886727008092805e+01 -3.194457175626367373e+01 1.622211245171423855e+01 3.037302183737952799e+00 -5.282835090670544353e+00 2.142325198403712250e+01 -6.677453991474980910e+01 -1.136910094871022920e+02 -8.076325330737643071e+01 -0.000000000000000000e+00 -0.000000000000000000e+00 -0.000000000000000000e+00 -0.000000000000000000e+00 -0.000000000000000000e+00 -0.000000000000000000e+00 -0.000000000000000000e+00 -0.000000000000000000e+00 -0.000000000000000000e+00 -0.000000000000000000e+00 -0.000000000000000000e+00 -0.000000000000000000e+00 -0.000000000000000000e+00 -0.000000000000000000e+00 -0.000000000000000000e+00 -0.000000000000000000e+00 -0.000000000000000000e+00 -0.000000000000000000e+00 -0.000000000000000000e+00 -0.000000000000000000e+00 -0.000000000000000000e+00 -0.000000000000000000e+00 -0.000000000000000000e+00 -0.000000000000000000e+00 -0.000000000000000000e+00 -0.000000000000000000e+00 -0.000000000000000000e+00 -0.000000000000000000e+00 -2.101076843843752151e-02 -1.039706431461367986e-01 -2.192024549791428967e-01 -3.751537992944474764e-01 -5.855204094550082727e-01 -8.735577794066631263e-01 -1.247843648788554471e+00 -1.764100803815914054e+00 -2.530117731237379708e+00 -3.605739288432674883e+00 -4.529117042542075922e+00 -5.569302372663027079e+00 -7.886746869058835152e+00 -8.728106921217724690e+00 -9.133457137433447670e+00 -1.097739292222781327e+00 -0.000000000000000000e+00 -0.000000000000000000e+00 -0.000000000000000000e+00 -0.000000000000000000e+00 -0.000000000000000000e+00 -0.000000000000000000e+00 -0.000000000000000000e+00 -0.000000000000000000e+00 -0.000000000000000000e+00 -0.000000000000000000e+00 -0.000000000000000000e+00 -0.000000000000000000e+00 -0.000000000000000000e+00 -0.000000000000000000e+00 -0.000000000000000000e+00 -0.000000000000000000e+00 -0.000000000000000000e+00 -0.000000000000000000e+00 -0.000000000000000000e+00 -0.000000000000000000e+00 -0.000000000000000000e+00 -0.000000000000000000e+00 -0.000000000000000000e+00 -0.000000000000000000e+00 -0.000000000000000000e+00 -0.000000000000000000e+00 -0.000000000000000000e+00 -0.000000000000000000e+00 -0.000000000000000000e+00 -0.000000000000000000e+00 -0.000000000000000000e+00 -0.000000000000000000e+00 -0.000000000000000000e+00 -0.000000000000000000e+00 -0.000000000000000000e+00 -0.000000000000000000e+00 -0.000000000000000000e+00 -0.000000000000000000e+00 -0.000000000000000000e+00 -0.000000000000000000e+00 -0.000000000000000000e+00 -0.000000000000000000e+00 -0.000000000000000000e+00 -0.000000000000000000e+00 -0.000000000000000000e+00 -0.000000000000000000e+00
1.118826453130676302e-01 -2.413898509260146241e+01 -4.028637496315929525e+02 9.993335423682048191e-01 -7.178805944697492691e+01 -4.158548781791206039e+01 -5.704332297355814063e+01 6.453100159296930372e+01 1.705213420537204740e+02 2.764836474119665866e+01 -6.697858867829791052e+01 2.574037909021762971e+01 4.584963276911433461e+00 1.006680769754111253e+02 6.801891215071504959e+00 -2.120094357173254451e+01 -3.609694173597655720e+01 -8.530141171652351773e+01 0.000000000000000000e+00 0.000000000000000000e+00 0.000000000000000000e+00 0.000000000000000000e+00 0.000000000000000000e+00 0.000000000000000000e+00 0.000000000000000000e+00 0.000000000000000000e+00 0.000000000000000000e+00 0.000000000000000000e+00 0.000000000000000000e+00 0.000000000000000000e+00 0.000000000000000000e+00 0.000000000000000000e+00 0.000000000000000000e+00 0.000000000000000000e+00 0.000000000000000000e+00 0.000000000000000000e+00 0.000000000000000000e+00 0.000000000000000000e+00 0.000000000000000000e+00 0.000000000000000000e+00 0.000000000000000000e+00 0.000000000000000000e+00 0.000000000000000000e+00 0.000000000000000000e+00 0.000000000000000000e+00 0.000000000000000000e+00 3.832876964168508305e-03 3.395079598474085719e-02 1.052406782344257885e-01 2.271359294589378464e-01 4.104573086453340847e-01 6.761364845996904460e-01 1.007831885162599361e+00 1.434229458642561017e+00 1.979721824166544852e+00 2.482887642023529740e+00 1.887820825378947021e+00 -2.262955103980045790e-01 -3.581845271616928006e+00 -1.228052966442558258e+01 -2.130432605715515493e+01 -2.797082298317615123e+00 0.000000000000000000e+00 0.000000000000000000e+00 0.000000000000000000e+00 0.000000000000000000e+00 0.000000000000000000e+00 0.000000000000000000e+00 0.000000000000000000e+00 0.000000000000000000e+00 0.000000000000000000e+00 0.000000000000000000e+00 0.000000000000000000e+00 0.000000000000000000e+00 0.000000000000000000e+00 0.000000000000000000e+00 0.000000000000000000e+00 0.000000000000000000e+00 0.000000000000000000e+00 0.000000000000000000e+00 0.000000000000000000e+00 0.000000000000000000e+00 0.000000000000000000e+00 0.000000000000000000e+00 0.000000000000000000e+00 0.000000000000000000e+00 0.000000000000000000e+00 0.000000000000000000e+00 0.000000000000000000e+00 0.000000000000000000e+00 0.000000000000000000e+00 0.000000000000000000e+00 0.000000000000000000e+00 0.000000000000000000e+00 0.000000000000000000e+00 0.000000000000000000e+00 0.000000000000000000e+00 0.000000000000000000e+00 0.000000000000000000e+00 0.000000000000000000e+00 0.000000000000000000e+00 0.000000000000000000e+00 0.000000000000000000e+00 0.000000000000000000e+00 0.000000000000000000e+00 0.000000000000000000e+00 0.000000000000000000e+00 0.000000000000000000e+00
-6.731647281064336193e-03 2.463959284963274570e+02 1.725525217762862439e+03 -7.813589982186667227e-01 3.074789107317104708e+02 1.018534966892881926e+02 9.806155477992132319e+01 -6.003886727008092805e+01 2.764836474119665866e+01 2.536019315773636436e+02 2.122054831093429783e+01 -2.357757922675259366e+01 -4.491396492828656051e+00 1.407278876523845383e+02 -6.942952634666622203e+01 2.164062058249654683e+02 3.684554027766398576e+02 1.466392317593753774e+02 0.000000000000000000e+00 0.000000000000000000e+00 0.000000000000000000e+00 0.000000000000000000e+00 0.000000000000000000e+00 0.000000000000000000e+00 0.000000000000000000e+00 0.000000000000000000e+00 0.000000000000000000e+00 0.000000000000000000e+00 0.000000000000000000e+00 0.000000000000000000e+00 0.000000000000000000e+00 0.000000000000000000e+00 0.000000000000000000e+00 0.000000000000000000e+00 0.000000000000000000e+00 0.000000000000000000e+00 0.000000000000000000e+00 0.000000000000000000e+00 0.000000000000000000e+00 0.000000000000000000e+00 0.000000000000000000e+00 0.000000000000000000e+00 0.000000000000000000e+00 0.000000000000000000e+00 0.000000000000000000e+00 0.000000000000000000e+00 3.176261506369788129e-02 1.792142077686777191e-01 4.334987788174392564e-01 8.383442413119281955e-01 1.461046426246321639e+00 2.411897440984407393e+00 3.770802665015198230e+00 5.738584086776918447e+00 8.612016800346250278e+00 1.252287031235135828e+01 1.644975040745434214e+01 2.002552077113814732e+01 2.344334116730570017e+01 1.966057968595773175e+01 1.170398266900744133e+01 9.578185678709233430e-01 0.000000000000000000e+00 0.000000000000000000e+00 0.000000000000000000e+00 0.000000000000000000e+00 0.000000000000000000e+00 0.000000000000000000e+00 0.000000000000000000e+00 0.000000000000000000e+00 0.000000000000000000e+00 0.000000000000000000e+00 0.000000000000000000e+00 0.000000000000000000e+00 0.000000000000000000e+00 0.000000000000000000e+00 0.000000000000000000e+00 0.000000000000000000e+00 0.000000000000000000e+00 0.000000000000000000e+00 0.000000000000000000e+00 0.000000000000000000e+00 0.000000000000000000e+00 0.000000000000000000e+00 0.000000000000000000e+00 0.000000000000000000e+00 0.000000000000000000e+00 0.000000000000000000e+00 0.000000000000000000e+00 0.000000000000000000e+00 0.000000000000000000e+00 0.000000000000000000e+00 0.000000000000000000e+00 0.000000000000000000e+00 0.000000000000000000e+00 0.000000000000000000e+00 0.000000000000000000e+00 0.000000000000000000e+00 0.000000000000000000e+00 0.000000000000000000e+00 0.000000000000000000e+00 0.000000000000000000e+00 0.000000000000000000e+00 0.000000000000000000e+00 0.000000000000000000e+00 0.000000000000000000e+00 0.000000000000000000e+00 0.000000000000000000e+00
-8.345677427845085705e-02 4.382947139212349441e+01 3.940959647180144998e+02 -5.354693080565253727e-01 7.022568937726812521e+01 3.300173561432104208e+01 3.512539310490167566e+01 -3.194457175626367373e+01 -6.697858867829791052e+01 2.122054831093430138e+01 3.176902461998783878e+01 -1.441962515708896930e+01 -2.571088785042966229e+00 -2.789915969570398246e+01 -1.235028296673030468e+01 3.849483092178888910e+01 6.554168988840567067e+01 5.252579027233097264e+01 0.000000000000000000e+00 0.000000000000000000e+00 0.000000000000000000e+00 0.000000000000000000e+00 0.000000000000000000e+00 0.000000000000000000e+00 0.000000000000000000e+00 0.000000000000000000e+00 0.000000000000000000e+00 0.000000000000000000e+00 0.000000000000000000e+00 0.000000000000000000e+00 0.000000000000000000e+00 0.000000000000000000e+00 0.000000000000000000e+00 0.000000000000000000e+00 0.000000000000000000e+00 0.000000000000000000e+00 0.000000000000000000e+00 0.000000000000000000e+00 0.000000000000000000e+00 0.000000000000000000e+00 0.000000000000000000e+00 0.000000000000000000e+00 0.000000000000000000e+00 0.000000000000000000e+00 0.000000000000000000e+00 0.000000000000000000e+00 -4.808111650747138796e-03 -2.721784584653360803e-02 -6.335403516586175787e-02 -1.115281463569228471e-01 -1.671442327125703398e-01 -2.251531799380481202e-01 -2.572692294446344285e-01 -2.554245179907037033e-01 -2.097899475795765301e-01 -1.200652639592736902e-02 9.758362803315464573e-01 2.776381025199552433e+00 4.644051555765814854e+00 8.708556137396874064e+00 1.204468641116266348e+01 1.473395698074693838e+00 0.000000000000000000e+00 0.000000000000000000e+00 0.000000000000000000e+00 0.000000000000000000e+00 0.000000000000000000e+00 0.000000000000000000e+00 0.000000000000000000e+00 0.000000000000000000e+00 0.000000000000000000e+00 0.000000000000000000e+00 0.000000000000000000e+00 0.000000000000000000e+00 0.000000000000000000e+00 0.000000000000000000e+00 0.000000000000000000e+00 0.000000000000000000e+00 0.000000000000000000e+00 0.000000000000000000e+00 0.000000000000000000e+00 0.000000000000000000e+00 0.000000000000000000e+00 0.000000000000000000e+00 0.000000000000000000e+00 0.000000000000000000e+00 0.000000000000000000e+00 0.000000000000000000e+00 0.000000000000000000e+00 0.000000000000000000e+00 0.000000000000000000e+00 0.000000000000000000e+00 0.000000000000000000e+00 0.000000000000000000e+00 0.000000000000000000e+00 0.000000000000000000e+00 0.000000000000000000e+00 0.000000000000000000e+00 0.000000000000000000e+00 0.000000000000000000e+00 0.000000000000000000e+00 0.000000000000000000e+00 0.000000000000000000e+00 0.000000000000000000e+00 0.000000000000000000e+00 0.000000000000000000e+00 0.000000000000000000e+00 0.000000000000000000e+00
3.974437834778549866e-02 -3.269711327755052821e+01 -2.632057560134591085e+02 2.678117665666541747e-01 -4.690178869843497012e+01 -1.985883210459246584e+01 -1.995661866641949445e+01 1.622211245171423855e+01 2.574037909021762971e+01 -2.357757922675259010e+01 -1.441962515708896930e+01 7.383779789235704882e+00 1.328385106431306362e+00 3.759624558347847145e+00 9.213403409778585740e+00 -2.871743161100681618e+01 -4.889459057150315147e+01 -2.984271701918565967e+01 0.000000000000000000e+00 0.000000000000000000e+00 0.000000000000000000e+00 0.000000000000000000e+00 0.000000000000000000e+00 0.000000000000000000e+00 0.000000000000000000e+00 0.000000000000000000e+00 0.000000000000000000e+00 0.000000000000000000e+00 0.000000000000000000e+00 0.000000000000000000e+00 0.000000000000000000e+00 0.000000000000000000e+00 0.000000000000000000e+00 0.000000000000000000e+00 0.000000000000000000e+00 0.000000000000000000e+00 0.000000000000000000e+00 0.000000000000000000e+00 0.000000000000000000e+00 0.000000000000000000e+00 0.000000000000000000e+00 0.000000000000000000e+00 0.000000000000000000e+00 0.000000000000000000e+00 0.000000000000000000e+00 0.000000000000000000e+00 1.154883572198128283e-03 5.828188401184626090e-03 1.134134701033457510e-02 1.443984357850912510e-02 9.231337356411859277e-03 -1.275878981334881146e-02 -6.940923338778508256e-02 -1.749641221459174445e-01 -3.482385599723063496e-01 -6.448105609407294159e-01 -1.313377152821983973e+00 -2.326545859828150320e+00 -3.296240551866828294e+00 -4.872379220441038328e+00 -5.858521396678882276e+00 -6.862014293599552062e-01 0.000000000000000000e+00 0.000000000000000000e+00 0.000000000000000000e+00 0.000000000000000000e+00 0.000000000000000000e+00 0.000000000000000000e+00 0.000000000000000000e+00 0.000000000000000000e+00 0.000000000000000000e+00 0.000000000000000000e+00 0.000000000000000000e+00 0.000000000000000000e+00 0.000000000000000000e+00 0.000000000000000000e+00 0.000000000000000000e+00 0.000000000000000000e+00 0.000000000000000000e+00 0.000000000000000000e+00 0.000000000000000000e+00 0.000000000000000000e+00 0.000000000000000000e+00 0.000000000000000000e+00 0.000000000000000000e+00 0.000000000000000000e+00 0.000000000000000000e+00 0.000000000000000000e+00 0.000000000000000000e+00 0.000000000000000000e+00 0.000000000000000000e+00 0.000000000000000000e+00 0.000000000000000000e+00 0.000000000000000000e+00 0.000000000000000000e+00 0.000000000000000000e+00 0.000000000000000000e+00 0.000000000000000000e+00 0.000000000000000000e+00 0.000000000000000000e+00 0.000000000000000000e+00 0.000000000000000000e+00 0.000000000000000000e+00 0.000000000000000000e+00 0.000000000000000000e+00 0.000000000000000000e+00 0.000000000000000000e+00 0.000000000000000000e+00
6.154218516211429867e-03 -6.061624492725757207e+00 -4.884219298647806085e+01 4.824409536118223762e-02 -8.703404704047718710e+00 -3.593952976812586186e+00 -3.709282352783721315e+00 3.037302183737952799e+00 4.584963276911433461e+00 -4.491396492828656939e+00 -2.571088785042966673e+00 1.328385106431306584e+00 2.402207658422549352e-01 4.089359654175254155e-01 1.708046557382838726e+00 -5.323842669039939857e+00 -9.064428570625928216e+00 -5.546784525408987143e+00 0.000000000000000000e+00 0.000000000000000000e+00 0.000000000000000000e+00 0.000000000000000000e+00 0.000000000000000000e+00 0.000000000000000000e+00 0.000000000000000000e+00 0.000000000000000000e+00 0.000000000000000000e+00 0.000000000000000000e+00 0.000000000000000000e+00 0.000000000000000000e+00 0.000000000000000000e+00 0.000000000000000000e+00 0.000000000000000000e+00 0.000000000000000000e+00 0.000000000000000000e+00 0.000000000000000000e+00 0.000000000000000000e+00 0.000000000000000000e+00 0.000000000000000000e+00 0.000000000000000000e+00 0.000000000000000000e+00 0.000000000000000000e+00 0.000000000000000000e+00 0.000000000000000000e+00 0.000000000000000000e+00 0.000000000000000000e+00 -2.295848508912625289e-05 -1.180884740611581657e-04 -4.556196424683567163e-04 -1.665723356727197508e-03 -4.864028612452823107e-03 -1.169823654711071685e-02 -2.515429672437216255e-02 -4.815488223831857623e-02 -8.487518658156849305e-02 -1.447528863491043538e-01 -2.623480493288091742e-01 -4.351691127179043161e-01 -6.114960198753571774e-01 -8.644098293668358579e-01 -1.015958359300201286e+00 -1.188084105932783741e-01 0.000000000000000000e+00 0.000000000000000000e+00 0.000000000000000000e+00 0.000000000000000000e+00 0.000000000000000000e+00 0.000000000000000000e+00 0.000000000000000000e+00 0.000000000000000000e+00 0.000000000000000000e+00 0.000000000000000000e+00 0.000000000000000000e+00 0.000000000000000000e+00 0.000000000000000000e+00 0.000000000000000000e+00 0.000000000000000000e+00 0.000000000000000000e+00 0.000000000000000000e+00 0.000000000000000000e+00 0.000000000000000000e+00 0.000000000000000000e+00 0.000000000000000000e+00 0.000000000000000000e+00 0.000000000000000000e+00 0.000000000000000000e+00 0.000000000000000000e+00 0.000000000000000000e+00 0.000000000000000000e+00 0.000000000000000000e+00 0.000000000000000000e+00 0.000000000000000000e+00 0.000000000000000000e+00 0.000000000000000000e+00 0.000000000000000000e+00 0.000000000000000000e+00 0.000000000000000000e+00 0.000000000000000000e+00 0.000000000000000000e+00 0.000000000000000000e+00 0.000000000000000000e+00 0.000000000000000000e+00 0.000000000000000000e+00 0.000000000000000000e+00 0.000000000000000000e+00 0.000000000000000000e+00 0.000000000000000000e+00 0.000000000000000000e+00
1.732008732167303333e-01 1.037871154087028316e+02 6.392303471296561383e+02 1.895161035886900880e-01 1.139072607103975372e+02 2.084512339445938522e+01 2.353405669081807616e+01 -5.282835090670545242e+00 1.006680769754111253e+02 1.407278876523845383e+02 -2.789915969570398602e+01 3.759624558347852030e+00 4.089359654175259706e-01 1.359751474685831738e+02 -2.924516775779606803e+01 9.115481735506827476e+01 1.552011173411463290e+02 3.519234424814325735e+01 0.000000000000000000e+00 0.000000000000000000e+00 0.000000000000000000e+00 0.000000000000000000e+00 0.000000000000000000e+00 0.000000000000000000e+00 0.000000000000000000e+00 0.000000000000000000e+00 0.000000000000000000e+00 0.000000000000000000e+00 0.000000000000000000e+00 0.000000000000000000e+00 0.000000000000000000e+00 0.000000000000000000e+00 0.000000000000000000e+00 0.000000000000000000e+00 0.000000000000000000e+00 0.000000000000000000e+00 0.000000000000000000e+00 0.000000000000000000e+00 0.000000000000000000e+00 0.000000000000000000e+00 0.000000000000000000e+00 0.000000000000000000e+00 0.000000000000000000e+00 0.000000000000000000e+00 0.000000000000000000e+00 0.000000000000000000e+00 4.189720033012566541e-02 2.261778041943608986e-01 5.192040299317444152e-01 9.477506658959861108e-01 1.549598669538201801e+00 2.392118665276413036e+00 3.469886896022850387e+00 4.917320637630657743e+00 6.955309143690067586e+00 9.486364269627697965e+00 1.036705861002985252e+01 9.542710879471419716e+00 9.410294482474499844e+00 -4.911665542628007586e-02 -1.068692947984374442e+01 -1.582047657755796921e+00 0.000000000000000000e+00 0.000000000000000000e+00 0.000000000000000000e+00 0.000000000000000000e+00 0.000000000000000000e+00 0.000000000000000000e+00 0.000000000000000000e+00 0.000000000000000000e+00 0.000000000000000000e+00 0.000000000000000000e+00 0.000000000000000000e+00 0.000000000000000000e+00 0.000000000000000000e+00 0.000000000000000000e+00 0.000000000000000000e+00 0.000000000000000000e+00 0.000000000000000000e+00 0.000000000000000000e+00 0.000000000000000000e+00 0.000000000000000000e+00 0.000000000000000000e+00 0.000000000000000000e+00 0.000000000000000000e+00 0.000000000000000000e+00 0.000000000000000000e+00 0.000000000000000000e+00 0.000000000000000000e+00 0.000000000000000000e+00 0.000000000000000000e+00 0.000000000000000000e+00 0.000000000000000000e+00 0.000000000000000000e+00 0.000000000000000000e+00 0.000000000000000000e+00 0.000000000000000000e+00 0.000000000000000000e+00 0.000000000000000000e+00 0.000000000000000000e+00 0.000000000000000000e+00 0.000000000000000000e+00 0.000000000000000000e+00 0.000000000000000000e+00 0.000000000000000000e+00 0.000000000000000000e+00 0.000000000000000000e+00 0.000000000000000000e+00
