# A b_HI Tb sigma_NL sigma8tot n_s f DA H omegak omegaDE w0 wa h gamma sigma_8 fs8 bs8 pk0 pk1 pk2 pk3 pk4 pk5 pk6 pk7 pk8 pk9 pk10 pk11 pk12 pk13 pk14 pk15 pk16 pk17 pk18 pk19 pk20 pk21 pk22 pk23 pk24 pk25 pk26 pk27 pk28 pk29 pk30 pk31 pk32 pk33 pk34 pk35 pk36 pk37 pk38 pk39 pk40 pk41 pk42 pk43 pk44 pk45 pk46 pk47 pk48 pk49 pk50 pk51 pk52 pk53 pk54 pk55 pk56 pk57 pk58 pk59 pk60 pk61 pk62 pk63 pk64 pk65 pk66 pk67 pk68 pk69 pk70 pk71 pk72 pk73 pk74 pk75 pk76 pk77 pk78 pk79 pk80 pk81 pk82 pk83 pk84 pk85 pk86 pk87 pk88 pk89
3.129947594405138034e+00 -8.266090829524705086e+00 -6.820013090897447228e+01 6.418674691082371098e-02 -1.058730035155634575e+01 -5.707963251023598694e+00 -4.007720469608515579e+00 -2.415711008069159338e-01 8.562056145695905229e+00 -2.729282926323553404e+00 -4.817751255125954479e+00 2.587857579746688952e+00 3.386978497665616983e-01 1.058166570397021111e+01 2.894369244268094832e+00 -6.913114613306120759e+00 -1.179873380654067283e+01 -5.720482386068088232e+00 0.000000000000000000e+00 0.000000000000000000e+00 0.000000000000000000e+00 0.000000000000000000e+00 0.000000000000000000e+00 0.000000000000000000e+00 0.000000000000000000e+00 2.780390851272810289e-24 3.703612010426974002e-20 -5.201840591011913582e-19 9.669710562204523637e-19 -4.312562043128251098e-18 -2.319225626161607045e-17 2.506420149941663227e-17 2.323627515422547631e-17 -1.741362576850323989e-17 -1.952983780062728439e-16 -1.403499566033714118e-16 -2.693093949595319704e-16 2.716780504146590304e-16 -1.494056945374454150e-15 -4.662395211551564825e-16 -3.872089719030573887e-16 -1.754481119664541494e-15 -3.731419387189323609e-15 -2.942232514793198168e-15 -1.174774842187429301e-02 -2.630077865974786433e-01 -6.669356353404390925e-01 -8.353320081911725925e-01 -1.873963244724090316e-01 1.600644941103055885e+00 3.659015097679339856e+00 3.012052537375353278e+00 -3.178968898608308891e+00 -9.006108898216361069e+00 3.371114653367227598e-01 1.386267385989429890e+01 -2.458208410338556416e+00 -1.569571082966076858e+01 1.336149048260084271e+01 -3.949978953539251325e+00 -3.995265847494429146e+00 0.000000000000000000e+00 0.000000000000000000e+00 0.000000000000000000e+00 0.000000000000000000e+00 0.000000000000000000e+00 0.000000000000000000e+00 0.000000000000000000e+00 0.000000000000000000e+00 0.000000000000000000e+00 0.000000000000000000e+00 0.000000000000000000e+00 0.000000000000000000e+00 0.000000000000000000e+00 0.000000000000000000e+00 0.000000000000000000e+00 0.000000000000000000e+00 0.000000000000000000e+00 0.000000000000000000e+00 0.000000000000000000e+00 0.000000000000000000e+00 0.000000000000000000e+00 0.000000000000000000e+00 0.000000000000000000e+00 0.000000000000000000e+00 0.000000000000000000e+00 0.000000000000000000e+00 0.000000000000000000e+00 0.000000000000000000e+00 0.000000000000000000e+00 0.000000000000000000e+00 0.000000000000000000e+00 0.000000000000000000e+00 0.000000000000000000e+00 0.000000000000000000e+00 0.000000000000000000e+00 0.000000000000000000e+00 0.000000000000000000e+00 0.000000000000000000e+00 0.000000000000000000e+00 0.000000000000000000e+00 0.000000000000000000e+00 0.000000000000000000e+00 0.000000000000000000e+00 0.000000000000000000e+00 0.000000000000000000e+00 0.000000000000000000e+00 0.000000000000000000e+00
-8.266090829524705086e+00 1.782546199804347998e+04 1.289621895979385881e+05 -4.412326689839988347e+01 2.001992396598262712e+04 6.282602712111700384e+03 5.281183685148997029e+03 -4.560033268861751822e+03 2.936419681671695798e+03 1.940167124725595204e+04 1.130142298845725009e+03 -1.472958901177679536e+03 -2.260586127345015655e+02 1.041780633124575979e+04 -6.241580214401452395e+03 1.490782818251378558e+04 2.544345149732821665e+04 7.538179989742660837e+03 0.000000000000000000e+00 0.000000000000000000e+00 0.000000000000000000e+00 0.000000000000000000e+00 0.000000000000000000e+00 0.000000000000000000e+00 0.000000000000000000e+00 1.386623636583020698e-08 8.831847771654354601e-05 1.059709108597201802e-03 4.312011880164467494e-03 1.181073062052248775e-02 2.615005387218395302e-02 5.092280111512609286e-02 9.172182986328698828e-02 1.577560878358982288e-01 2.594055857416484590e-01 4.141332840703060292e-01 6.492882851989220105e-01 1.001596173487622865e+00 1.521681235869311921e+00 2.285578293641215009e+00 3.422857000692643759e+00 5.069742733368792997e+00 7.459081572472249455e+00 1.092851532173327733e+01 1.598845523989663242e+01 2.320880746786802007e+01 3.354194366567737262e+01 4.861371320107458160e+01 7.015656565276161416e+01 1.007844071378560784e+02 1.440227938989795007e+02 2.046400839728907499e+02 2.858614822088242136e+02 3.953874847028207000e+02 5.473021617283812930e+02 7.425463572459299257e+02 9.500383914577605537e+02 1.153324518677771493e+03 1.339642295053251019e+03 1.322578215011481689e+03 9.387684996186033004e+02 0.000000000000000000e+00 0.000000000000000000e+00 0.000000000000000000e+00 0.000000000000000000e+00 0.000000000000000000e+00 0.000000000000000000e+00 0.000000000000000000e+00 0.000000000000000000e+00 0.000000000000000000e+00 0.000000000000000000e+00 0.000000000000000000e+00 0.000000000000000000e+00 0.000000000000000000e+00 0.000000000000000000e+00 0.000000000000000000e+00 0.000000000000000000e+00 0.000000000000000000e+00 0.000000000000000000e+00 0.000000000000000000e+00 0.000000000000000000e+00 0.000000000000000000e+00 0.000000000000000000e+00 0.000000000000000000e+00 0.000000000000000000e+00 0.000000000000000000e+00 0.000000000000000000e+00 0.000000000000000000e+00 0.000000000000000000e+00 0.000000000000000000e+00 0.000000000000000000e+00 0.000000000000000000e+00 0.000000000000000000e+00 0.000000000000000000e+00 0.000000000000000000e+00 0.000000000000000000e+00 0.000000000000000000e+00 0.000000000000000000e+00 0.000000000000000000e+00 0.000000000000000000e+00 0.000000000000000000e+00 0.000000000000000000e+00 0.000000000000000000e+00 0.000000000000000000e+00 0.000000000000000000e+00 0.000000000000000000e+00 0.000000000000000000e+00 0.000000000000000000e+00
-6.820013090897447228e+01 1.289621895979385881e+05 9.731350679955772357e+05 -3.958773993054144853e+02 1.510682327172134246e+05 4.805789613254343567e+04 4.565682435233376600e+04 -3.984986484923012176e+04 7.071746438282769304e+03 1.373003997749381815e+05 1.187840605686654999e+04 -1.214220129534846092e+04 -1.863042577276629345e+03 6.886156213201060018e+04 -4.515607231322986627e+04 1.078539319080679707e+05 1.840761948489494680e+05 6.516898109334512992e+04 0.000000000000000000e+00 0.000000000000000000e+00 0.000000000000000000e+00 0.000000000000000000e+00 0.000000000000000000e+00 0.000000000000000000e+00 0.000000000000000000e+00 1.515975066182006306e-07 9.046988046417233720e-04 1.031999214111260256e-02 4.013530086546791137e-02 1.057591779950021876e-01 2.267506008133101381e-01 4.300680462777227153e-01 7.575482753290472271e-01 1.277826137134502993e+00 2.066641518357373641e+00 3.252933096681087211e+00 5.037456482322592244e+00 7.688327503681972708e+00 1.157218957726474784e+01 1.724383844100360719e+01 2.564424848761685638e+01 3.775644381639621372e+01 5.526338263920522564e+01 8.061433824348908672e+01 1.174795907244267568e+02 1.699970191771611212e+02 2.450794485383330539e+02 3.543692158209950662e+02 5.104744493828499685e+02 7.322910749354495010e+02 1.045486501358250280e+03 1.485178624534333949e+03 2.076375642357862034e+03 2.877103792949592844e+03 3.991050470615783070e+03 5.435636735751983906e+03 7.010680343180050841e+03 8.616248478724373854e+03 1.017604595889254233e+04 1.033064626951333412e+04 7.583288899577718439e+03 0.000000000000000000e+00 0.000000000000000000e+00 0.000000000000000000e+00 0.000000000000000000e+00 0.000000000000000000e+00 0.000000000000000000e+00 0.000000000000000000e+00 0.000000000000000000e+00 0.000000000000000000e+00 0.000000000000000000e+00 0.000000000000000000e+00 0.000000000000000000e+00 0.000000000000000000e+00 0.000000000000000000e+00 0.000000000000000000e+00 0.000000000000000000e+00 0.000000000000000000e+00 0.000000000000000000e+00 0.000000000000000000e+00 0.000000000000000000e+00 0.000000000000000000e+00 0.000000000000000000e+00 0.000000000000000000e+00 0.000000000000000000e+00 0.000000000000000000e+00 0.000000000000000000e+00 0.000000000000000000e+00 0.000000000000000000e+00 0.000000000000000000e+00 0.000000000000000000e+00 0.000000000000000000e+00 0.000000000000000000e+00 0.000000000000000000e+00 0.000000000000000000e+00 0.000000000000000000e+00 0.000000000000000000e+00 0.000000000000000000e+00 0.000000000000000000e+00 0.000000000000000000e+00 0.000000000000000000e+00 0.000000000000000000e+00 0.000000000000000000e+00 0.000000000000000000e+00 0.000000000000000000e+00 0.000000000000000000e+00 0.000000000000000000e+00 0.000000000000000000e+00
6.418674691082371098e-02 -4.412326689839988347e+01 -3.958773993054144853e+02 3.245076855107860148e-01 -6.145549682937476632e+01 -2.487871653253147741e+01 -2.730178058825569920e+01 2.481616370943975625e+01 3.186584564783980156e+01 -3.644530375634465003e+01 -1.430632001961186894e+01 8.402118137997744540e+00 1.244289914142825859e+00 3.903733387568497637e-01 1.544974877498462540e+01 -3.690126414926812970e+01 -6.298003391756839875e+01 -3.896962279374447036e+01 0.000000000000000000e+00 0.000000000000000000e+00 0.000000000000000000e+00 0.000000000000000000e+00 0.000000000000000000e+00 0.000000000000000000e+00 0.000000000000000000e+00 -6.636474203809659116e-14 -4.220317707843096149e-10 -5.246877847073004567e-09 -2.292478515404491847e-08 -6.968170482859681175e-08 -1.753315726351900143e-07 -3.948652288174179646e-07 -8.334517888312852973e-07 -1.705585703894013992e-06 -3.357238591469199643e-06 -6.458621772724178523e-06 -1.230479730049630145e-05 -2.322374976197761544e-05 -4.324764202741379848e-05 -7.989313732469573875e-05 -1.484518284657679581e-04 -2.729828168411299019e-04 -4.993273088145029799e-04 -9.132209447427485109e-04 -1.675807120059879217e-03 -3.051111340747588146e-03 -5.539705156437263120e-03 -1.013079374803829182e-02 -1.846956499128520057e-02 -3.350832757464506512e-02 -6.057958203214393322e-02 -1.097903216195656451e-01 -1.959085155311090232e-01 -3.473885467622247480e-01 -6.189939852239738638e-01 -1.090116127644997546e+00 -1.841120550278547041e+00 -3.005480049058840919e+00 -4.794516440205287111e+00 -6.747284423532705411e+00 -6.745844739102849097e+00 0.000000000000000000e+00 0.000000000000000000e+00 0.000000000000000000e+00 0.000000000000000000e+00 0.000000000000000000e+00 0.000000000000000000e+00 0.000000000000000000e+00 0.000000000000000000e+00 0.000000000000000000e+00 0.000000000000000000e+00 0.000000000000000000e+00 0.000000000000000000e+00 0.000000000000000000e+00 0.000000000000000000e+00 0.000000000000000000e+00 0.000000000000000000e+00 0.000000000000000000e+00 0.000000000000000000e+00 0.000000000000000000e+00 0.000000000000000000e+00 0.000000000000000000e+00 0.000000000000000000e+00 0.000000000000000000e+00 0.000000000000000000e+00 0.000000000000000000e+00 0.000000000000000000e+00 0.000000000000000000e+00 0.000000000000000000e+00 0.000000000000000000e+00 0.000000000000000000e+00 0.000000000000000000e+00 0.000000000000000000e+00 0.000000000000000000e+00 0.000000000000000000e+00 0.000000000000000000e+00 0.000000000000000000e+00 0.000000000000000000e+00 0.000000000000000000e+00 0.000000000000000000e+00 0.000000000000000000e+00 0.000000000000000000e+00 0.000000000000000000e+00 0.000000000000000000e+00 0.000000000000000000e+00 0.000000000000000000e+00 0.000000000000000000e+00 0.000000000000000000e+00
-1.058730035155634575e+01 2.001992396598262712e+04 1.510682327172134246e+05 -6.145549682937476632e+01 2.345163758542701908e+04 7.460445806155799801e+03 7.087706520117555556e+03 -6.186241617202065754e+03 1.097808795295086611e+03 2.131433695847560375e+04 1.843988434415795609e+03 -1.884939666970555209e+03 -2.892163265740846327e+02 1.068998008144611595e+04 -7.009970419482747275e+03 1.674310526956424292e+04 2.857575105007582533e+04 1.011674856403170088e+04 0.000000000000000000e+00 0.000000000000000000e+00 0.000000000000000000e+00 0.000000000000000000e+00 0.000000000000000000e+00 0.000000000000000000e+00 0.000000000000000000e+00 2.353380138311050091e-08 1.404442754694992205e-04 1.602062268318644230e-03 6.230552336181395534e-03 1.641791837410467095e-02 3.520047078663986889e-02 6.676320876313912578e-02 1.176008171071811770e-01 1.983680812719928466e-01 3.208227635669644862e-01 5.049811379987978466e-01 7.820082465446646092e-01 1.193526044565131450e+00 1.796451783108373501e+00 2.676911236904889968e+00 3.980980056925622179e+00 5.861261636350421966e+00 8.579016237155899560e+00 1.251446588518884084e+01 1.823738012816259157e+01 2.639011797939309290e+01 3.804581746525191477e+01 5.501181996629658499e+01 7.924539506566246416e+01 1.136799218971211047e+02 1.622999759069532502e+02 2.305572139537811722e+02 3.223338764208392035e+02 4.466378816664552573e+02 6.195655270372699306e+02 8.438212354778145254e+02 1.088328973459962072e+03 1.337575299813556512e+03 1.579716248665724606e+03 1.603716201468908594e+03 1.177219987152363274e+03 0.000000000000000000e+00 0.000000000000000000e+00 0.000000000000000000e+00 0.000000000000000000e+00 0.000000000000000000e+00 0.000000000000000000e+00 0.000000000000000000e+00 0.000000000000000000e+00 0.000000000000000000e+00 0.000000000000000000e+00 0.000000000000000000e+00 0.000000000000000000e+00 0.000000000000000000e+00 0.000000000000000000e+00 0.000000000000000000e+00 0.000000000000000000e+00 0.000000000000000000e+00 0.000000000000000000e+00 0.000000000000000000e+00 0.000000000000000000e+00 0.000000000000000000e+00 0.000000000000000000e+00 0.000000000000000000e+00 0.000000000000000000e+00 0.000000000000000000e+00 0.000000000000000000e+00 0.000000000000000000e+00 0.000000000000000000e+00 0.000000000000000000e+00 0.000000000000000000e+00 0.000000000000000000e+00 0.000000000000000000e+00 0.000000000000000000e+00 0.000000000000000000e+00 0.000000000000000000e+00 0.000000000000000000e+00 0.000000000000000000e+00 0.000000000000000000e+00 0.000000000000000000e+00 0.000000000000000000e+00 0.000000000000000000e+00 0.000000000000000000e+00 0.000000000000000000e+00 0.000000000000000000e+00 0.000000000000000000e+00 0.000000000000000000e+00 0.000000000000000000e+00
-5.707963251023598694e+00 6.282602712111700384e+03 4.805789613254343567e+04 -2.487871653253147741e+01 7.460445806155799801e+03 2.953741763403771074e+03 2.344907028608588917e+03 -1.867315890592786445e+03 -5.941409732087388420e+02 6.181646192215712290e+03 9.494311988144478391e+02 -7.537259559132918412e+02 -1.113328829114569771e+02 2.122539206694648783e+03 -2.199851470170329321e+03 5.254279624361850438e+03 8.967571073341154261e+03 3.347039659039143316e+03 0.000000000000000000e+00 0.000000000000000000e+00 0.000000000000000000e+00 0.000000000000000000e+00 0.000000000000000000e+00 0.000000000000000000e+00 0.000000000000000000e+00 -2.892668678240245142e-08 -1.667172036024980168e-04 -1.835344657074306895e-03 -6.850319592121382854e-03 -1.724646052272665875e-02 -3.522910965622342433e-02 -6.352184856685527681e-02 -1.060839700316682510e-01 -1.689071866839888525e-01 -2.571764867985504854e-01 -3.797307134259803596e-01 -5.488155078845389223e-01 -7.774753935151100803e-01 -1.080657619816773440e+00 -1.477415999158968596e+00 -1.995152749307049111e+00 -2.644117180796118127e+00 -3.442913122649461144e+00 -4.396169171838414158e+00 -5.484068207813282747e+00 -6.618060531882920650e+00 -7.648885045203421384e+00 -8.279915370566380162e+00 -7.946639238820687900e+00 -5.732942531180236223e+00 -1.018795604129561355e-01 1.154660909125398049e+01 3.222596963142806459e+01 6.688233264583399773e+01 1.239454491523836452e+02 2.111734915057210458e+02 3.262705477942315042e+02 4.673780882870187270e+02 6.315365141212325852e+02 7.195118533690940694e+02 5.802885802889046545e+02 0.000000000000000000e+00 0.000000000000000000e+00 0.000000000000000000e+00 0.000000000000000000e+00 0.000000000000000000e+00 0.000000000000000000e+00 0.000000000000000000e+00 0.000000000000000000e+00 0.000000000000000000e+00 0.000000000000000000e+00 0.000000000000000000e+00 0.000000000000000000e+00 0.000000000000000000e+00 0.000000000000000000e+00 0.000000000000000000e+00 0.000000000000000000e+00 0.000000000000000000e+00 0.000000000000000000e+00 0.000000000000000000e+00 0.000000000000000000e+00 0.000000000000000000e+00 0.000000000000000000e+00 0.000000000000000000e+00 0.000000000000000000e+00 0.000000000000000000e+00 0.000000000000000000e+00 0.000000000000000000e+00 0.000000000000000000e+00 0.000000000000000000e+00 0.000000000000000000e+00 0.000000000000000000e+00 0.000000000000000000e+00 0.000000000000000000e+00 0.000000000000000000e+00 0.000000000000000000e+00 0.000000000000000000e+00 0.000000000000000000e+00 0.000000000000000000e+00 0.000000000000000000e+00 0.000000000000000000e+00 0.000000000000000000e+00 0.000000000000000000e+00 0.000000000000000000e+00 0.000000000000000000e+00 0.000000000000000000e+00 0.000000000000000000e+00 0.000000000000000000e+00
-4.007720469608515579e+00 5.281183685148997029e+03 4.565682435233376600e+04 -2.730178058825569920e+01 7.087706520117555556e+03 2.344907028608588917e+03 2.947344020640924100e+03 -2.624238216686238502e+03 -1.760712969775587226e+03 5.179202778807020877e+03 1.022023385333323176e+03 -7.121836602980695261e+02 -1.092168912718061762e+02 1.878424424926269694e+03 -1.849204895865461140e+03 4.416770739918983054e+03 7.538179989742660837e+03 4.206937505650549610e+03 0.000000000000000000e+00 0.000000000000000000e+00 0.000000000000000000e+00 0.000000000000000000e+00 0.000000000000000000e+00 0.000000000000000000e+00 0.000000000000000000e+00 1.362664535154065248e-08 7.549298179151587196e-05 8.064680395803564255e-04 2.936810058226534906e-03 7.269487298681722408e-03 1.471986525892643796e-02 2.653160112778937818e-02 4.461674668883602868e-02 7.207688341332316173e-02 1.121067519946081087e-01 1.703625803547788031e-01 2.554840592988806836e-01 3.788005154558763965e-01 5.553830769247054544e-01 8.086321167272018107e-01 1.177598983067146277e+00 1.702174166181967374e+00 2.451043177326386324e+00 3.525451914395228314e+00 5.072462739217145966e+00 7.263664246431504878e+00 1.038542813515502772e+01 1.489713176314317700e+01 2.132585110540195572e+01 3.044323851288076099e+01 4.332370289086627935e+01 6.149509112437115022e+01 8.622380880462155517e+01 1.202210675900097954e+02 1.679924214005018257e+02 2.317868509370313177e+02 3.069777580125910958e+02 3.922367124063847541e+02 4.867594484682717280e+02 5.333163779113754117e+02 4.250611480166488150e+02 0.000000000000000000e+00 0.000000000000000000e+00 0.000000000000000000e+00 0.000000000000000000e+00 0.000000000000000000e+00 0.000000000000000000e+00 0.000000000000000000e+00 0.000000000000000000e+00 0.000000000000000000e+00 0.000000000000000000e+00 0.000000000000000000e+00 0.000000000000000000e+00 0.000000000000000000e+00 0.000000000000000000e+00 0.000000000000000000e+00 0.000000000000000000e+00 0.000000000000000000e+00 0.000000000000000000e+00 0.000000000000000000e+00 0.000000000000000000e+00 0.000000000000000000e+00 0.000000000000000000e+00 0.000000000000000000e+00 0.000000000000000000e+00 0.000000000000000000e+00 0.000000000000000000e+00 0.000000000000000000e+00 0.000000000000000000e+00 0.000000000000000000e+00 0.000000000000000000e+00 0.000000000000000000e+00 0.000000000000000000e+00 0.000000000000000000e+00 0.000000000000000000e+00 0.000000000000000000e+00 0.000000000000000000e+00 0.000000000000000000e+00 0.000000000000000000e+00 0.000000000000000000e+00 0.000000000000000000e+00 0.000000000000000000e+00 0.000000000000000000e+00 0.000000000000000000e+00 0.000000000000000000e+00 0.000000000000000000e+00 0.000000000000000000e+00 0.000000000000000000e+00
-2.415711008069159338e-01 -4.560033268861751822e+03 -3.984986484923012176e+04 2.481616370943975625e+01 -6.186241617202065754e+03 -1.867315890592786445e+03 -2.624238216686238502e+03 2.778937515195071683e+03 2.136152877179280495e+03 -4.462531779338607521e+03 -9.922557110847026252e+02 6.535413016847783183e+02 1.019548503067751994e+02 -1.665058087459452054e+03 1.596694292190791657e+03 -3.813656694350989255e+03 -6.508834683511803632e+03 -3.745747391625531691e+03 -0.000000000000000000e+00 -0.000000000000000000e+00 -0.000000000000000000e+00 -0.000000000000000000e+00 -0.000000000000000000e+00 -0.000000000000000000e+00 -0.000000000000000000e+00 -1.912304836465915248e-08 -1.066317668528730614e-04 -1.169111850466136556e-03 -4.437425289431665316e-03 -1.155207431612897961e-02 -2.461837428547842752e-02 -4.654646555778201023e-02 -8.168461103929053335e-02 -1.369932942355003569e-01 -2.191496126382502796e-01 -3.399087233478365055e-01 -5.153694453797093011e-01 -7.623700495262113463e-01 -1.103605459118595977e+00 -1.564583184736730415e+00 -2.185449732298719638e+00 -2.982087260117897376e+00 -4.017582921449768030e+00 -5.386917443468790978e+00 -7.585045704202996397e+00 -1.196570115444107252e+01 -1.658083892312949104e+01 -2.284461160540521263e+01 -3.123384310921695928e+01 -4.199868486499185138e+01 -5.559579606377472771e+01 -7.322869035039670393e+01 -9.434775654911578613e+01 -1.230854213104830279e+02 -1.672868120581937603e+02 -2.271405262130926133e+02 -2.611775716253715132e+02 -2.950144986543402297e+02 -4.056243046128236074e+02 -4.056191231377006829e+02 -3.203985599762512493e+02 -0.000000000000000000e+00 -0.000000000000000000e+00 -0.000000000000000000e+00 -0.000000000000000000e+00 -0.000000000000000000e+00 -0.000000000000000000e+00 -0.000000000000000000e+00 -0.000000000000000000e+00 -0.000000000000000000e+00 -0.000000000000000000e+00 -0.000000000000000000e+00 -0.000000000000000000e+00 -0.000000000000000000e+00 -0.000000000000000000e+00 -0.000000000000000000e+00 -0.000000000000000000e+00 -0.000000000000000000e+00 -0.000000000000000000e+00 -0.000000000000000000e+00 -0.000000000000000000e+00 -0.000000000000000000e+00 -0.000000000000000000e+00 -0.000000000000000000e+00 -0.000000000000000000e+00 -0.000000000000000000e+00 -0.000000000000000000e+00 -0.000000000000000000e+00 -0.000000000000000000e+00 -0.000000000000000000e+00 -0.000000000000000000e+00 -0.000000000000000000e+00 -0.000000000000000000e+00 -0.000000000000000000e+00 -0.000000000000000000e+00 -0.000000000000000000e+00 -0.000000000000000000e+00 -0.000000000000000000e+00 -0.000000000000000000e+00 -0.000000000000000000e+00 -0.000000000000000000e+00 -0.000000000000000000e+00 -0.000000000000000000e+00 -0.000000000000000000e+00 -0.000000000000000000e+00 -0.000000000000000000e+00 -0.000000000000000000e+00 -0.000000000000000000e+00
8.562056145695905229e+00 2.936419681671695798e+03 7.071746438282769304e+03 3.186584564783980156e+01 1.097808795295086611e+03 -5.941409732087388420e+02 -1.760712969775587226e+03 2.136152877179280495e+03 8.075367848011266688e+03 5.291029663562116184e+03 -1.983951262785875997e+03 6.482463449629408387e+02 9.285438778112022362e+01 6.395660446294925350e+03 -1.028186477764937308e+03 2.455792735746107155e+03 4.191344479857756596e+03 -2.513181147962334308e+03 0.000000000000000000e+00 0.000000000000000000e+00 0.000000000000000000e+00 0.000000000000000000e+00 0.000000000000000000e+00 0.000000000000000000e+00 0.000000000000000000e+00 2.182067677351268767e-08 1.380057194526177519e-04 1.610484561164767132e-03 6.296761302824851678e-03 1.644839461204803885e-02 3.459989544684415053e-02 6.408181169145411860e-02 1.098152848845423829e-01 1.796917476716312634e-01 2.810491118728873916e-01 4.275193694740617723e-01 6.381165401492264744e-01 9.342865674346827465e-01 1.345622967514137125e+00 1.910551485217260037e+00 2.692206472722487920e+00 3.736719522575728814e+00 5.152470944089267313e+00 7.097644558044239993e+00 1.006639083383211286e+01 1.518767158610410739e+01 2.120241683932059473e+01 2.949828786390753521e+01 4.072172656558959147e+01 5.544050167587830913e+01 7.432463332308941517e+01 9.825764587327655875e+01 1.256726926049503987e+02 1.577886843934520584e+02 1.970556368772814153e+02 2.321763612535811205e+02 2.069638838160540217e+02 1.117134707060161531e+02 -2.118803805548039776e+01 -3.600662213005858234e+02 -5.615786387509721180e+02 0.000000000000000000e+00 0.000000000000000000e+00 0.000000000000000000e+00 0.000000000000000000e+00 0.000000000000000000e+00 0.000000000000000000e+00 0.000000000000000000e+00 0.000000000000000000e+00 0.000000000000000000e+00 0.000000000000000000e+00 0.000000000000000000e+00 0.000000000000000000e+00 0.000000000000000000e+00 0.000000000000000000e+00 0.000000000000000000e+00 0.000000000000000000e+00 0.000000000000000000e+00 0.000000000000000000e+00 0.000000000000000000e+00 0.000000000000000000e+00 0.000000000000000000e+00 0.000000000000000000e+00 0.000000000000000000e+00 0.000000000000000000e+00 0.000000000000000000e+00 0.000000000000000000e+00 0.000000000000000000e+00 0.000000000000000000e+00 0.000000000000000000e+00 0.000000000000000000e+00 0.000000000000000000e+00 0.000000000000000000e+00 0.000000000000000000e+00 0.000000000000000000e+00 0.000000000000000000e+00 0.000000000000000000e+00 0.000000000000000000e+00 0.000000000000000000e+00 0.000000000000000000e+00 0.000000000000000000e+00 0.000000000000000000e+00 0.000000000000000000e+00 0.000000000000000000e+00 0.000000000000000000e+00 0.000000000000000000e+00 0.000000000000000000e+00 0.000000000000000000e+00
-2.729282926323553404e+00 1.940167124725595204e+04 1.373003997749381815e+05 -3.644530375634465003e+01 2.131433695847560375e+04 6.181646192215712290e+03 5.179202778807020877e+03 -4.462531779338607521e+03 5.291029663562116184e+03 2.186580693951448848e+04 5.608592572664232421e+02 -1.321610207611305896e+03 -2.070660878830892671e+02 1.307924541827466237e+04 -6.793489413990274443e+03 1.622604684464594720e+04 2.769327837903144973e+04 7.392615950816182703e+03 0.000000000000000000e+00 0.000000000000000000e+00 0.000000000000000000e+00 0.000000000000000000e+00 0.000000000000000000e+00 0.000000000000000000e+00 0.000000000000000000e+00 3.372785556245659104e-08 2.056072962063299836e-04 2.381035345479288069e-03 9.377594652127060199e-03 2.494361155487631945e-02 5.377546853402339483e-02 1.022852891155278526e-01 1.802195870350228601e-01 3.034072024377602594e-01 4.882465725975551063e-01 7.632631833887674189e-01 1.170645110939601663e+00 1.762269988678734300e+00 2.609367043669294617e+00 3.810999413610272946e+00 5.532906202197176881e+00 7.924164567872655773e+00 1.127489207521369075e+01 1.600830040787857556e+01 2.309264994180457009e+01 3.435590264346900824e+01 4.887216246632480221e+01 6.953992470170867080e+01 9.844288100771858296e+01 1.382530204412855994e+02 1.925955008061905289e+02 2.666994452964809170e+02 3.622454867716219837e+02 4.888354141541003628e+02 6.643051465685052790e+02 8.839809827859825191e+02 1.069463858341268406e+03 1.216553793352009279e+03 1.374620478623961617e+03 1.192235767505217609e+03 7.135120126720390772e+02 0.000000000000000000e+00 0.000000000000000000e+00 0.000000000000000000e+00 0.000000000000000000e+00 0.000000000000000000e+00 0.000000000000000000e+00 0.000000000000000000e+00 0.000000000000000000e+00 0.000000000000000000e+00 0.000000000000000000e+00 0.000000000000000000e+00 0.000000000000000000e+00 0.000000000000000000e+00 0.000000000000000000e+00 0.000000000000000000e+00 0.000000000000000000e+00 0.000000000000000000e+00 0.000000000000000000e+00 0.000000000000000000e+00 0.000000000000000000e+00 0.000000000000000000e+00 0.000000000000000000e+00 0.000000000000000000e+00 0.000000000000000000e+00 0.000000000000000000e+00 0.000000000000000000e+00 0.000000000000000000e+00 0.000000000000000000e+00 0.000000000000000000e+00 0.000000000000000000e+00 0.000000000000000000e+00 0.000000000000000000e+00 0.000000000000000000e+00 0.000000000000000000e+00 0.000000000000000000e+00 0.000000000000000000e+00 0.000000000000000000e+00 0.000000000000000000e+00 0.000000000000000000e+00 0.000000000000000000e+00 0.000000000000000000e+00 0.000000000000000000e+00 0.000000000000000000e+00 0.000000000000000000e+00 0.000000000000000000e+00 0.000000000000000000e+00 0.000000000000000000e+00
-4.817751255125954479e+00 1.130142298845725009e+03 1.187840605686654999e+04 -1.430632001961186894e+01 1.843988434415795382e+03 9.494311988144478391e+02 1.022023385333323176e+03 -9.922557110847026252e+02 -1.983951262785875997e+03 5.608592572664233558e+02 7.210396617837843678e+02 -3.628102642932395838e+02 -5.279241424667128513e+01 -8.624927607133714673e+02 -3.957189896513132794e+02 9.451630041808978149e+02 1.613126255516760921e+03 1.458801036220983406e+03 0.000000000000000000e+00 0.000000000000000000e+00 0.000000000000000000e+00 0.000000000000000000e+00 0.000000000000000000e+00 0.000000000000000000e+00 0.000000000000000000e+00 -1.017293159406562352e-08 -6.082207893503345134e-05 -6.864821383339520184e-04 -2.620879681910070948e-03 -6.735086633201181096e-03 -1.400005177816708579e-02 -2.569157451567256542e-02 -4.365331808641614852e-02 -7.079406802562333845e-02 -1.095289831859058982e-01 -1.645294631279762554e-01 -2.416835829224545373e-01 -3.462244816922587232e-01 -4.852550168135710273e-01 -6.651387291016982450e-01 -8.950477415132701564e-01 -1.170751455316579870e+00 -1.504669883424873511e+00 -1.916030489009409310e+00 -2.613354519072592641e+00 -4.237019037845221270e+00 -5.673047263742537538e+00 -7.476919117766977152e+00 -9.682633374774299639e+00 -1.207661520909387676e+01 -1.436311199472576483e+01 -1.627281317454810505e+01 -1.648513894779937417e+01 -1.500713484404629661e+01 -1.200290864135354418e+01 -3.091638872056207799e+00 3.693511828676948028e+01 1.025776391620914723e+02 1.609818977540593892e+02 2.853065586661672910e+02 3.099212865488837565e+02 0.000000000000000000e+00 0.000000000000000000e+00 0.000000000000000000e+00 0.000000000000000000e+00 0.000000000000000000e+00 0.000000000000000000e+00 0.000000000000000000e+00 0.000000000000000000e+00 0.000000000000000000e+00 0.000000000000000000e+00 0.000000000000000000e+00 0.000000000000000000e+00 0.000000000000000000e+00 0.000000000000000000e+00 0.000000000000000000e+00 0.000000000000000000e+00 0.000000000000000000e+00 0.000000000000000000e+00 0.000000000000000000e+00 0.000000000000000000e+00 0.000000000000000000e+00 0.000000000000000000e+00 0.000000000000000000e+00 0.000000000000000000e+00 0.000000000000000000e+00 0.000000000000000000e+00 0.000000000000000000e+00 0.000000000000000000e+00 0.000000000000000000e+00 0.000000000000000000e+00 0.000000000000000000e+00 0.000000000000000000e+00 0.000000000000000000e+00 0.000000000000000000e+00 0.000000000000000000e+00 0.000000000000000000e+00 0.000000000000000000e+00 0.000000000000000000e+00 0.000000000000000000e+00 0.000000000000000000e+00 0.000000000000000000e+00 0.000000000000000000e+00 0.000000000000000000e+00 0.000000000000000000e+00 0.000000000000000000e+00 0.000000000000000000e+00 0.000000000000000000e+00
2.587857579746688952e+00 -1.472958901177679536e+03 -1.214220129534846092e+04 8.402118137997744540e+00 -1.884939666970554981e+03 -7.537259559132918412e+02 -7.121836602980695261e+02 6.535413016847783183e+02 6.482463449629408387e+02 -1.321610207611306123e+03 -3.628102642932395838e+02 2.337591732979108770e+02 3.459274173052517654e+01 -2.175420518083646755e+02 5.157561209480121533e+02 -1.231868112089959595e+03 -2.102450885356330673e+03 -1.016546467068988136e+03 0.000000000000000000e+00 0.000000000000000000e+00 0.000000000000000000e+00 0.000000000000000000e+00 0.000000000000000000e+00 0.000000000000000000e+00 0.000000000000000000e+00 3.924798936017905553e-09 2.300711204395072511e-05 2.553193340200746739e-04 9.584366227520959951e-04 2.422079740225751513e-03 4.950015423769940463e-03 8.932939450659057798e-03 1.491406242473336703e-02 2.372922840603092567e-02 3.592524750261444355e-02 5.269519371040719269e-02 7.524719120917776338e-02 1.039590952040779781e-01 1.392946118924025256e-01 1.799310449926897759e-01 2.228303785259237169e-01 2.583139786781297187e-01 2.789995383586880706e-01 2.747723162075563219e-01 3.144091942543438822e-01 6.656787381576737550e-01 7.540505231590752810e-01 7.485540866641042790e-01 5.690457744499524129e-01 -2.860671209460921918e-02 -1.374917425864131681e+00 -3.849870832219253636e+00 -8.228538290122033416e+00 -1.489420713823204423e+01 -2.447722236237841287e+01 -3.893148016554172841e+01 -6.807384477496304953e+01 -1.080852847325770227e+02 -1.425913278103568587e+02 -1.955264398077828787e+02 -1.848248525696220952e+02 0.000000000000000000e+00 0.000000000000000000e+00 0.000000000000000000e+00 0.000000000000000000e+00 0.000000000000000000e+00 0.000000000000000000e+00 0.000000000000000000e+00 0.000000000000000000e+00 0.000000000000000000e+00 0.000000000000000000e+00 0.000000000000000000e+00 0.000000000000000000e+00 0.000000000000000000e+00 0.000000000000000000e+00 0.000000000000000000e+00 0.000000000000000000e+00 0.000000000000000000e+00 0.000000000000000000e+00 0.000000000000000000e+00 0.000000000000000000e+00 0.000000000000000000e+00 0.000000000000000000e+00 0.000000000000000000e+00 0.000000000000000000e+00 0.000000000000000000e+00 0.000000000000000000e+00 0.000000000000000000e+00 0.000000000000000000e+00 0.000000000000000000e+00 0.000000000000000000e+00 0.000000000000000000e+00 0.000000000000000000e+00 0.000000000000000000e+00 0.000000000000000000e+00 0.000000000000000000e+00 0.000000000000000000e+00 0.000000000000000000e+00 0.000000000000000000e+00 0.000000000000000000e+00 0.000000000000000000e+00 0.000000000000000000e+00 0.000000000000000000e+00 0.000000000000000000e+00 0.000000000000000000e+00 0.000000000000000000e+00 0.000000000000000000e+00 0.000000000000000000e+00
3.386978497665616983e-01 -2.260586127345015655e+02 -1.863042577276629345e+03 1.244289914142825859e+00 -2.892163265740846327e+02 -1.113328829114569771e+02 -1.092168912718061762e+02 1.019548503067751994e+02 9.285438778112022362e+01 -2.070660878830892671e+02 -5.279241424667128513e+01 3.459274173052517654e+01 5.151876921071976589e+00 -4.380956682404100633e+01 7.915435598210986257e+01 -1.890578184281151550e+02 -3.226682904092414788e+02 -1.558924349937284148e+02 0.000000000000000000e+00 0.000000000000000000e+00 0.000000000000000000e+00 0.000000000000000000e+00 0.000000000000000000e+00 0.000000000000000000e+00 0.000000000000000000e+00 3.984066393217895457e-10 2.359072138701871340e-06 2.619950488488901442e-05 9.787036633059928794e-05 2.449547578047333251e-04 4.940113519382845425e-04 8.779749681848189992e-04 1.440663822437917695e-03 2.247692258582725464e-03 3.328009245698214640e-03 4.762897915058525791e-03 6.606336254062892231e-03 8.794839402222538738e-03 1.123619102805100030e-02 1.357555241971110903e-02 1.512419084329445253e-02 1.445687095147679679e-02 1.013450029145257156e-02 1.283676683092079408e-04 -9.591072234059552087e-03 8.157472930302204009e-03 -1.138681528608941930e-02 -5.482886341428671456e-02 -1.361726115969410511e-01 -2.900297346799360909e-01 -5.638622619089589394e-01 -1.016243361665575273e+00 -1.746644064316416944e+00 -2.831257203064103223e+00 -4.401796161092678794e+00 -6.712321112806946211e+00 -1.079481450992116187e+01 -1.627770472672753499e+01 -2.143638881209389169e+01 -2.826402130088294484e+01 -2.617888160514405271e+01 0.000000000000000000e+00 0.000000000000000000e+00 0.000000000000000000e+00 0.000000000000000000e+00 0.000000000000000000e+00 0.000000000000000000e+00 0.000000000000000000e+00 0.000000000000000000e+00 0.000000000000000000e+00 0.000000000000000000e+00 0.000000000000000000e+00 0.000000000000000000e+00 0.000000000000000000e+00 0.000000000000000000e+00 0.000000000000000000e+00 0.000000000000000000e+00 0.000000000000000000e+00 0.000000000000000000e+00 0.000000000000000000e+00 0.000000000000000000e+00 0.000000000000000000e+00 0.000000000000000000e+00 0.000000000000000000e+00 0.000000000000000000e+00 0.000000000000000000e+00 0.000000000000000000e+00 0.000000000000000000e+00 0.000000000000000000e+00 0.000000000000000000e+00 0.000000000000000000e+00 0.000000000000000000e+00 0.000000000000000000e+00 0.000000000000000000e+00 0.000000000000000000e+00 0.000000000000000000e+00 0.000000000000000000e+00 0.000000000000000000e+00 0.000000000000000000e+00 0.000000000000000000e+00 0.000000000000000000e+00 0.000000000000000000e+00 0.000000000000000000e+00 0.000000000000000000e+00 0.000000000000000000e+00 0.000000000000000000e+00 0.000000000000000000e+00 0.000000000000000000e+00
1.058166570397021111e+01 1.041780633124575979e+04 6.886156213201060018e+04 3.903733387568522062e-01 1.068998008144611595e+04 2.122539206694648783e+03 1.878424424926269694e+03 -1.665058087459452054e+03 6.395660446294925350e+03 1.307924541827466237e+04 -8.624927607133713536e+02 -2.175420518083647039e+02 -4.380956682404102764e+01 1.015537403319309487e+04 -3.647791786922925439e+03 8.712641885072182049e+03 1.487001852331815098e+04 2.681198431336814792e+03 0.000000000000000000e+00 0.000000000000000000e+00 0.000000000000000000e+00 0.000000000000000000e+00 0.000000000000000000e+00 0.000000000000000000e+00 0.000000000000000000e+00 5.503044795205070328e-08 3.263398943253389170e-04 3.694187995320708483e-03 1.424111288196081709e-02 3.714093512799518382e-02 7.860986038405609611e-02 1.470341990041164615e-01 2.548786179525895923e-01 4.221125377364018938e-01 6.676152765997955818e-01 1.025475459432520164e+00 1.542789283948811319e+00 2.270675700661121788e+00 3.278854943872071104e+00 4.651849682841883826e+00 6.525859457679416664e+00 8.980005865303718693e+00 1.223925616666240401e+01 1.663635825828976067e+01 2.351138122548929132e+01 3.626395063545776054e+01 5.043805583903861134e+01 6.983358963748750625e+01 9.594482776509823907e+01 1.298284780960521516e+02 1.729763717717664804e+02 2.282675254236622209e+02 2.929991629923371192e+02 3.748915554033666808e+02 4.887633634458254051e+02 6.214219038936973902e+02 6.429512564551118885e+02 5.806150502918112579e+02 5.897679710691242008e+02 1.854452384196592334e+02 -1.841986008013537344e+02 0.000000000000000000e+00 0.000000000000000000e+00 0.000000000000000000e+00 0.000000000000000000e+00 0.000000000000000000e+00 0.000000000000000000e+00 0.000000000000000000e+00 0.000000000000000000e+00 0.000000000000000000e+00 0.000000000000000000e+00 0.000000000000000000e+00 0.000000000000000000e+00 0.000000000000000000e+00 0.000000000000000000e+00 0.000000000000000000e+00 0.000000000000000000e+00 0.000000000000000000e+00 0.000000000000000000e+00 0.000000000000000000e+00 0.000000000000000000e+00 0.000000000000000000e+00 0.000000000000000000e+00 0.000000000000000000e+00 0.000000000000000000e+00 0.000000000000000000e+00 0.000000000000000000e+00 0.000000000000000000e+00 0.000000000000000000e+00 0.000000000000000000e+00 0.000000000000000000e+00 0.000000000000000000e+00 0.000000000000000000e+00 0.000000000000000000e+00 0.000000000000000000e+00 0.000000000000000000e+00 0.000000000000000000e+00 0.000000000000000000e+00 0.000000000000000000e+00 0.000000000000000000e+00 0.000000000000000000e+00 0.000000000000000000e+00 0.000000000000000000e+00 0.000000000000000000e+00 0.000000000000000000e+00 0.000000000000000000e+00 0.000000000000000000e+00 0.000000000000000000e+00
