3.149954841168286723e+00 4.321870599705179394e+00 2.433361117135367380e+01 3.906238659772952337e-04 4.865855902922957554e+00 3.004058636779102787e-01 9.659658715047898525e-01 2.486649375099657444e+00 4.403736779981340277e+00 6.755216137609813210e+00 1.509834247238826643e+00
4.321870599705179394e+00 9.765411227399017662e+03 6.346305677984577051e+04 -2.732192662182424669e+01 1.269035192825306331e+04 2.398987435283069772e+03 4.037444557679058562e+03 4.595337011112160326e+03 8.043708534760612565e+02 1.526363688867081510e+04 6.310649521204771190e+03
2.433361117135367380e+01 6.346305677984577051e+04 4.326176008901438909e+05 -2.202327528308436229e+02 8.650811801734635083e+04 1.781634824836446569e+04 3.065349100474044099e+04 3.464827025634786696e+04 -2.002249205415834695e+03 9.919470178734789079e+04 4.791234543751153979e+04
3.906238659772952337e-04 -2.732192662182424669e+01 -2.202327528308436229e+02 2.412514250478166589e-01 -4.403870978428732030e+01 -1.574208884747511128e+01 -2.062959760897113171e+01 -2.420044602258560218e+01 2.395958365440365867e+01 -4.270500825242857701e+01 -3.224469300168887287e+01
4.865855902922957554e+00 1.269035192825306331e+04 8.650811801734635083e+04 -4.403870978428732030e+01 1.729854371968438136e+04 3.562635347559593356e+03 6.129606867648286425e+03 6.928420494833684643e+03 -4.003785565031483884e+02 1.983540880273710718e+04 9.580763300124304806e+03
3.004058636779102787e-01 2.398987435283069772e+03 1.781634824836446569e+04 -1.574208884747511128e+01 3.562635347559593356e+03 1.343216058842150460e+03 1.478687498852947101e+03 1.565916815077188176e+03 -1.235977399301105834e+03 3.749690848646149789e+03 2.311233856796802684e+03
9.659658715047898525e-01 4.037444557679058562e+03 3.065349100474044099e+04 -2.062959760897113171e+01 6.129606867648286425e+03 1.478687498852947101e+03 2.634911438838898448e+03 2.946311986285784315e+03 -1.248683161918801716e+03 6.310649521204771190e+03 4.118447293177034226e+03
2.486649375099657444e+00 4.595337011112160326e+03 3.464827025634786696e+04 -2.420044602258560218e+01 6.928420494833684643e+03 1.565916815077188176e+03 2.946311986285784315e+03 3.642673813240010986e+03 -1.737547783386482251e+03 7.182652515634797965e+03 4.605175887854818939e+03
4.403736779981340277e+00 8.043708534760612565e+02 -2.002249205415834695e+03 2.395958365440365867e+01 -4.003785565031483884e+02 -1.235977399301105834e+03 -1.248683161918801716e+03 -1.737547783386482251e+03 4.491871148455482398e+03 1.257256283979240152e+03 -1.951730032530575727e+03
6.755216137609813210e+00 1.526363688867081510e+04 9.919470178734789079e+04 -4.270500825242857701e+01 1.983540880273710718e+04 3.749690848646149789e+03 6.310649521204771190e+03 7.182652515634797965e+03 1.257256283979240152e+03 2.385753202236067227e+04 9.863738513446030993e+03
1.509834247238826643e+00 6.310649521204771190e+03 4.791234543751153979e+04 -3.224469300168887287e+01 9.580763300124304806e+03 2.311233856796802684e+03 4.118447293177034226e+03 4.605175887854818939e+03 -1.951730032530575727e+03 9.863738513446030993e+03 6.437259278115076995e+03
