# A b_HI Tb sigma_NL sigma8tot n_s f DA H omegak omegaDE w0 wa h gamma sigma_8 fs8 bs8 pk0 pk1 pk2 pk3 pk4 pk5 pk6 pk7 pk8 pk9 pk10 pk11 pk12 pk13 pk14 pk15 pk16 pk17 pk18 pk19 pk20 pk21 pk22 pk23 pk24 pk25 pk26 pk27 pk28 pk29 pk30 pk31 pk32 pk33 pk34 pk35 pk36 pk37 pk38 pk39 pk40 pk41 pk42 pk43 pk44 pk45 pk46 pk47 pk48 pk49 pk50 pk51 pk52 pk53 pk54 pk55 pk56 pk57 pk58 pk59 pk60 pk61 pk62 pk63 pk64 pk65 pk66 pk67 pk68 pk69 pk70 pk71 pk72 pk73 pk74 pk75 pk76 pk77 pk78 pk79 pk80 pk81 pk82 pk83 pk84 pk85 pk86 pk87 pk88 pk89
2.524222596692043297e+00 -1.375583615342340593e+01 -1.127762831204279621e+02 7.910318264939404653e-02 -1.609825621677143914e+01 -8.244507258749962375e+00 -5.201090683844266316e+00 6.663109975297661913e-01 7.396719082959942959e+00 -9.013363841506688345e+00 -4.450630080625903595e+00 2.774234339302214192e+00 3.242698255048304112e-01 7.675848705680441419e+00 5.342023978224863967e+00 -1.116483357427150658e+01 -1.914572282894538091e+01 -7.239010375702251920e+00 0.000000000000000000e+00 0.000000000000000000e+00 0.000000000000000000e+00 0.000000000000000000e+00 0.000000000000000000e+00 0.000000000000000000e+00 0.000000000000000000e+00 0.000000000000000000e+00 1.216679252785575993e-20 -2.646567677579741240e-19 6.144072360082996116e-19 -2.722227463037937023e-18 -1.486616484948657385e-17 1.665463161159994887e-17 1.568736363263631498e-17 -1.195136818089229791e-17 -1.354837121479846574e-16 -9.768785947836912251e-17 -1.890947365725721190e-16 1.920735722957907879e-16 -1.055402308806301723e-15 -3.297578941495809182e-16 -2.755031502545379665e-16 -1.249733290197441329e-15 -2.659798156538520834e-15 -2.101078031029784326e-15 -8.419271819186545727e-03 -1.886072455682511473e-01 -4.791693174157523605e-01 -6.011852407082772798e-01 -1.349007629139290232e-01 1.157565594371579909e+00 2.654168081427785708e+00 2.194172910057797132e+00 -2.340346423524063191e+00 -6.684386479532833825e+00 2.718724979269880881e-01 1.061546682407340292e+01 -2.069852167336617921e+00 -1.300805443873495193e+01 1.206732833867686772e+01 -4.428739628893723967e+00 -5.731054955795947592e+00 0.000000000000000000e+00 0.000000000000000000e+00 0.000000000000000000e+00 0.000000000000000000e+00 0.000000000000000000e+00 0.000000000000000000e+00 0.000000000000000000e+00 0.000000000000000000e+00 0.000000000000000000e+00 0.000000000000000000e+00 0.000000000000000000e+00 0.000000000000000000e+00 0.000000000000000000e+00 0.000000000000000000e+00 0.000000000000000000e+00 0.000000000000000000e+00 0.000000000000000000e+00 0.000000000000000000e+00 0.000000000000000000e+00 0.000000000000000000e+00 0.000000000000000000e+00 0.000000000000000000e+00 0.000000000000000000e+00 0.000000000000000000e+00 0.000000000000000000e+00 0.000000000000000000e+00 0.000000000000000000e+00 0.000000000000000000e+00 0.000000000000000000e+00 0.000000000000000000e+00 0.000000000000000000e+00 0.000000000000000000e+00 0.000000000000000000e+00 0.000000000000000000e+00 0.000000000000000000e+00 0.000000000000000000e+00 0.000000000000000000e+00 0.000000000000000000e+00 0.000000000000000000e+00 0.000000000000000000e+00 0.000000000000000000e+00 0.000000000000000000e+00 0.000000000000000000e+00 0.000000000000000000e+00 0.000000000000000000e+00 0.000000000000000000e+00 0.000000000000000000e+00
-1.375583615342340593e+01 1.598217154228656182e+04 1.212959232017880568e+05 -3.504066888423544412e+01 1.731439266948600198e+04 5.655210124805381383e+03 4.331220874504642779e+03 -3.987874210231138022e+03 3.311744780297797206e+03 1.774038052929993501e+04 8.122429181458533094e+02 -1.170623046046551735e+03 -1.550003325367266029e+02 9.268943125495945424e+03 -6.206612426228269214e+03 1.297182399055252245e+04 2.224439308090516715e+04 6.028303437851787749e+03 0.000000000000000000e+00 0.000000000000000000e+00 0.000000000000000000e+00 0.000000000000000000e+00 0.000000000000000000e+00 0.000000000000000000e+00 0.000000000000000000e+00 0.000000000000000000e+00 1.625766233133443491e-05 4.553689835055073354e-04 2.389608283221127637e-03 7.265345746677713025e-03 1.697192025051409703e-02 3.412757730383465110e-02 6.282022705840367705e-02 1.096274316537869387e-01 1.819604208073446472e-01 2.923514127501992688e-01 4.617064785454239040e-01 7.158084837188205540e-01 1.090165337064159079e+00 1.643537006435145109e+00 2.467282218990988873e+00 3.664778129285735542e+00 5.401083454551380392e+00 7.933449999255238971e+00 1.162262632255218442e+01 1.691340117575947488e+01 2.450189391286886931e+01 3.557982133558474658e+01 5.148255184074304225e+01 7.413950558610429198e+01 1.063392472383776095e+02 1.519180957848138007e+02 2.139203360493661421e+02 2.995377534650080520e+02 4.206173868100012783e+02 5.825195058542681181e+02 7.745111481263504629e+02 9.963864357322895557e+02 1.252699298165965729e+03 1.403513723669273531e+03 7.810703585532910438e+02 0.000000000000000000e+00 0.000000000000000000e+00 0.000000000000000000e+00 0.000000000000000000e+00 0.000000000000000000e+00 0.000000000000000000e+00 0.000000000000000000e+00 0.000000000000000000e+00 0.000000000000000000e+00 0.000000000000000000e+00 0.000000000000000000e+00 0.000000000000000000e+00 0.000000000000000000e+00 0.000000000000000000e+00 0.000000000000000000e+00 0.000000000000000000e+00 0.000000000000000000e+00 0.000000000000000000e+00 0.000000000000000000e+00 0.000000000000000000e+00 0.000000000000000000e+00 0.000000000000000000e+00 0.000000000000000000e+00 0.000000000000000000e+00 0.000000000000000000e+00 0.000000000000000000e+00 0.000000000000000000e+00 0.000000000000000000e+00 0.000000000000000000e+00 0.000000000000000000e+00 0.000000000000000000e+00 0.000000000000000000e+00 0.000000000000000000e+00 0.000000000000000000e+00 0.000000000000000000e+00 0.000000000000000000e+00 0.000000000000000000e+00 0.000000000000000000e+00 0.000000000000000000e+00 0.000000000000000000e+00 0.000000000000000000e+00 0.000000000000000000e+00 0.000000000000000000e+00 0.000000000000000000e+00 0.000000000000000000e+00 0.000000000000000000e+00 0.000000000000000000e+00
-1.127762831204279621e+02 1.212959232017880568e+05 9.577712400932961609e+05 -3.293972176350242762e+02 1.367171039287775930e+05 4.489351406899233552e+04 3.941401086280903110e+04 -3.669914598715796456e+04 1.321914575945444813e+04 1.322860293299707700e+05 8.750226724500309501e+03 -9.999483264290869556e+03 -1.326894887519817985e+03 6.527474134564258566e+04 -4.710478686848955840e+04 9.844903506273220410e+04 1.688227527575289132e+05 5.485742336125340080e+04 0.000000000000000000e+00 0.000000000000000000e+00 0.000000000000000000e+00 0.000000000000000000e+00 0.000000000000000000e+00 0.000000000000000000e+00 0.000000000000000000e+00 0.000000000000000000e+00 1.809188386505264303e-04 4.816582118359643942e-03 2.411674029566549665e-02 7.038347321808480217e-02 1.589147609461226685e-01 3.107237071179850818e-01 5.585302180335548483e-01 9.548556665910123975e-01 1.557722937599789192e+00 2.466388566883718880e+00 3.843808530814040836e+00 5.892384732533121117e+00 8.889226293054200312e+00 1.328812362449727580e+01 1.980340659056980357e+01 2.922743515094375510e+01 4.284450419242131858e+01 6.263516961176905795e+01 9.139632503818090470e+01 1.325412001364594516e+02 1.914827228165501367e+02 2.773593403794129699e+02 4.004713499252752626e+02 5.757643724875597400e+02 8.247481994779606111e+02 1.177430313507756864e+03 1.658300316854346192e+03 2.323279002959905483e+03 3.264395574866372954e+03 4.528779889263440054e+03 6.045847975097293784e+03 7.824703445705974445e+03 9.912636806946129582e+03 1.125393000028230563e+04 6.345361405465828284e+03 0.000000000000000000e+00 0.000000000000000000e+00 0.000000000000000000e+00 0.000000000000000000e+00 0.000000000000000000e+00 0.000000000000000000e+00 0.000000000000000000e+00 0.000000000000000000e+00 0.000000000000000000e+00 0.000000000000000000e+00 0.000000000000000000e+00 0.000000000000000000e+00 0.000000000000000000e+00 0.000000000000000000e+00 0.000000000000000000e+00 0.000000000000000000e+00 0.000000000000000000e+00 0.000000000000000000e+00 0.000000000000000000e+00 0.000000000000000000e+00 0.000000000000000000e+00 0.000000000000000000e+00 0.000000000000000000e+00 0.000000000000000000e+00 0.000000000000000000e+00 0.000000000000000000e+00 0.000000000000000000e+00 0.000000000000000000e+00 0.000000000000000000e+00 0.000000000000000000e+00 0.000000000000000000e+00 0.000000000000000000e+00 0.000000000000000000e+00 0.000000000000000000e+00 0.000000000000000000e+00 0.000000000000000000e+00 0.000000000000000000e+00 0.000000000000000000e+00 0.000000000000000000e+00 0.000000000000000000e+00 0.000000000000000000e+00 0.000000000000000000e+00 0.000000000000000000e+00 0.000000000000000000e+00 0.000000000000000000e+00 0.000000000000000000e+00 0.000000000000000000e+00
7.910318264939404653e-02 -3.504066888423544412e+01 -3.293972176350242762e+02 2.306199737533863314e-01 -4.701982242948850654e+01 -1.887379236389710613e+01 -2.065604464205175361e+01 1.992955097146680643e+01 2.134592316657564481e+01 -3.107256798513411056e+01 -8.773050735179296566e+00 5.658343503842040434e+00 7.327515101435700950e-01 -2.350166467228100409e+00 1.360790367847163473e+01 -2.844052750121474560e+01 -4.877049469882359034e+01 -2.874960860598962853e+01 0.000000000000000000e+00 0.000000000000000000e+00 0.000000000000000000e+00 0.000000000000000000e+00 0.000000000000000000e+00 0.000000000000000000e+00 0.000000000000000000e+00 0.000000000000000000e+00 -8.301978844754481194e-11 -2.378952906447428300e-09 -1.323973032845768138e-08 -4.425000518075933974e-08 -1.165992007665899321e-07 -2.694315233170974415e-07 -5.778219199190429187e-07 -1.194508986136352553e-06 -2.366450620442344048e-06 -4.572382621675541813e-06 -8.741811619271271409e-06 -1.653848751780380934e-05 -3.084696853443360550e-05 -5.706258364749875616e-05 -1.061399715867982738e-04 -1.953553107371288472e-04 -3.576152283778593049e-04 -6.545789568610797977e-04 -1.202198394354364293e-03 -2.190871296093170432e-03 -3.981772225163998299e-03 -7.289237230658713110e-03 -1.330338323745872652e-02 -2.416554859906986166e-02 -4.376726978707299459e-02 -7.956358976401606276e-02 -1.426532539000495425e-01 -2.545192696430519375e-01 -4.566829992993067244e-01 -8.128781435436291947e-01 -1.400970959972912988e+00 -2.356978097943859485e+00 -3.920241158719242947e+00 -5.926426602111765973e+00 -4.162429521109203279e+00 0.000000000000000000e+00 0.000000000000000000e+00 0.000000000000000000e+00 0.000000000000000000e+00 0.000000000000000000e+00 0.000000000000000000e+00 0.000000000000000000e+00 0.000000000000000000e+00 0.000000000000000000e+00 0.000000000000000000e+00 0.000000000000000000e+00 0.000000000000000000e+00 0.000000000000000000e+00 0.000000000000000000e+00 0.000000000000000000e+00 0.000000000000000000e+00 0.000000000000000000e+00 0.000000000000000000e+00 0.000000000000000000e+00 0.000000000000000000e+00 0.000000000000000000e+00 0.000000000000000000e+00 0.000000000000000000e+00 0.000000000000000000e+00 0.000000000000000000e+00 0.000000000000000000e+00 0.000000000000000000e+00 0.000000000000000000e+00 0.000000000000000000e+00 0.000000000000000000e+00 0.000000000000000000e+00 0.000000000000000000e+00 0.000000000000000000e+00 0.000000000000000000e+00 0.000000000000000000e+00 0.000000000000000000e+00 0.000000000000000000e+00 0.000000000000000000e+00 0.000000000000000000e+00 0.000000000000000000e+00 0.000000000000000000e+00 0.000000000000000000e+00 0.000000000000000000e+00 0.000000000000000000e+00 0.000000000000000000e+00 0.000000000000000000e+00 0.000000000000000000e+00
-1.609825621677143914e+01 1.731439266948600198e+04 1.367171039287775930e+05 -4.701982242948850654e+01 1.951568988942645228e+04 6.408326927942202019e+03 5.626154966665874781e+03 -5.238621443190249920e+03 1.886967627540107969e+03 1.888317592253992916e+04 1.249051554708767526e+03 -1.427376742430643617e+03 -1.894076775806502440e+02 9.317646242548478767e+03 -6.723975175131469769e+03 1.405311247083210583e+04 2.409861234927569967e+04 7.830625661942895931e+03 0.000000000000000000e+00 0.000000000000000000e+00 0.000000000000000000e+00 0.000000000000000000e+00 0.000000000000000000e+00 0.000000000000000000e+00 0.000000000000000000e+00 0.000000000000000000e+00 2.582526873958793668e-05 6.875432571906438771e-04 3.442545308736419223e-03 1.004689243110693138e-02 2.268429555889729665e-02 4.435427122978398418e-02 7.972742411728510337e-02 1.363009202422797161e-01 2.223572392206367432e-01 3.520647602600221471e-01 5.486846424188254190e-01 8.411087555600448296e-01 1.268893055126118607e+00 1.896813876361411300e+00 2.826838271655595758e+00 4.172071703378718688e+00 6.115840909862387598e+00 8.940860442389878315e+00 1.304637302299464707e+01 1.891960029217010586e+01 2.733321091717634843e+01 3.959167301847117670e+01 5.716530302465378810e+01 8.218751436324328097e+01 1.177287232931705887e+02 1.680723494318461917e+02 2.367141622903774305e+02 3.316365783464909214e+02 4.659763108257182012e+02 6.464609134960827532e+02 8.630148738528115473e+02 1.116937687640570630e+03 1.414979840500816181e+03 1.606442804970745101e+03 9.057689335631139329e+02 0.000000000000000000e+00 0.000000000000000000e+00 0.000000000000000000e+00 0.000000000000000000e+00 0.000000000000000000e+00 0.000000000000000000e+00 0.000000000000000000e+00 0.000000000000000000e+00 0.000000000000000000e+00 0.000000000000000000e+00 0.000000000000000000e+00 0.000000000000000000e+00 0.000000000000000000e+00 0.000000000000000000e+00 0.000000000000000000e+00 0.000000000000000000e+00 0.000000000000000000e+00 0.000000000000000000e+00 0.000000000000000000e+00 0.000000000000000000e+00 0.000000000000000000e+00 0.000000000000000000e+00 0.000000000000000000e+00 0.000000000000000000e+00 0.000000000000000000e+00 0.000000000000000000e+00 0.000000000000000000e+00 0.000000000000000000e+00 0.000000000000000000e+00 0.000000000000000000e+00 0.000000000000000000e+00 0.000000000000000000e+00 0.000000000000000000e+00 0.000000000000000000e+00 0.000000000000000000e+00 0.000000000000000000e+00 0.000000000000000000e+00 0.000000000000000000e+00 0.000000000000000000e+00 0.000000000000000000e+00 0.000000000000000000e+00 0.000000000000000000e+00 0.000000000000000000e+00 0.000000000000000000e+00 0.000000000000000000e+00 0.000000000000000000e+00 0.000000000000000000e+00
-8.244507258749962375e+00 5.655210124805381383e+03 4.489351406899233552e+04 -1.887379236389710613e+01 6.408326927942202019e+03 2.546460256553788895e+03 1.879659374002178993e+03 -1.585181795992481739e+03 1.611127551219871279e+01 5.819624523717959164e+03 6.210458349752503864e+02 -5.661688855435829737e+02 -7.277591863183194221e+01 2.175646227375156286e+03 -2.196178244031492795e+03 4.590013952388762846e+03 7.871065370462665669e+03 2.616157751960319274e+03 0.000000000000000000e+00 0.000000000000000000e+00 0.000000000000000000e+00 0.000000000000000000e+00 0.000000000000000000e+00 0.000000000000000000e+00 0.000000000000000000e+00 0.000000000000000000e+00 -3.052735648979779934e-05 -7.860750790041001485e-04 -3.782299866548217981e-03 -1.055018798149650293e-02 -2.269819958991679473e-02 -4.219474015522890753e-02 -7.191336485211402563e-02 -1.160499944966632835e-01 -1.782357581332255358e-01 -2.647302521408335663e-01 -3.850519674990639518e-01 -5.478889439174685627e-01 -7.632909070647124761e-01 -1.046844470115019909e+00 -1.416702319904074692e+00 -1.882044188670294993e+00 -2.454318358607968431e+00 -3.140760527092431698e+00 -3.922968034845290219e+00 -4.744375920445663475e+00 -5.494798007887792934e+00 -5.959042457694669004e+00 -5.731599582319081065e+00 -4.143572388163657472e+00 -7.170928185110307662e-02 8.421333401048066492e+00 2.367850751772854068e+01 4.968434478562027579e+01 9.325193524338827444e+01 1.618693664045727019e+02 2.589404278625561915e+02 3.906138047240151536e+02 5.663080524880170969e+02 7.219694007825559083e+02 4.404163827872343404e+02 0.000000000000000000e+00 0.000000000000000000e+00 0.000000000000000000e+00 0.000000000000000000e+00 0.000000000000000000e+00 0.000000000000000000e+00 0.000000000000000000e+00 0.000000000000000000e+00 0.000000000000000000e+00 0.000000000000000000e+00 0.000000000000000000e+00 0.000000000000000000e+00 0.000000000000000000e+00 0.000000000000000000e+00 0.000000000000000000e+00 0.000000000000000000e+00 0.000000000000000000e+00 0.000000000000000000e+00 0.000000000000000000e+00 0.000000000000000000e+00 0.000000000000000000e+00 0.000000000000000000e+00 0.000000000000000000e+00 0.000000000000000000e+00 0.000000000000000000e+00 0.000000000000000000e+00 0.000000000000000000e+00 0.000000000000000000e+00 0.000000000000000000e+00 0.000000000000000000e+00 0.000000000000000000e+00 0.000000000000000000e+00 0.000000000000000000e+00 0.000000000000000000e+00 0.000000000000000000e+00 0.000000000000000000e+00 0.000000000000000000e+00 0.000000000000000000e+00 0.000000000000000000e+00 0.000000000000000000e+00 0.000000000000000000e+00 0.000000000000000000e+00 0.000000000000000000e+00 0.000000000000000000e+00 0.000000000000000000e+00 0.000000000000000000e+00 0.000000000000000000e+00
-5.201090683844266316e+00 4.331220874504642779e+03 3.941401086280903110e+04 -2.065604464205175361e+01 5.626154966665874781e+03 1.879659374002178993e+03 2.324348370341735972e+03 -2.212122044216358518e+03 -1.197953355635228036e+03 4.393764652326201031e+03 6.748595120337595290e+02 -5.133474800023408307e+02 -6.847787541867415939e+01 1.620029145535635280e+03 -1.682012311613178781e+03 3.515406820633023926e+03 6.028303437851787749e+03 3.235087213902203075e+03 0.000000000000000000e+00 0.000000000000000000e+00 0.000000000000000000e+00 0.000000000000000000e+00 0.000000000000000000e+00 0.000000000000000000e+00 0.000000000000000000e+00 0.000000000000000000e+00 1.452368152105334672e-05 3.626832007220210188e-04 1.699418438823766019e-03 4.649706175077998084e-03 9.894204937371722103e-03 1.834331378568090573e-02 3.140294252393412144e-02 5.131310274018235917e-02 8.039454527131414951e-02 1.227722978774387075e-01 1.848664915695104327e-01 2.748468891109849821e-01 4.036769557651397333e-01 5.886586316744023550e-01 8.582377976783780449e-01 1.241798925850065238e+00 1.789628945206755084e+00 2.576395498456229394e+00 3.710240298965557848e+00 5.318302155542229848e+00 7.612052375506680235e+00 1.093097600137043912e+01 1.566608223573043723e+01 2.239342780578882852e+01 3.192959170615021591e+01 4.547108592801481564e+01 6.408651892405895012e+01 8.996038416503658652e+01 1.266755134684907631e+02 1.768185871033684009e+02 2.393931605753709277e+02 3.162192216511032257e+02 4.107694112910733679e+02 4.862319959599930144e+02 2.850896098444454765e+02 0.000000000000000000e+00 0.000000000000000000e+00 0.000000000000000000e+00 0.000000000000000000e+00 0.000000000000000000e+00 0.000000000000000000e+00 0.000000000000000000e+00 0.000000000000000000e+00 0.000000000000000000e+00 0.000000000000000000e+00 0.000000000000000000e+00 0.000000000000000000e+00 0.000000000000000000e+00 0.000000000000000000e+00 0.000000000000000000e+00 0.000000000000000000e+00 0.000000000000000000e+00 0.000000000000000000e+00 0.000000000000000000e+00 0.000000000000000000e+00 0.000000000000000000e+00 0.000000000000000000e+00 0.000000000000000000e+00 0.000000000000000000e+00 0.000000000000000000e+00 0.000000000000000000e+00 0.000000000000000000e+00 0.000000000000000000e+00 0.000000000000000000e+00 0.000000000000000000e+00 0.000000000000000000e+00 0.000000000000000000e+00 0.000000000000000000e+00 0.000000000000000000e+00 0.000000000000000000e+00 0.000000000000000000e+00 0.000000000000000000e+00 0.000000000000000000e+00 0.000000000000000000e+00 0.000000000000000000e+00 0.000000000000000000e+00 0.000000000000000000e+00 0.000000000000000000e+00 0.000000000000000000e+00 0.000000000000000000e+00 0.000000000000000000e+00 0.000000000000000000e+00
6.663109975297661913e-01 -3.987874210231138022e+03 -3.669914598715796456e+04 1.992955097146680643e+01 -5.238621443190249920e+03 -1.585181795992481739e+03 -2.212122044216358518e+03 2.537079233454626319e+03 1.626366407519255290e+03 -4.053091566048009554e+03 -6.948581845831798773e+02 5.004431625441279721e+02 6.805032717051558677e+01 -1.565104954279687263e+03 1.548675007145786367e+03 -3.236731767939776546e+03 -5.550424812728188954e+03 -3.078887757166702158e+03 -0.000000000000000000e+00 -0.000000000000000000e+00 -0.000000000000000000e+00 -0.000000000000000000e+00 -0.000000000000000000e+00 -0.000000000000000000e+00 -0.000000000000000000e+00 -0.000000000000000000e+00 -2.227254905775009783e-05 -5.670544026601005705e-04 -2.754941256353661723e-03 -7.907960853607070781e-03 -1.769932694001064705e-02 -3.445158306190159586e-02 -6.166351350757678929e-02 -1.048033522769828280e-01 -1.691302958169106918e-01 -2.639268022970664984e-01 -4.029719237671463006e-01 -5.990664726109966587e-01 -8.694910967863025419e-01 -1.237370829661587734e+00 -1.732979586564747043e+00 -2.371858546000658041e+00 -3.201897123377772658e+00 -4.304843666902682386e+00 -6.070212199775834705e+00 -9.591844879806096458e+00 -1.332109212237313578e+01 -1.838762878021281821e+01 -2.519965425815689741e+01 -3.395920082378808047e+01 -4.509144988068529614e+01 -5.964392088350157195e+01 -7.728101799916741754e+01 -1.016403432396165982e+02 -1.394172494424558693e+02 -1.916948379590401998e+02 -2.240106776612140322e+02 -2.580106453923010577e+02 -3.730415843395667821e+02 -3.831059768558599785e+02 -2.100347584286949143e+02 -0.000000000000000000e+00 -0.000000000000000000e+00 -0.000000000000000000e+00 -0.000000000000000000e+00 -0.000000000000000000e+00 -0.000000000000000000e+00 -0.000000000000000000e+00 -0.000000000000000000e+00 -0.000000000000000000e+00 -0.000000000000000000e+00 -0.000000000000000000e+00 -0.000000000000000000e+00 -0.000000000000000000e+00 -0.000000000000000000e+00 -0.000000000000000000e+00 -0.000000000000000000e+00 -0.000000000000000000e+00 -0.000000000000000000e+00 -0.000000000000000000e+00 -0.000000000000000000e+00 -0.000000000000000000e+00 -0.000000000000000000e+00 -0.000000000000000000e+00 -0.000000000000000000e+00 -0.000000000000000000e+00 -0.000000000000000000e+00 -0.000000000000000000e+00 -0.000000000000000000e+00 -0.000000000000000000e+00 -0.000000000000000000e+00 -0.000000000000000000e+00 -0.000000000000000000e+00 -0.000000000000000000e+00 -0.000000000000000000e+00 -0.000000000000000000e+00 -0.000000000000000000e+00 -0.000000000000000000e+00 -0.000000000000000000e+00 -0.000000000000000000e+00 -0.000000000000000000e+00 -0.000000000000000000e+00 -0.000000000000000000e+00 -0.000000000000000000e+00 -0.000000000000000000e+00 -0.000000000000000000e+00 -0.000000000000000000e+00 -0.000000000000000000e+00
7.396719082959942959e+00 3.311744780297797206e+03 1.321914575945444813e+04 2.134592316657564481e+01 1.886967627540107969e+03 1.611127551219871279e+01 -1.197953355635228036e+03 1.626366407519255290e+03 6.404486274658981529e+03 5.129310984545319116e+03 -1.189476470963038764e+03 3.543545256881451451e+02 4.481827210318421351e+01 5.218205324575294071e+03 -1.286102846006129084e+03 2.687955781102063611e+03 4.609370665410871879e+03 -1.667341966943179841e+03 0.000000000000000000e+00 0.000000000000000000e+00 0.000000000000000000e+00 0.000000000000000000e+00 0.000000000000000000e+00 0.000000000000000000e+00 0.000000000000000000e+00 0.000000000000000000e+00 2.555865709041804185e-05 7.007689978641758882e-04 3.549466709020854000e-03 1.031271415755009684e-02 2.290069860564173873e-02 4.378113584529048224e-02 7.660271572448115740e-02 1.270540362996060157e-01 2.004319686132160772e-01 3.066389309687054809e-01 4.603238175601536697e-01 6.765473340058257845e-01 9.762767212772600622e-01 1.389644706125467977e+00 1.961283969424225893e+00 2.727168599203573240e+00 3.764467383852424298e+00 5.194926656381610108e+00 7.376860130511377456e+00 1.115738328935846546e+01 1.560749915144374711e+01 2.175200176859836176e+01 3.009945254489172584e+01 4.107667158602140489e+01 5.527815012493547897e+01 7.352399901578817776e+01 9.495368905591593034e+01 1.211277296556836660e+02 1.544408545793338305e+02 1.882481262502556660e+02 1.837538475250304373e+02 1.344116042622665361e+02 6.519681738215423650e+01 -1.879150414771293072e+02 -2.410297746098326002e+02 0.000000000000000000e+00 0.000000000000000000e+00 0.000000000000000000e+00 0.000000000000000000e+00 0.000000000000000000e+00 0.000000000000000000e+00 0.000000000000000000e+00 0.000000000000000000e+00 0.000000000000000000e+00 0.000000000000000000e+00 0.000000000000000000e+00 0.000000000000000000e+00 0.000000000000000000e+00 0.000000000000000000e+00 0.000000000000000000e+00 0.000000000000000000e+00 0.000000000000000000e+00 0.000000000000000000e+00 0.000000000000000000e+00 0.000000000000000000e+00 0.000000000000000000e+00 0.000000000000000000e+00 0.000000000000000000e+00 0.000000000000000000e+00 0.000000000000000000e+00 0.000000000000000000e+00 0.000000000000000000e+00 0.000000000000000000e+00 0.000000000000000000e+00 0.000000000000000000e+00 0.000000000000000000e+00 0.000000000000000000e+00 0.000000000000000000e+00 0.000000000000000000e+00 0.000000000000000000e+00 0.000000000000000000e+00 0.000000000000000000e+00 0.000000000000000000e+00 0.000000000000000000e+00 0.000000000000000000e+00 0.000000000000000000e+00 0.000000000000000000e+00 0.000000000000000000e+00 0.000000000000000000e+00 0.000000000000000000e+00 0.000000000000000000e+00 0.000000000000000000e+00
-9.013363841506688345e+00 1.774038052929993501e+04 1.322860293299707700e+05 -3.107256798513411056e+01 1.888317592253992916e+04 5.819624523717959164e+03 4.393764652326201031e+03 -4.053091566048009554e+03 5.129310984545319116e+03 2.018873316846183297e+04 5.105344273355658515e+02 -1.123384648538836473e+03 -1.506505606350248172e+02 1.146662663334956778e+04 -6.889405857510771057e+03 1.439886270414663704e+04 2.469151309347825372e+04 6.115353459492871480e+03 0.000000000000000000e+00 0.000000000000000000e+00 0.000000000000000000e+00 0.000000000000000000e+00 0.000000000000000000e+00 0.000000000000000000e+00 0.000000000000000000e+00 0.000000000000000000e+00 3.782690683048936216e-05 1.023408673633324426e-03 5.197428067122145112e-03 1.533699302364612341e-02 3.487018955032698125e-02 6.846475899492512895e-02 1.232469872295169910e-01 2.105147913573655050e-01 3.420119009315536474e-01 5.382422784116086545e-01 8.316562401671527827e-01 1.258715009374016480e+00 1.869561684668538115e+00 2.742226709554770547e+00 3.994085389807420672e+00 5.741540518917660485e+00 8.191543906280580600e+00 1.167096282963690435e+01 1.686702839039626056e+01 2.513159577173135162e+01 3.585166140427116233e+01 5.114224818934045658e+01 7.263350239094700100e+01 1.023374112512575635e+02 1.432191989917520800e+02 1.995951551434707767e+02 2.735808396026110358e+02 3.741322310681434828e+02 5.162778764301240244e+02 7.021707493796869812e+02 8.863974622332699482e+02 1.076717566814888187e+03 1.329428791199597526e+03 1.348317103923328204e+03 6.842157461634382116e+02 0.000000000000000000e+00 0.000000000000000000e+00 0.000000000000000000e+00 0.000000000000000000e+00 0.000000000000000000e+00 0.000000000000000000e+00 0.000000000000000000e+00 0.000000000000000000e+00 0.000000000000000000e+00 0.000000000000000000e+00 0.000000000000000000e+00 0.000000000000000000e+00 0.000000000000000000e+00 0.000000000000000000e+00 0.000000000000000000e+00 0.000000000000000000e+00 0.000000000000000000e+00 0.000000000000000000e+00 0.000000000000000000e+00 0.000000000000000000e+00 0.000000000000000000e+00 0.000000000000000000e+00 0.000000000000000000e+00 0.000000000000000000e+00 0.000000000000000000e+00 0.000000000000000000e+00 0.000000000000000000e+00 0.000000000000000000e+00 0.000000000000000000e+00 0.000000000000000000e+00 0.000000000000000000e+00 0.000000000000000000e+00 0.000000000000000000e+00 0.000000000000000000e+00 0.000000000000000000e+00 0.000000000000000000e+00 0.000000000000000000e+00 0.000000000000000000e+00 0.000000000000000000e+00 0.000000000000000000e+00 0.000000000000000000e+00 0.000000000000000000e+00 0.000000000000000000e+00 0.000000000000000000e+00 0.000000000000000000e+00 0.000000000000000000e+00 0.000000000000000000e+00
-4.450630080625903595e+00 8.122429181458533094e+02 8.750226724500309501e+03 -8.773050735179296566e+00 1.249051554708767526e+03 6.210458349752503864e+02 6.748595120337595290e+02 -6.948581845831798773e+02 -1.189476470963038764e+03 5.105344273355653968e+02 3.802893790311627527e+02 -2.100111482651813617e+02 -2.681332066448558749e+01 -4.346714307923270439e+02 -3.154312901436114771e+02 6.592516006903871357e+02 1.130500364147191704e+03 9.392866432666921810e+02 0.000000000000000000e+00 0.000000000000000000e+00 0.000000000000000000e+00 0.000000000000000000e+00 0.000000000000000000e+00 0.000000000000000000e+00 0.000000000000000000e+00 0.000000000000000000e+00 -9.548362915218566870e-06 -2.522073748272210254e-04 -1.242379492662363865e-03 -3.539558849615541056e-03 -7.749500762083641296e-03 -1.465559012095597052e-02 -2.539286731109950679e-02 -4.170026467261576941e-02 -6.501896124196608617e-02 -9.815679960201242893e-02 -1.448920020284993615e-01 -2.081613880104720149e-01 -2.920167992436927817e-01 -4.007117359606114926e-01 -5.391122166345694300e-01 -7.046814748697672881e-01 -9.038600986047718999e-01 -1.148461800412966527e+00 -1.565011593740546658e+00 -2.550719581448960493e+00 -3.413543770140093248e+00 -4.492267107544726024e+00 -5.806191682439781232e+00 -7.214372983583790422e+00 -8.530541802450194666e+00 -9.584313263445189079e+00 -9.547467087711407174e+00 -8.416044695519712349e+00 -6.257312280266869919e+00 -2.980333850066843038e-01 2.633940562895248050e+01 7.170802896695848005e+01 1.140370820877762270e+02 2.167524860849931940e+02 1.643836196427521656e+02 0.000000000000000000e+00 0.000000000000000000e+00 0.000000000000000000e+00 0.000000000000000000e+00 0.000000000000000000e+00 0.000000000000000000e+00 0.000000000000000000e+00 0.000000000000000000e+00 0.000000000000000000e+00 0.000000000000000000e+00 0.000000000000000000e+00 0.000000000000000000e+00 0.000000000000000000e+00 0.000000000000000000e+00 0.000000000000000000e+00 0.000000000000000000e+00 0.000000000000000000e+00 0.000000000000000000e+00 0.000000000000000000e+00 0.000000000000000000e+00 0.000000000000000000e+00 0.000000000000000000e+00 0.000000000000000000e+00 0.000000000000000000e+00 0.000000000000000000e+00 0.000000000000000000e+00 0.000000000000000000e+00 0.000000000000000000e+00 0.000000000000000000e+00 0.000000000000000000e+00 0.000000000000000000e+00 0.000000000000000000e+00 0.000000000000000000e+00 0.000000000000000000e+00 0.000000000000000000e+00 0.000000000000000000e+00 0.000000000000000000e+00 0.000000000000000000e+00 0.000000000000000000e+00 0.000000000000000000e+00 0.000000000000000000e+00 0.000000000000000000e+00 0.000000000000000000e+00 0.000000000000000000e+00 0.000000000000000000e+00 0.000000000000000000e+00 0.000000000000000000e+00
2.774234339302214192e+00 -1.170623046046551735e+03 -9.999483264290869556e+03 5.658343503842040434e+00 -1.427376742430643844e+03 -5.661688855435829737e+02 -5.133474800023408307e+02 5.004431625441279721e+02 3.543545256881451451e+02 -1.123384648538836700e+03 -2.100111482651813901e+02 1.526970765247776285e+02 1.973734416931925040e+01 -2.697899866629329608e+02 4.546067801110728510e+02 -9.501284648599008733e+02 -1.629302946531916405e+03 -7.144900867851933981e+02 0.000000000000000000e+00 0.000000000000000000e+00 0.000000000000000000e+00 0.000000000000000000e+00 0.000000000000000000e+00 0.000000000000000000e+00 0.000000000000000000e+00 0.000000000000000000e+00 3.824813255616718453e-06 9.939506609194809640e-05 4.814114805125949939e-04 1.348110067891898720e-03 2.900004989621182607e-03 5.389119133874233254e-03 9.166696327860128155e-03 1.475555580683395387e-02 2.249437400719881547e-02 3.313190787526454351e-02 4.747790238690518388e-02 6.568376174612602925e-02 8.795707487735041075e-02 1.134417567424746004e-01 1.399299461545187584e-01 1.609784706440327839e-01 1.714288672902235522e-01 1.641490302747041496e-01 1.833033727465597784e-01 4.022960258674271872e-01 4.456706159272728618e-01 4.208175851808522161e-01 2.711084159488316714e-01 -1.680231325997151581e-01 -1.124731201996521435e+00 -2.867544462874107136e+00 -5.943975130710900778e+00 -1.069113854784485440e+01 -1.762163725068967324e+01 -2.828622525083314798e+01 -5.033663842317101711e+01 -8.259651203911575124e+01 -1.142755522454873329e+02 -1.695605570503887805e+02 -1.146112173804245060e+02 0.000000000000000000e+00 0.000000000000000000e+00 0.000000000000000000e+00 0.000000000000000000e+00 0.000000000000000000e+00 0.000000000000000000e+00 0.000000000000000000e+00 0.000000000000000000e+00 0.000000000000000000e+00 0.000000000000000000e+00 0.000000000000000000e+00 0.000000000000000000e+00 0.000000000000000000e+00 0.000000000000000000e+00 0.000000000000000000e+00 0.000000000000000000e+00 0.000000000000000000e+00 0.000000000000000000e+00 0.000000000000000000e+00 0.000000000000000000e+00 0.000000000000000000e+00 0.000000000000000000e+00 0.000000000000000000e+00 0.000000000000000000e+00 0.000000000000000000e+00 0.000000000000000000e+00 0.000000000000000000e+00 0.000000000000000000e+00 0.000000000000000000e+00 0.000000000000000000e+00 0.000000000000000000e+00 0.000000000000000000e+00 0.000000000000000000e+00 0.000000000000000000e+00 0.000000000000000000e+00 0.000000000000000000e+00 0.000000000000000000e+00 0.000000000000000000e+00 0.000000000000000000e+00 0.000000000000000000e+00 0.000000000000000000e+00 0.000000000000000000e+00 0.000000000000000000e+00 0.000000000000000000e+00 0.000000000000000000e+00 0.000000000000000000e+00 0.000000000000000000e+00
3.242698255048304112e-01 -1.550003325367266029e+02 -1.326894887519817985e+03 7.327515101435700950e-01 -1.894076775806502440e+02 -7.277591863183194221e+01 -6.847787541867415939e+01 6.805032717051558677e+01 4.481827210318421351e+01 -1.506505606350248172e+02 -2.681332066448559104e+01 1.973734416931925040e+01 2.565223663841373902e+00 -4.059273321050776673e+01 6.019375949298091655e+01 -1.258049963250405625e+02 -2.157334074093333811e+02 -9.530924969288065540e+01 0.000000000000000000e+00 0.000000000000000000e+00 0.000000000000000000e+00 0.000000000000000000e+00 0.000000000000000000e+00 0.000000000000000000e+00 0.000000000000000000e+00 0.000000000000000000e+00 3.460987386877722610e-07 9.022487448524894255e-06 4.358629095958431264e-05 1.210894564002767759e-04 2.573545730067147252e-04 4.713532329079702927e-04 7.883676382408678126e-04 1.244852752189082572e-03 1.856706020192173089e-03 2.669412837862351461e-03 3.715130942691637073e-03 4.952522715688933465e-03 6.325834094819494068e-03 7.626408643816115322e-03 8.450934119596324387e-03 7.962944674297032718e-03 5.325712799329257972e-03 -6.876981077195256156e-04 -6.644617292242319985e-03 2.967517945551985479e-03 -9.193326763678301081e-03 -3.559161092210007260e-02 -8.476787085022967350e-02 -1.770524255006596659e-01 -3.412151379255827233e-01 -6.133753479014987242e-01 -1.055960330482337506e+00 -1.723911949174132374e+00 -2.705458118121007782e+00 -4.183431519562867074e+00 -6.897058125667441253e+00 -1.079194001688720128e+01 -1.493391357199885405e+01 -2.132905353962550521e+01 -1.416228773228319682e+01 0.000000000000000000e+00 0.000000000000000000e+00 0.000000000000000000e+00 0.000000000000000000e+00 0.000000000000000000e+00 0.000000000000000000e+00 0.000000000000000000e+00 0.000000000000000000e+00 0.000000000000000000e+00 0.000000000000000000e+00 0.000000000000000000e+00 0.000000000000000000e+00 0.000000000000000000e+00 0.000000000000000000e+00 0.000000000000000000e+00 0.000000000000000000e+00 0.000000000000000000e+00 0.000000000000000000e+00 0.000000000000000000e+00 0.000000000000000000e+00 0.000000000000000000e+00 0.000000000000000000e+00 0.000000000000000000e+00 0.000000000000000000e+00 0.000000000000000000e+00 0.000000000000000000e+00 0.000000000000000000e+00 0.000000000000000000e+00 0.000000000000000000e+00 0.000000000000000000e+00 0.000000000000000000e+00 0.000000000000000000e+00 0.000000000000000000e+00 0.000000000000000000e+00 0.000000000000000000e+00 0.000000000000000000e+00 0.000000000000000000e+00 0.000000000000000000e+00 0.000000000000000000e+00 0.000000000000000000e+00 0.000000000000000000e+00 0.000000000000000000e+00 0.000000000000000000e+00 0.000000000000000000e+00 0.000000000000000000e+00 0.000000000000000000e+00 0.000000000000000000e+00
7.675848705680440531e+00 9.268943125495945424e+03 6.527474134564258566e+04 -2.350166467228099521e+00 9.317646242548478767e+03 2.175646227375156286e+03 1.620029145535635280e+03 -1.565104954279687263e+03 5.218205324575294071e+03 1.146662663334956778e+04 -4.346714307923272145e+02 -2.697899866629329608e+02 -4.059273321050776673e+01 8.184375783576928370e+03 -3.599557008163335468e+03 7.523076478327750010e+03 1.290075092627789127e+04 2.254797792682300042e+03 0.000000000000000000e+00 0.000000000000000000e+00 0.000000000000000000e+00 0.000000000000000000e+00 0.000000000000000000e+00 0.000000000000000000e+00 0.000000000000000000e+00 0.000000000000000000e+00 5.996218736301779358e-05 1.584699357253123095e-03 7.867126358204181921e-03 2.272629657737935960e-02 5.065535865803805216e-02 9.767790896785061294e-02 1.727883485769016736e-01 2.900278312609064768e-01 4.626985487750602255e-01 7.149210012080536858e-01 1.082441579703425028e+00 1.600153417027093461e+00 2.315898764024573175e+00 3.296107125228512125e+00 4.633759926847435651e+00 6.391745141748955916e+00 8.724765564839231047e+00 1.188531956458245276e+01 1.681917312829334321e+01 2.599763160554841335e+01 3.623552651927646906e+01 5.025908309552241349e+01 6.921382654435720383e+01 9.386990572312126346e+01 1.254956585407983312e+02 1.664680254093990186e+02 2.153318803988069021e+02 2.788475742649657718e+02 3.689040900483729502e+02 4.792650049438802853e+02 5.180223094783918896e+02 5.070336058697198496e+02 5.832451675136306903e+02 3.032512284350018490e+02 6.124118193012691336e+00 0.000000000000000000e+00 0.000000000000000000e+00 0.000000000000000000e+00 0.000000000000000000e+00 0.000000000000000000e+00 0.000000000000000000e+00 0.000000000000000000e+00 0.000000000000000000e+00 0.000000000000000000e+00 0.000000000000000000e+00 0.000000000000000000e+00 0.000000000000000000e+00 0.000000000000000000e+00 0.000000000000000000e+00 0.000000000000000000e+00 0.000000000000000000e+00 0.000000000000000000e+00 0.000000000000000000e+00 0.000000000000000000e+00 0.000000000000000000e+00 0.000000000000000000e+00 0.000000000000000000e+00 0.000000000000000000e+00 0.000000000000000000e+00 0.000000000000000000e+00 0.000000000000000000e+00 0.000000000000000000e+00 0.000000000000000000e+00 0.000000000000000000e+00 0.000000000000000000e+00 0.000000000000000000e+00 0.000000000000000000e+00 0.000000000000000000e+00 0.000000000000000000e+00 0.000000000000000000e+00 0.000000000000000000e+00 0.000000000000000000e+00 0.000000000000000000e+00 0.000000000000000000e+00 0.000000000000000000e+00 0.000000000000000000e+00 0.000000000000000000e+00 0.000000000000000000e+00 0.000000000000000000e+00 0.000000000000000000e+00 0.000000000000000000e+00 0.000000000000000000e+00
