6.668674405565819363e+00 5.120360451711773564e+00 2.388107629900632745e+01 -1.060084838543582514e-02 5.117701924329898233e+00 3.685176118183119409e-01 3.388332770835983387e-01 4.797066118542841373e+00 6.827646470093044151e+00 8.239881755849079781e+00 5.452635931484768328e-01
5.120360451711773564e+00 2.274075437521971980e+04 1.401218093839684152e+05 -8.312121476351738636e+01 3.002802907818515450e+04 7.327230924747026620e+03 9.303576762469192545e+03 1.046259158102281617e+04 -4.321373147958703953e+02 3.659530004923291563e+04 1.497167497330841798e+04
2.388107629900632745e+01 1.401218093839684152e+05 9.074067301607213449e+05 -6.403921339676945763e+02 1.944567787041758420e+05 5.113641233553341590e+04 6.740455335575318895e+04 7.572069643240016012e+04 -2.278368558049880085e+04 2.254894263066063577e+05 1.084700100110238418e+05
-1.060084838543582514e-02 -8.312121476351738636e+01 -6.403921339676945763e+02 9.224631573692415598e-01 -1.372356930356844202e+02 -5.543711824524056908e+01 -6.336540653724944150e+01 -7.555422244451040115e+01 9.460728219844982334e+01 -1.337618684295848652e+02 -1.019700589835803441e+02
5.117701924329898233e+00 3.002802907818515450e+04 1.944567787041758420e+05 -1.372356930356844202e+02 4.167198404766870226e+04 1.095850591222201365e+04 1.444475986334367008e+04 1.622690489288447316e+04 -4.882531678168012149e+03 4.832226389115374332e+04 2.324506534023327549e+04
3.685176118183119409e-01 7.327230924747026620e+03 5.113641233553341590e+04 -5.543711824524056908e+01 1.095850591222201365e+04 4.224222322923550564e+03 4.368786814958988543e+03 4.741688080957123930e+03 -4.420233943095915492e+03 1.179126293687629914e+04 7.030420438416615980e+03
3.388332770835983387e-01 9.303576762469192545e+03 6.740455335575318895e+04 -6.336540653724944150e+01 1.444475986334367008e+04 4.368786814958988543e+03 6.113933391622328600e+03 6.857058922213833284e+03 -4.783879550936425403e+03 1.497167497330841798e+04 9.838777696453684257e+03
4.797066118542841373e+00 1.046259158102281617e+04 7.572069643240016012e+04 -7.555422244451040115e+01 1.622690489288447316e+04 4.741688080957123930e+03 6.857058922213833284e+03 8.546832438625398936e+03 -6.520807934884570386e+03 1.683680637337734515e+04 1.103464399523730935e+04
6.827646470093044151e+00 -4.321373147958703953e+02 -2.278368558049880085e+04 9.460728219844982334e+01 -4.882531678168012149e+03 -4.420233943095915492e+03 -4.783879550936425403e+03 -6.520807934884570386e+03 1.459045361349024097e+04 -6.954120534654379071e+02 -7.698403697490203740e+03
8.239881755849079781e+00 3.659530004923291563e+04 2.254894263066063577e+05 -1.337618684295848652e+02 4.832226389115374332e+04 1.179126293687629914e+04 1.497167497330841798e+04 1.683680637337734515e+04 -6.954120534654379071e+02 5.889056992553910823e+04 2.409299748142233148e+04
5.452635931484768328e-01 1.497167497330841798e+04 1.084700100110238418e+05 -1.019700589835803441e+02 2.324506534023327549e+04 7.030420438416615980e+03 9.838777696453684257e+03 1.103464399523730935e+04 -7.698403697490203740e+03 2.409299748142233148e+04 1.583294098245781788e+04
