# A b_HI Tb sigma_NL sigma8tot n_s f DA H omegak omegaDE w0 wa h gamma sigma_8 fs8 bs8 pk0 pk1 pk2 pk3 pk4 pk5 pk6 pk7 pk8 pk9 pk10 pk11 pk12 pk13 pk14 pk15 pk16 pk17 pk18 pk19 pk20 pk21 pk22 pk23 pk24 pk25 pk26 pk27 pk28 pk29 pk30 pk31 pk32 pk33 pk34 pk35 pk36 pk37 pk38 pk39 pk40 pk41 pk42 pk43 pk44 pk45 pk46 pk47 pk48 pk49 pk50 pk51 pk52 pk53 pk54 pk55 pk56 pk57 pk58 pk59 pk60 pk61 pk62 pk63 pk64 pk65 pk66 pk67 pk68 pk69 pk70 pk71 pk72 pk73 pk74 pk75 pk76 pk77 pk78 pk79 pk80 pk81 pk82 pk83 pk84 pk85 pk86 pk87 pk88 pk89
5.083264865310454378e-02 -1.011601871766838467e-01 -7.359975823693231112e-01 6.182664227191784741e-04 -1.298321946392060056e-01 -6.840666350967697373e-02 -4.472414714869218239e-02 -1.895706717173550535e-02 1.077821136820663189e-01 -1.158630823106520866e-02 -8.078921713572768948e-02 3.909768756671674200e-02 5.974333295690139982e-03 1.681469856069065238e-01 2.903445280432448081e-02 -8.853114539358024337e-02 -1.507225348701896617e-01 -6.663626290434496169e-02 0.000000000000000000e+00 0.000000000000000000e+00 0.000000000000000000e+00 0.000000000000000000e+00 0.000000000000000000e+00 0.000000000000000000e+00 0.000000000000000000e+00 0.000000000000000000e+00 0.000000000000000000e+00 0.000000000000000000e+00 0.000000000000000000e+00 0.000000000000000000e+00 0.000000000000000000e+00 0.000000000000000000e+00 0.000000000000000000e+00 0.000000000000000000e+00 0.000000000000000000e+00 0.000000000000000000e+00 0.000000000000000000e+00 0.000000000000000000e+00 0.000000000000000000e+00 0.000000000000000000e+00 0.000000000000000000e+00 0.000000000000000000e+00 0.000000000000000000e+00 0.000000000000000000e+00 0.000000000000000000e+00 0.000000000000000000e+00 -5.224625781368900457e-04 -2.496274871953748503e-03 -6.994930031923815052e-04 1.194194086367808202e-02 3.280200880844277855e-02 3.113708661893889451e-02 -3.960592325034602984e-02 -1.211038590583913832e-01 7.229721923879493459e-03 2.227108971701970141e-01 -4.877696126083055916e-02 -2.972144995302373194e-01 2.721736932905345352e-01 -8.784726312238004542e-02 -5.601636995499218591e-02 2.213830608645441997e-02 0.000000000000000000e+00 0.000000000000000000e+00 0.000000000000000000e+00 0.000000000000000000e+00 0.000000000000000000e+00 0.000000000000000000e+00 0.000000000000000000e+00 0.000000000000000000e+00 0.000000000000000000e+00 0.000000000000000000e+00 0.000000000000000000e+00 0.000000000000000000e+00 0.000000000000000000e+00 0.000000000000000000e+00 0.000000000000000000e+00 0.000000000000000000e+00 0.000000000000000000e+00 0.000000000000000000e+00 0.000000000000000000e+00 0.000000000000000000e+00 0.000000000000000000e+00 0.000000000000000000e+00 0.000000000000000000e+00 0.000000000000000000e+00 0.000000000000000000e+00 0.000000000000000000e+00 0.000000000000000000e+00 0.000000000000000000e+00 0.000000000000000000e+00 0.000000000000000000e+00 0.000000000000000000e+00 0.000000000000000000e+00 0.000000000000000000e+00 0.000000000000000000e+00 0.000000000000000000e+00 0.000000000000000000e+00 0.000000000000000000e+00 0.000000000000000000e+00 0.000000000000000000e+00 0.000000000000000000e+00 0.000000000000000000e+00 0.000000000000000000e+00 0.000000000000000000e+00 0.000000000000000000e+00 0.000000000000000000e+00 0.000000000000000000e+00
-1.011601871766838467e-01 2.591812867035408772e+02 1.878959868086811639e+03 -1.117694635924492363e+00 3.314541910958207040e+02 1.199401565047838147e+02 1.132305874451926968e+02 -7.528371780638519795e+01 -2.258808286200180504e+01 2.481783661821557132e+02 4.324032572300162514e+01 -3.260869680500171341e+01 -5.943209888446068234e+00 1.032049213051306111e+02 -7.438881882864400552e+01 2.268245721646416939e+02 3.861643756614058134e+02 1.687066981674556416e+02 0.000000000000000000e+00 0.000000000000000000e+00 0.000000000000000000e+00 0.000000000000000000e+00 0.000000000000000000e+00 0.000000000000000000e+00 0.000000000000000000e+00 0.000000000000000000e+00 0.000000000000000000e+00 0.000000000000000000e+00 0.000000000000000000e+00 0.000000000000000000e+00 0.000000000000000000e+00 0.000000000000000000e+00 0.000000000000000000e+00 0.000000000000000000e+00 0.000000000000000000e+00 0.000000000000000000e+00 0.000000000000000000e+00 0.000000000000000000e+00 0.000000000000000000e+00 0.000000000000000000e+00 0.000000000000000000e+00 0.000000000000000000e+00 0.000000000000000000e+00 0.000000000000000000e+00 0.000000000000000000e+00 0.000000000000000000e+00 1.650539873385875253e-02 1.043982716750208595e-01 2.687108677283914782e-01 5.483135583659147771e-01 1.003680845070506589e+00 1.738261780786299004e+00 2.852443945562323169e+00 4.522219447879641585e+00 7.013097427279777030e+00 1.054245638177523325e+01 1.500122786008122233e+01 2.003198918754569036e+01 2.484139380821361698e+01 2.572659543893100675e+01 2.180982536623034207e+01 2.219343938442077668e+00 0.000000000000000000e+00 0.000000000000000000e+00 0.000000000000000000e+00 0.000000000000000000e+00 0.000000000000000000e+00 0.000000000000000000e+00 0.000000000000000000e+00 0.000000000000000000e+00 0.000000000000000000e+00 0.000000000000000000e+00 0.000000000000000000e+00 0.000000000000000000e+00 0.000000000000000000e+00 0.000000000000000000e+00 0.000000000000000000e+00 0.000000000000000000e+00 0.000000000000000000e+00 0.000000000000000000e+00 0.000000000000000000e+00 0.000000000000000000e+00 0.000000000000000000e+00 0.000000000000000000e+00 0.000000000000000000e+00 0.000000000000000000e+00 0.000000000000000000e+00 0.000000000000000000e+00 0.000000000000000000e+00 0.000000000000000000e+00 0.000000000000000000e+00 0.000000000000000000e+00 0.000000000000000000e+00 0.000000000000000000e+00 0.000000000000000000e+00 0.000000000000000000e+00 0.000000000000000000e+00 0.000000000000000000e+00 0.000000000000000000e+00 0.000000000000000000e+00 0.000000000000000000e+00 0.000000000000000000e+00 0.000000000000000000e+00 0.000000000000000000e+00 0.000000000000000000e+00 0.000000000000000000e+00 0.000000000000000000e+00 0.000000000000000000e+00
-7.359975823693231112e-01 1.878959868086811639e+03 1.406462651983665637e+04 -9.275287147030889301e+00 2.481042562630136217e+03 8.998790755181103123e+02 9.101512191410200785e+02 -6.473318875697981412e+02 -3.929772826782237303e+02 1.746009116482477566e+03 3.898783144453679483e+02 -2.633877261616012220e+02 -4.806726146761953800e+01 6.384105030755246162e+02 -5.392889548128518982e+02 1.644386728741014622e+03 2.799536083724011405e+03 1.356070037954085137e+03 0.000000000000000000e+00 0.000000000000000000e+00 0.000000000000000000e+00 0.000000000000000000e+00 0.000000000000000000e+00 0.000000000000000000e+00 0.000000000000000000e+00 0.000000000000000000e+00 0.000000000000000000e+00 0.000000000000000000e+00 0.000000000000000000e+00 0.000000000000000000e+00 0.000000000000000000e+00 0.000000000000000000e+00 0.000000000000000000e+00 0.000000000000000000e+00 0.000000000000000000e+00 0.000000000000000000e+00 0.000000000000000000e+00 0.000000000000000000e+00 0.000000000000000000e+00 0.000000000000000000e+00 0.000000000000000000e+00 0.000000000000000000e+00 0.000000000000000000e+00 0.000000000000000000e+00 0.000000000000000000e+00 0.000000000000000000e+00 1.604772807434618476e-01 9.715997931082624994e-01 2.386765235678458552e+00 4.669868300950870577e+00 8.240283004149276280e+00 1.380987188736284743e+01 2.204645155167305859e+01 3.415388487782676918e+01 5.195267873408314330e+01 7.694229475555039244e+01 1.085325423073716280e+02 1.448371482723159147e+02 1.814225618509049980e+02 1.937676619057931475e+02 1.727670199634078756e+02 1.811377952571067240e+01 0.000000000000000000e+00 0.000000000000000000e+00 0.000000000000000000e+00 0.000000000000000000e+00 0.000000000000000000e+00 0.000000000000000000e+00 0.000000000000000000e+00 0.000000000000000000e+00 0.000000000000000000e+00 0.000000000000000000e+00 0.000000000000000000e+00 0.000000000000000000e+00 0.000000000000000000e+00 0.000000000000000000e+00 0.000000000000000000e+00 0.000000000000000000e+00 0.000000000000000000e+00 0.000000000000000000e+00 0.000000000000000000e+00 0.000000000000000000e+00 0.000000000000000000e+00 0.000000000000000000e+00 0.000000000000000000e+00 0.000000000000000000e+00 0.000000000000000000e+00 0.000000000000000000e+00 0.000000000000000000e+00 0.000000000000000000e+00 0.000000000000000000e+00 0.000000000000000000e+00 0.000000000000000000e+00 0.000000000000000000e+00 0.000000000000000000e+00 0.000000000000000000e+00 0.000000000000000000e+00 0.000000000000000000e+00 0.000000000000000000e+00 0.000000000000000000e+00 0.000000000000000000e+00 0.000000000000000000e+00 0.000000000000000000e+00 0.000000000000000000e+00 0.000000000000000000e+00 0.000000000000000000e+00 0.000000000000000000e+00 0.000000000000000000e+00
6.182664227191784741e-04 -1.117694635924492363e+00 -9.275287147030889301e+00 9.742292917316488013e-03 -1.636188643896328676e+00 -6.920114870677077645e-01 -7.246132884626022008e-01 5.982064150453781926e-01 9.814373819184261105e-01 -7.852937237942908544e-01 -5.207511000217239783e-01 2.635611802546158344e-01 4.676778111810464544e-02 1.846440821754558870e-01 3.207947025613649972e-01 -9.781593834522172015e-01 -1.665297123690786751e+00 -1.079629789997859524e+00 0.000000000000000000e+00 0.000000000000000000e+00 0.000000000000000000e+00 0.000000000000000000e+00 0.000000000000000000e+00 0.000000000000000000e+00 0.000000000000000000e+00 0.000000000000000000e+00 0.000000000000000000e+00 0.000000000000000000e+00 0.000000000000000000e+00 0.000000000000000000e+00 0.000000000000000000e+00 0.000000000000000000e+00 0.000000000000000000e+00 0.000000000000000000e+00 0.000000000000000000e+00 0.000000000000000000e+00 0.000000000000000000e+00 0.000000000000000000e+00 0.000000000000000000e+00 0.000000000000000000e+00 0.000000000000000000e+00 0.000000000000000000e+00 0.000000000000000000e+00 0.000000000000000000e+00 0.000000000000000000e+00 0.000000000000000000e+00 -1.125632177410133533e-05 -7.565790495359835588e-05 -2.124803099752986557e-04 -4.801314646695460197e-04 -9.885507923241046956e-04 -1.956948111609293443e-03 -3.716811796736957645e-03 -6.905089756295172861e-03 -1.273431514832324730e-02 -2.312781378236145047e-02 -4.057615073171569331e-02 -6.889357478104192467e-02 -1.137056803079606188e-01 -1.679634715340684592e-01 -2.142012505303217684e-01 -2.686027969759173517e-02 0.000000000000000000e+00 0.000000000000000000e+00 0.000000000000000000e+00 0.000000000000000000e+00 0.000000000000000000e+00 0.000000000000000000e+00 0.000000000000000000e+00 0.000000000000000000e+00 0.000000000000000000e+00 0.000000000000000000e+00 0.000000000000000000e+00 0.000000000000000000e+00 0.000000000000000000e+00 0.000000000000000000e+00 0.000000000000000000e+00 0.000000000000000000e+00 0.000000000000000000e+00 0.000000000000000000e+00 0.000000000000000000e+00 0.000000000000000000e+00 0.000000000000000000e+00 0.000000000000000000e+00 0.000000000000000000e+00 0.000000000000000000e+00 0.000000000000000000e+00 0.000000000000000000e+00 0.000000000000000000e+00 0.000000000000000000e+00 0.000000000000000000e+00 0.000000000000000000e+00 0.000000000000000000e+00 0.000000000000000000e+00 0.000000000000000000e+00 0.000000000000000000e+00 0.000000000000000000e+00 0.000000000000000000e+00 0.000000000000000000e+00 0.000000000000000000e+00 0.000000000000000000e+00 0.000000000000000000e+00 0.000000000000000000e+00 0.000000000000000000e+00 0.000000000000000000e+00 0.000000000000000000e+00 0.000000000000000000e+00 0.000000000000000000e+00
-1.298321946392060056e-01 3.314541910958207040e+02 2.481042562630136217e+03 -1.636188643896328676e+00 4.376633953913054711e+02 1.587413845957297269e+02 1.605534217303058995e+02 -1.141912984993381599e+02 -6.932237859969357885e+01 3.080012772911923093e+02 6.877571125128517338e+01 -4.646238975202400923e+01 -8.479209981298570398e+00 1.126175393514032379e+02 -9.513219910673781499e+01 2.900747814153813806e+02 4.938466136688302299e+02 2.392148470722863749e+02 0.000000000000000000e+00 0.000000000000000000e+00 0.000000000000000000e+00 0.000000000000000000e+00 0.000000000000000000e+00 0.000000000000000000e+00 0.000000000000000000e+00 0.000000000000000000e+00 0.000000000000000000e+00 0.000000000000000000e+00 0.000000000000000000e+00 0.000000000000000000e+00 0.000000000000000000e+00 0.000000000000000000e+00 0.000000000000000000e+00 0.000000000000000000e+00 0.000000000000000000e+00 0.000000000000000000e+00 0.000000000000000000e+00 0.000000000000000000e+00 0.000000000000000000e+00 0.000000000000000000e+00 0.000000000000000000e+00 0.000000000000000000e+00 0.000000000000000000e+00 0.000000000000000000e+00 0.000000000000000000e+00 0.000000000000000000e+00 2.830867661491934251e-02 1.713931356189491995e-01 4.210325904048946022e-01 8.237788611162455421e-01 1.453610789634356859e+00 2.436103076657773592e+00 3.889060585968501016e+00 6.024848362773449040e+00 9.164609312598141599e+00 1.357285299298307280e+01 1.914546799484956097e+01 2.554971004788268374e+01 3.200348741138992636e+01 3.418120031637937473e+01 3.047662370155588363e+01 3.195325372486921278e+00 0.000000000000000000e+00 0.000000000000000000e+00 0.000000000000000000e+00 0.000000000000000000e+00 0.000000000000000000e+00 0.000000000000000000e+00 0.000000000000000000e+00 0.000000000000000000e+00 0.000000000000000000e+00 0.000000000000000000e+00 0.000000000000000000e+00 0.000000000000000000e+00 0.000000000000000000e+00 0.000000000000000000e+00 0.000000000000000000e+00 0.000000000000000000e+00 0.000000000000000000e+00 0.000000000000000000e+00 0.000000000000000000e+00 0.000000000000000000e+00 0.000000000000000000e+00 0.000000000000000000e+00 0.000000000000000000e+00 0.000000000000000000e+00 0.000000000000000000e+00 0.000000000000000000e+00 0.000000000000000000e+00 0.000000000000000000e+00 0.000000000000000000e+00 0.000000000000000000e+00 0.000000000000000000e+00 0.000000000000000000e+00 0.000000000000000000e+00 0.000000000000000000e+00 0.000000000000000000e+00 0.000000000000000000e+00 0.000000000000000000e+00 0.000000000000000000e+00 0.000000000000000000e+00 0.000000000000000000e+00 0.000000000000000000e+00 0.000000000000000000e+00 0.000000000000000000e+00 0.000000000000000000e+00 0.000000000000000000e+00 0.000000000000000000e+00
-6.840666350967697373e-02 1.199401565047838147e+02 8.998790755181103123e+02 -6.920114870677077645e-01 1.587413845957297269e+02 6.409255722290453150e+01 5.851877254672613304e+01 -4.105383441952974977e+01 -4.025254026320492073e+01 1.032109613332525697e+02 3.228676871909701163e+01 -1.971425304521026689e+01 -3.511899161449822504e+00 2.128221806385401038e+01 -3.442457858741571641e+01 1.049665854760418853e+02 1.787035485566495367e+02 8.718941692278271205e+01 0.000000000000000000e+00 0.000000000000000000e+00 0.000000000000000000e+00 0.000000000000000000e+00 0.000000000000000000e+00 0.000000000000000000e+00 0.000000000000000000e+00 0.000000000000000000e+00 0.000000000000000000e+00 0.000000000000000000e+00 0.000000000000000000e+00 0.000000000000000000e+00 0.000000000000000000e+00 0.000000000000000000e+00 0.000000000000000000e+00 0.000000000000000000e+00 0.000000000000000000e+00 0.000000000000000000e+00 0.000000000000000000e+00 0.000000000000000000e+00 0.000000000000000000e+00 0.000000000000000000e+00 0.000000000000000000e+00 0.000000000000000000e+00 0.000000000000000000e+00 0.000000000000000000e+00 0.000000000000000000e+00 0.000000000000000000e+00 -5.300556050422631019e-03 -2.513513432217380147e-02 -4.131699265441127200e-02 -4.039078876952213043e-02 4.334219266449121388e-04 1.238419917798333214e-01 3.915093507527218075e-01 9.055185761776078923e-01 1.837352975571452607e+00 3.403077617151641920e+00 5.749518287656959714e+00 8.936940128924220517e+00 1.280277128042693136e+01 1.534471534178982388e+01 1.515559960519231097e+01 1.667547979226057464e+00 0.000000000000000000e+00 0.000000000000000000e+00 0.000000000000000000e+00 0.000000000000000000e+00 0.000000000000000000e+00 0.000000000000000000e+00 0.000000000000000000e+00 0.000000000000000000e+00 0.000000000000000000e+00 0.000000000000000000e+00 0.000000000000000000e+00 0.000000000000000000e+00 0.000000000000000000e+00 0.000000000000000000e+00 0.000000000000000000e+00 0.000000000000000000e+00 0.000000000000000000e+00 0.000000000000000000e+00 0.000000000000000000e+00 0.000000000000000000e+00 0.000000000000000000e+00 0.000000000000000000e+00 0.000000000000000000e+00 0.000000000000000000e+00 0.000000000000000000e+00 0.000000000000000000e+00 0.000000000000000000e+00 0.000000000000000000e+00 0.000000000000000000e+00 0.000000000000000000e+00 0.000000000000000000e+00 0.000000000000000000e+00 0.000000000000000000e+00 0.000000000000000000e+00 0.000000000000000000e+00 0.000000000000000000e+00 0.000000000000000000e+00 0.000000000000000000e+00 0.000000000000000000e+00 0.000000000000000000e+00 0.000000000000000000e+00 0.000000000000000000e+00 0.000000000000000000e+00 0.000000000000000000e+00 0.000000000000000000e+00 0.000000000000000000e+00
-4.472414714869218239e-02 1.132305874451926968e+02 9.101512191410200785e+02 -7.246132884626022008e-01 1.605534217303058995e+02 5.851877254672613304e+01 6.746206924086384049e+01 -5.335908905072101760e+01 -5.606995524067991710e+01 9.770398313811256230e+01 3.429046840424402376e+01 -1.968563477630985759e+01 -3.600496070264551207e+00 2.296017861474865995e+01 -3.249883416527655555e+01 9.909465254945044421e+01 1.687066981674556416e+02 1.005143858206982515e+02 0.000000000000000000e+00 0.000000000000000000e+00 0.000000000000000000e+00 0.000000000000000000e+00 0.000000000000000000e+00 0.000000000000000000e+00 0.000000000000000000e+00 0.000000000000000000e+00 0.000000000000000000e+00 0.000000000000000000e+00 0.000000000000000000e+00 0.000000000000000000e+00 0.000000000000000000e+00 0.000000000000000000e+00 0.000000000000000000e+00 0.000000000000000000e+00 0.000000000000000000e+00 0.000000000000000000e+00 0.000000000000000000e+00 0.000000000000000000e+00 0.000000000000000000e+00 0.000000000000000000e+00 0.000000000000000000e+00 0.000000000000000000e+00 0.000000000000000000e+00 0.000000000000000000e+00 0.000000000000000000e+00 0.000000000000000000e+00 1.543840635703922978e-02 8.889480125090958029e-02 2.058213904359518509e-01 3.795919244012829208e-01 6.327883597479784239e-01 1.002925658832731104e+00 1.521776946894922045e+00 2.251715298942230437e+00 3.287707767806015813e+00 4.709314139587009507e+00 6.509299575970329599e+00 8.673591771438205811e+00 1.112122698049203073e+01 1.270273734962699308e+01 1.248198089683189060e+01 1.377622867550432950e+00 0.000000000000000000e+00 0.000000000000000000e+00 0.000000000000000000e+00 0.000000000000000000e+00 0.000000000000000000e+00 0.000000000000000000e+00 0.000000000000000000e+00 0.000000000000000000e+00 0.000000000000000000e+00 0.000000000000000000e+00 0.000000000000000000e+00 0.000000000000000000e+00 0.000000000000000000e+00 0.000000000000000000e+00 0.000000000000000000e+00 0.000000000000000000e+00 0.000000000000000000e+00 0.000000000000000000e+00 0.000000000000000000e+00 0.000000000000000000e+00 0.000000000000000000e+00 0.000000000000000000e+00 0.000000000000000000e+00 0.000000000000000000e+00 0.000000000000000000e+00 0.000000000000000000e+00 0.000000000000000000e+00 0.000000000000000000e+00 0.000000000000000000e+00 0.000000000000000000e+00 0.000000000000000000e+00 0.000000000000000000e+00 0.000000000000000000e+00 0.000000000000000000e+00 0.000000000000000000e+00 0.000000000000000000e+00 0.000000000000000000e+00 0.000000000000000000e+00 0.000000000000000000e+00 0.000000000000000000e+00 0.000000000000000000e+00 0.000000000000000000e+00 0.000000000000000000e+00 0.000000000000000000e+00 0.000000000000000000e+00 0.000000000000000000e+00
-1.895706717173550535e-02 -7.528371780638519795e+01 -6.473318875697981412e+02 5.982064150453781926e-01 -1.141912984993381599e+02 -4.105383441952974977e+01 -5.335908905072101760e+01 4.867232298292501724e+01 6.392261411258816395e+01 -5.971928623795935209e+01 -3.121261967581822816e+01 1.600315488631518335e+01 2.950169723658333520e+00 -4.935348414621553381e+00 2.160752774968548096e+01 -6.588514664613572336e+01 -1.121681671309297599e+02 -7.950180189012667142e+01 -0.000000000000000000e+00 -0.000000000000000000e+00 -0.000000000000000000e+00 -0.000000000000000000e+00 -0.000000000000000000e+00 -0.000000000000000000e+00 -0.000000000000000000e+00 -0.000000000000000000e+00 -0.000000000000000000e+00 -0.000000000000000000e+00 -0.000000000000000000e+00 -0.000000000000000000e+00 -0.000000000000000000e+00 -0.000000000000000000e+00 -0.000000000000000000e+00 -0.000000000000000000e+00 -0.000000000000000000e+00 -0.000000000000000000e+00 -0.000000000000000000e+00 -0.000000000000000000e+00 -0.000000000000000000e+00 -0.000000000000000000e+00 -0.000000000000000000e+00 -0.000000000000000000e+00 -0.000000000000000000e+00 -0.000000000000000000e+00 -0.000000000000000000e+00 -0.000000000000000000e+00 -1.841073544710768520e-02 -9.840848710928985776e-02 -2.111010030080338606e-01 -3.635484068799888502e-01 -5.685300906164559853e-01 -8.496848548673739954e-01 -1.215442035053550640e+00 -1.719855646746728528e+00 -2.469453970090195849e+00 -3.523584668309492240e+00 -4.436257867082715300e+00 -5.467934700341650966e+00 -7.792266575697259334e+00 -8.653459313023118327e+00 -9.131660635914810697e+00 -1.106463551971340165e+00 -0.000000000000000000e+00 -0.000000000000000000e+00 -0.000000000000000000e+00 -0.000000000000000000e+00 -0.000000000000000000e+00 -0.000000000000000000e+00 -0.000000000000000000e+00 -0.000000000000000000e+00 -0.000000000000000000e+00 -0.000000000000000000e+00 -0.000000000000000000e+00 -0.000000000000000000e+00 -0.000000000000000000e+00 -0.000000000000000000e+00 -0.000000000000000000e+00 -0.000000000000000000e+00 -0.000000000000000000e+00 -0.000000000000000000e+00 -0.000000000000000000e+00 -0.000000000000000000e+00 -0.000000000000000000e+00 -0.000000000000000000e+00 -0.000000000000000000e+00 -0.000000000000000000e+00 -0.000000000000000000e+00 -0.000000000000000000e+00 -0.000000000000000000e+00 -0.000000000000000000e+00 -0.000000000000000000e+00 -0.000000000000000000e+00 -0.000000000000000000e+00 -0.000000000000000000e+00 -0.000000000000000000e+00 -0.000000000000000000e+00 -0.000000000000000000e+00 -0.000000000000000000e+00 -0.000000000000000000e+00 -0.000000000000000000e+00 -0.000000000000000000e+00 -0.000000000000000000e+00 -0.000000000000000000e+00 -0.000000000000000000e+00 -0.000000000000000000e+00 -0.000000000000000000e+00 -0.000000000000000000e+00 -0.000000000000000000e+00
1.077821136820663189e-01 -2.258808286200180504e+01 -3.929772826782237303e+02 9.814373819184261105e-01 -6.932237859969357885e+01 -4.025254026320492073e+01 -5.606995524067991710e+01 6.392261411258816395e+01 1.686872339291858509e+02 2.820778669566305652e+01 -6.487406302419469739e+01 2.510538045607956903e+01 4.410245602695491485e+00 9.967850410610118672e+01 6.483110046559136919e+00 -1.976814104273460870e+01 -3.365487156397335156e+01 -8.354082786712362463e+01 0.000000000000000000e+00 0.000000000000000000e+00 0.000000000000000000e+00 0.000000000000000000e+00 0.000000000000000000e+00 0.000000000000000000e+00 0.000000000000000000e+00 0.000000000000000000e+00 0.000000000000000000e+00 0.000000000000000000e+00 0.000000000000000000e+00 0.000000000000000000e+00 0.000000000000000000e+00 0.000000000000000000e+00 0.000000000000000000e+00 0.000000000000000000e+00 0.000000000000000000e+00 0.000000000000000000e+00 0.000000000000000000e+00 0.000000000000000000e+00 0.000000000000000000e+00 0.000000000000000000e+00 0.000000000000000000e+00 0.000000000000000000e+00 0.000000000000000000e+00 0.000000000000000000e+00 0.000000000000000000e+00 0.000000000000000000e+00 3.154013743586148600e-03 3.079717775714439429e-02 9.843303315684671928e-02 2.153172764243142800e-01 3.902803443815561768e-01 6.457392038294551551e-01 9.660682519007693925e-01 1.377660246232864205e+00 1.910695217990276973e+00 2.408579719676616993e+00 1.870350308762794844e+00 -1.159976369891507486e-01 -3.259780183418703903e+00 -1.175592012358101357e+01 -2.092265975108085030e+01 -2.775182252857546050e+00 0.000000000000000000e+00 0.000000000000000000e+00 0.000000000000000000e+00 0.000000000000000000e+00 0.000000000000000000e+00 0.000000000000000000e+00 0.000000000000000000e+00 0.000000000000000000e+00 0.000000000000000000e+00 0.000000000000000000e+00 0.000000000000000000e+00 0.000000000000000000e+00 0.000000000000000000e+00 0.000000000000000000e+00 0.000000000000000000e+00 0.000000000000000000e+00 0.000000000000000000e+00 0.000000000000000000e+00 0.000000000000000000e+00 0.000000000000000000e+00 0.000000000000000000e+00 0.000000000000000000e+00 0.000000000000000000e+00 0.000000000000000000e+00 0.000000000000000000e+00 0.000000000000000000e+00 0.000000000000000000e+00 0.000000000000000000e+00 0.000000000000000000e+00 0.000000000000000000e+00 0.000000000000000000e+00 0.000000000000000000e+00 0.000000000000000000e+00 0.000000000000000000e+00 0.000000000000000000e+00 0.000000000000000000e+00 0.000000000000000000e+00 0.000000000000000000e+00 0.000000000000000000e+00 0.000000000000000000e+00 0.000000000000000000e+00 0.000000000000000000e+00 0.000000000000000000e+00 0.000000000000000000e+00 0.000000000000000000e+00 0.000000000000000000e+00
-1.158630823106520866e-02 2.481783661821557132e+02 1.746009116482477566e+03 -7.852937237942908544e-01 3.080012772911923093e+02 1.032109613332525697e+02 9.770398313811256230e+01 -5.971928623795935209e+01 2.820778669566305652e+01 2.557704826144167498e+02 2.153542533193785502e+01 -2.380624866863005096e+01 -4.449431465062596125e+00 1.396561180698028011e+02 -7.123081976296488449e+01 2.171952784314122482e+02 3.697706923533480108e+02 1.455730007672899262e+02 0.000000000000000000e+00 0.000000000000000000e+00 0.000000000000000000e+00 0.000000000000000000e+00 0.000000000000000000e+00 0.000000000000000000e+00 0.000000000000000000e+00 0.000000000000000000e+00 0.000000000000000000e+00 0.000000000000000000e+00 0.000000000000000000e+00 0.000000000000000000e+00 0.000000000000000000e+00 0.000000000000000000e+00 0.000000000000000000e+00 0.000000000000000000e+00 0.000000000000000000e+00 0.000000000000000000e+00 0.000000000000000000e+00 0.000000000000000000e+00 0.000000000000000000e+00 0.000000000000000000e+00 0.000000000000000000e+00 0.000000000000000000e+00 0.000000000000000000e+00 0.000000000000000000e+00 0.000000000000000000e+00 0.000000000000000000e+00 2.745025592947466023e-02 1.671955572796417488e-01 4.120089355968770684e-01 8.029709281369969975e-01 1.402247899025289124e+00 2.321271108527454885e+00 3.638498126096243901e+00 5.546613483667623967e+00 8.348073258552568987e+00 1.217530143607402238e+01 1.610671537230227202e+01 1.981077477932232611e+01 2.359471861712659546e+01 2.037589961637737090e+01 1.266408092316146572e+01 1.065075328922957087e+00 0.000000000000000000e+00 0.000000000000000000e+00 0.000000000000000000e+00 0.000000000000000000e+00 0.000000000000000000e+00 0.000000000000000000e+00 0.000000000000000000e+00 0.000000000000000000e+00 0.000000000000000000e+00 0.000000000000000000e+00 0.000000000000000000e+00 0.000000000000000000e+00 0.000000000000000000e+00 0.000000000000000000e+00 0.000000000000000000e+00 0.000000000000000000e+00 0.000000000000000000e+00 0.000000000000000000e+00 0.000000000000000000e+00 0.000000000000000000e+00 0.000000000000000000e+00 0.000000000000000000e+00 0.000000000000000000e+00 0.000000000000000000e+00 0.000000000000000000e+00 0.000000000000000000e+00 0.000000000000000000e+00 0.000000000000000000e+00 0.000000000000000000e+00 0.000000000000000000e+00 0.000000000000000000e+00 0.000000000000000000e+00 0.000000000000000000e+00 0.000000000000000000e+00 0.000000000000000000e+00 0.000000000000000000e+00 0.000000000000000000e+00 0.000000000000000000e+00 0.000000000000000000e+00 0.000000000000000000e+00 0.000000000000000000e+00 0.000000000000000000e+00 0.000000000000000000e+00 0.000000000000000000e+00 0.000000000000000000e+00 0.000000000000000000e+00
-8.078921713572768948e-02 4.324032572300162514e+01 3.898783144453679483e+02 -5.207511000217239783e-01 6.877571125128517338e+01 3.228676871909701163e+01 3.429046840424402376e+01 -3.121261967581822816e+01 -6.487406302419469739e+01 2.153542533193785857e+01 3.040586426558428457e+01 -1.397885506497320129e+01 -2.456816292955355863e+00 -2.675491154040823005e+01 -1.241060570850224742e+01 3.784211625431983350e+01 6.442545910082721150e+01 5.109071527069144025e+01 0.000000000000000000e+00 0.000000000000000000e+00 0.000000000000000000e+00 0.000000000000000000e+00 0.000000000000000000e+00 0.000000000000000000e+00 0.000000000000000000e+00 0.000000000000000000e+00 0.000000000000000000e+00 0.000000000000000000e+00 0.000000000000000000e+00 0.000000000000000000e+00 0.000000000000000000e+00 0.000000000000000000e+00 0.000000000000000000e+00 0.000000000000000000e+00 0.000000000000000000e+00 0.000000000000000000e+00 0.000000000000000000e+00 0.000000000000000000e+00 0.000000000000000000e+00 0.000000000000000000e+00 0.000000000000000000e+00 0.000000000000000000e+00 0.000000000000000000e+00 0.000000000000000000e+00 0.000000000000000000e+00 0.000000000000000000e+00 -4.027478953630871453e-03 -2.464995680445283485e-02 -5.852833425719793786e-02 -1.038518501187629672e-01 -1.557213700460090278e-01 -2.098764741405832190e-01 -2.393007538299218306e-01 -2.357286804839536509e-01 -1.904259254448758543e-01 4.846837396780053907e-04 9.447782492547396327e-01 2.674194895889197454e+00 4.478583239233671520e+00 8.481069639311206387e+00 1.186787132519900823e+01 1.459593969454649365e+00 0.000000000000000000e+00 0.000000000000000000e+00 0.000000000000000000e+00 0.000000000000000000e+00 0.000000000000000000e+00 0.000000000000000000e+00 0.000000000000000000e+00 0.000000000000000000e+00 0.000000000000000000e+00 0.000000000000000000e+00 0.000000000000000000e+00 0.000000000000000000e+00 0.000000000000000000e+00 0.000000000000000000e+00 0.000000000000000000e+00 0.000000000000000000e+00 0.000000000000000000e+00 0.000000000000000000e+00 0.000000000000000000e+00 0.000000000000000000e+00 0.000000000000000000e+00 0.000000000000000000e+00 0.000000000000000000e+00 0.000000000000000000e+00 0.000000000000000000e+00 0.000000000000000000e+00 0.000000000000000000e+00 0.000000000000000000e+00 0.000000000000000000e+00 0.000000000000000000e+00 0.000000000000000000e+00 0.000000000000000000e+00 0.000000000000000000e+00 0.000000000000000000e+00 0.000000000000000000e+00 0.000000000000000000e+00 0.000000000000000000e+00 0.000000000000000000e+00 0.000000000000000000e+00 0.000000000000000000e+00 0.000000000000000000e+00 0.000000000000000000e+00 0.000000000000000000e+00 0.000000000000000000e+00 0.000000000000000000e+00 0.000000000000000000e+00
3.909768756671674200e-02 -3.260869680500171341e+01 -2.633877261616012220e+02 2.635611802546158344e-01 -4.646238975202400212e+01 -1.971425304521026689e+01 -1.968563477630985759e+01 1.600315488631518335e+01 2.510538045607956903e+01 -2.380624866863005096e+01 -1.397885506497320307e+01 7.255880147836757388e+00 1.285925870045510289e+00 3.498908309726024068e+00 9.359172761728226320e+00 -2.853776133190244479e+01 -4.858497773120102181e+01 -2.933040019817254773e+01 0.000000000000000000e+00 0.000000000000000000e+00 0.000000000000000000e+00 0.000000000000000000e+00 0.000000000000000000e+00 0.000000000000000000e+00 0.000000000000000000e+00 0.000000000000000000e+00 0.000000000000000000e+00 0.000000000000000000e+00 0.000000000000000000e+00 0.000000000000000000e+00 0.000000000000000000e+00 0.000000000000000000e+00 0.000000000000000000e+00 0.000000000000000000e+00 0.000000000000000000e+00 0.000000000000000000e+00 0.000000000000000000e+00 0.000000000000000000e+00 0.000000000000000000e+00 0.000000000000000000e+00 0.000000000000000000e+00 0.000000000000000000e+00 0.000000000000000000e+00 0.000000000000000000e+00 0.000000000000000000e+00 0.000000000000000000e+00 9.629265925992249158e-04 5.254655074753075694e-03 1.040041724083942513e-02 1.321724493987191940e-02 7.990000029163338985e-03 -1.339587957627831616e-02 -6.817636109789146359e-02 -1.701602435884528031e-01 -3.380081110731252836e-01 -6.256178304114534683e-01 -1.275859935916235699e+00 -2.269127039518725741e+00 -3.239674592762646910e+00 -4.841342441795236873e+00 -5.882571573160046974e+00 -6.920812482984509684e-01 0.000000000000000000e+00 0.000000000000000000e+00 0.000000000000000000e+00 0.000000000000000000e+00 0.000000000000000000e+00 0.000000000000000000e+00 0.000000000000000000e+00 0.000000000000000000e+00 0.000000000000000000e+00 0.000000000000000000e+00 0.000000000000000000e+00 0.000000000000000000e+00 0.000000000000000000e+00 0.000000000000000000e+00 0.000000000000000000e+00 0.000000000000000000e+00 0.000000000000000000e+00 0.000000000000000000e+00 0.000000000000000000e+00 0.000000000000000000e+00 0.000000000000000000e+00 0.000000000000000000e+00 0.000000000000000000e+00 0.000000000000000000e+00 0.000000000000000000e+00 0.000000000000000000e+00 0.000000000000000000e+00 0.000000000000000000e+00 0.000000000000000000e+00 0.000000000000000000e+00 0.000000000000000000e+00 0.000000000000000000e+00 0.000000000000000000e+00 0.000000000000000000e+00 0.000000000000000000e+00 0.000000000000000000e+00 0.000000000000000000e+00 0.000000000000000000e+00 0.000000000000000000e+00 0.000000000000000000e+00 0.000000000000000000e+00 0.000000000000000000e+00 0.000000000000000000e+00 0.000000000000000000e+00 0.000000000000000000e+00 0.000000000000000000e+00
5.974333295690139982e-03 -5.943209888446068234e+00 -4.806726146761953800e+01 4.676778111810464544e-02 -8.479209981298572174e+00 -3.511899161449822504e+00 -3.600496070264551207e+00 2.950169723658333520e+00 4.410245602695491485e+00 -4.449431465062596125e+00 -2.456816292955355863e+00 1.285925870045510067e+00 2.290344133514254643e-01 3.720126282072648283e-01 1.705788134920081633e+00 -5.201247579935832199e+00 -8.855021769459847647e+00 -5.364520466461824455e+00 0.000000000000000000e+00 0.000000000000000000e+00 0.000000000000000000e+00 0.000000000000000000e+00 0.000000000000000000e+00 0.000000000000000000e+00 0.000000000000000000e+00 0.000000000000000000e+00 0.000000000000000000e+00 0.000000000000000000e+00 0.000000000000000000e+00 0.000000000000000000e+00 0.000000000000000000e+00 0.000000000000000000e+00 0.000000000000000000e+00 0.000000000000000000e+00 0.000000000000000000e+00 0.000000000000000000e+00 0.000000000000000000e+00 0.000000000000000000e+00 0.000000000000000000e+00 0.000000000000000000e+00 0.000000000000000000e+00 0.000000000000000000e+00 0.000000000000000000e+00 0.000000000000000000e+00 0.000000000000000000e+00 0.000000000000000000e+00 -2.334006115037010707e-05 -1.278137347383254152e-04 -4.623429310528225393e-04 -1.621124809294007506e-03 -4.660614922151182227e-03 -1.114726608256016299e-02 -2.392037814564339226e-02 -4.575920194230339438e-02 -8.072818738207974965e-02 -1.378601129294263761e-01 -2.506759092374605813e-01 -4.178701816096526134e-01 -5.919282676563499823e-01 -8.461820391309978762e-01 -1.005355788431577357e+00 -1.181236417332203470e-01 0.000000000000000000e+00 0.000000000000000000e+00 0.000000000000000000e+00 0.000000000000000000e+00 0.000000000000000000e+00 0.000000000000000000e+00 0.000000000000000000e+00 0.000000000000000000e+00 0.000000000000000000e+00 0.000000000000000000e+00 0.000000000000000000e+00 0.000000000000000000e+00 0.000000000000000000e+00 0.000000000000000000e+00 0.000000000000000000e+00 0.000000000000000000e+00 0.000000000000000000e+00 0.000000000000000000e+00 0.000000000000000000e+00 0.000000000000000000e+00 0.000000000000000000e+00 0.000000000000000000e+00 0.000000000000000000e+00 0.000000000000000000e+00 0.000000000000000000e+00 0.000000000000000000e+00 0.000000000000000000e+00 0.000000000000000000e+00 0.000000000000000000e+00 0.000000000000000000e+00 0.000000000000000000e+00 0.000000000000000000e+00 0.000000000000000000e+00 0.000000000000000000e+00 0.000000000000000000e+00 0.000000000000000000e+00 0.000000000000000000e+00 0.000000000000000000e+00 0.000000000000000000e+00 0.000000000000000000e+00 0.000000000000000000e+00 0.000000000000000000e+00 0.000000000000000000e+00 0.000000000000000000e+00 0.000000000000000000e+00 0.000000000000000000e+00
1.681469856069065238e-01 1.032049213051305969e+02 6.384105030755246162e+02 1.846440821754558037e-01 1.126175393514032379e+02 2.128221806385401038e+01 2.296017861474865640e+01 -4.935348414621556046e+00 9.967850410610118672e+01 1.396561180698028295e+02 -2.675491154040823716e+01 3.498908309726019183e+00 3.720126282072646617e-01 1.335016516963096080e+02 -2.962132139568136679e+01 9.032061078969076107e+01 1.537690645334534736e+02 3.420927163611324318e+01 0.000000000000000000e+00 0.000000000000000000e+00 0.000000000000000000e+00 0.000000000000000000e+00 0.000000000000000000e+00 0.000000000000000000e+00 0.000000000000000000e+00 0.000000000000000000e+00 0.000000000000000000e+00 0.000000000000000000e+00 0.000000000000000000e+00 0.000000000000000000e+00 0.000000000000000000e+00 0.000000000000000000e+00 0.000000000000000000e+00 0.000000000000000000e+00 0.000000000000000000e+00 0.000000000000000000e+00 0.000000000000000000e+00 0.000000000000000000e+00 0.000000000000000000e+00 0.000000000000000000e+00 0.000000000000000000e+00 0.000000000000000000e+00 0.000000000000000000e+00 0.000000000000000000e+00 0.000000000000000000e+00 0.000000000000000000e+00 3.611095299346859383e-02 2.104816998304547826e-01 4.920672210136214364e-01 9.047958534264652908e-01 1.482053454257740155e+00 2.293216549136839255e+00 3.333433031267174940e+00 4.730189108731711833e+00 6.707376786705077976e+00 9.172477645662379331e+00 1.009240400812008964e+01 9.405950365791511558e+00 9.527405846684256829e+00 3.874609448207770868e-01 -1.026163604863666379e+01 -1.544096707993958262e+00 0.000000000000000000e+00 0.000000000000000000e+00 0.000000000000000000e+00 0.000000000000000000e+00 0.000000000000000000e+00 0.000000000000000000e+00 0.000000000000000000e+00 0.000000000000000000e+00 0.000000000000000000e+00 0.000000000000000000e+00 0.000000000000000000e+00 0.000000000000000000e+00 0.000000000000000000e+00 0.000000000000000000e+00 0.000000000000000000e+00 0.000000000000000000e+00 0.000000000000000000e+00 0.000000000000000000e+00 0.000000000000000000e+00 0.000000000000000000e+00 0.000000000000000000e+00 0.000000000000000000e+00 0.000000000000000000e+00 0.000000000000000000e+00 0.000000000000000000e+00 0.000000000000000000e+00 0.000000000000000000e+00 0.000000000000000000e+00 0.000000000000000000e+00 0.000000000000000000e+00 0.000000000000000000e+00 0.000000000000000000e+00 0.000000000000000000e+00 0.000000000000000000e+00 0.000000000000000000e+00 0.000000000000000000e+00 0.000000000000000000e+00 0.000000000000000000e+00 0.000000000000000000e+00 0.000000000000000000e+00 0.000000000000000000e+00 0.000000000000000000e+00 0.000000000000000000e+00 0.000000000000000000e+00 0.000000000000000000e+00 0.000000000000000000e+00
