4.242676971856976564e+00 7.997470468698142376e+00 4.081922465989536875e+01 -2.639185297162728074e-03 1.306754489595038216e+01 3.485055325929532266e+00 4.224045342782259738e+00 2.673167176061787220e+00 6.982064142268781026e+00 1.592071838578307741e+01 8.408888362192604049e+00
7.997470468698142376e+00 7.474283468792616986e+03 3.895135180242798378e+04 -2.548315763187357774e+01 1.246957879962558218e+04 7.950421434733299293e+02 4.191489164865422936e+03 6.602838895142426736e+03 -1.862681000590598615e+02 1.487919995552440560e+04 8.344078152219337426e+03
4.081922465989536875e+01 3.895135180242798378e+04 2.122314141652518883e+05 -1.608488551114094776e+02 6.794209238521521911e+04 6.412143541256030403e+03 2.465067482811853552e+04 3.812283974413542455e+04 -6.616901999300259376e+03 7.754120571238166303e+04 4.907257282087500789e+04
-2.639185297162728074e-03 -2.548315763187357774e+01 -1.608488551114094776e+02 2.996654830798635150e-01 -5.149288486353008665e+01 -1.644853474735670673e+01 -2.281053420963036515e+01 -3.656006587146048759e+01 3.690154435490263296e+01 -5.072981236073525224e+01 -4.540936947528518175e+01
1.306754489595038216e+01 1.246957879962558218e+04 6.794209238521521911e+04 -5.149288486353008665e+01 2.175044602061982005e+04 2.052733100708928305e+03 7.891472773327743198e+03 1.220434547859164923e+04 -2.118282859814161839e+03 2.482343051283395107e+04 1.570970673351887490e+04
3.485055325929532266e+00 7.950421434733299293e+02 6.412143541256030403e+03 -1.644853474735670673e+01 2.052733100708928305e+03 1.335585692341072900e+03 1.135085455916136198e+03 1.681825009266423876e+03 -2.568727901260302588e+03 1.582705696833750153e+03 2.259636463575553989e+03
4.224045342782259738e+00 4.191489164865422936e+03 2.465067482811853552e+04 -2.281053420963036515e+01 7.891472773327743198e+03 1.135085455916136198e+03 3.203310408299538722e+03 4.830698357242172278e+03 -1.819647228077952605e+03 8.344078152219337426e+03 6.376891682488023434e+03
2.673167176061787220e+00 6.602838895142426736e+03 3.812283974413542455e+04 -3.656006587146048759e+01 1.220434547859164923e+04 1.681825009266423876e+03 4.830698357242172278e+03 7.666068674258128340e+03 -3.070938535606081132e+03 1.314439847045409806e+04 9.616564194057844361e+03
6.982064142268781026e+00 -1.862681000590598615e+02 -6.616901999300259376e+03 3.690154435490263296e+01 -2.118282859814161839e+03 -2.568727901260302588e+03 -1.819647228077952605e+03 -3.070938535606081132e+03 6.644625503379586007e+03 -3.708074918065802308e+02 -3.622406758873063609e+03
1.592071838578307741e+01 1.487919995552440560e+04 7.754120571238166303e+04 -5.072981236073525224e+01 2.482343051283395107e+04 1.582705696833750153e+03 8.344078152219337426e+03 1.314439847045409806e+04 -3.708074918065802308e+02 2.962030972478496915e+04 1.661071697237215267e+04
8.408888362192604049e+00 8.344078152219337426e+03 4.907257282087500789e+04 -4.540936947528518175e+01 1.570970673351887490e+04 2.259636463575553989e+03 6.376891682488023434e+03 9.616564194057844361e+03 -3.622406758873063609e+03 1.661071697237215267e+04 1.269460100551779033e+04
