4.844237179863887022e+00 1.394637945129460554e+01 6.126598843931282801e+01 5.079832372790970239e-03 1.743856330304981839e+01 1.467393993161793642e+00 3.065360768225493526e+00 4.446924879031327826e+00 1.160823626832828737e+01 2.586715533437403991e+01 5.685501633201626603e+00
1.394637945129460554e+01 9.787066445574495447e+03 5.360972795774983388e+04 -3.411562131473954906e+01 1.525930876927815007e+04 1.641925282133035353e+03 5.108826814416547677e+03 7.409609138004647320e+03 -2.707619096868638167e+02 1.815263731347960129e+04 9.475636113762917375e+03
6.126598843931282801e+01 5.360972795774983388e+04 3.079644025483902078e+05 -2.294280466444555771e+02 8.765804430374511867e+04 1.195037092613006826e+04 3.197153953299763089e+04 4.565394756358817540e+04 -9.449955679692751801e+03 9.943305826143459126e+04 5.929946064262301661e+04
5.079832372790970239e-03 -3.411562131473954906e+01 -2.294280466444555771e+02 4.036003087600479322e-01 -6.530369650148553262e+01 -2.235304644966689835e+01 -2.966517407996621358e+01 -4.431128644954658569e+01 4.786663245588161431e+01 -6.327621293819973403e+01 -5.502171145045832645e+01
1.743856330304981839e+01 1.525930876927815007e+04 8.765804430374511867e+04 -6.530369650148553262e+01 2.495071725034834526e+04 3.401516978652417492e+03 9.100281089799267647e+03 1.299479980495813106e+04 -2.689806441212876052e+03 2.830232115858957695e+04 1.687881685410854698e+04
1.467393993161793642e+00 1.641925282133035353e+03 1.195037092613006826e+04 -2.235304644966689835e+01 3.401516978652417492e+03 1.637396969168094301e+03 1.680830155388545336e+03 2.327121002651520030e+03 -2.952369728606217905e+03 3.045373637559289364e+03 3.117532752638507645e+03
3.065360768225493526e+00 5.108826814416547677e+03 3.197153953299763089e+04 -2.966517407996621358e+01 9.100281089799267647e+03 1.680830155388545336e+03 3.777755160926670214e+03 5.279560974413405347e+03 -2.361044233928316316e+03 9.475636113762917375e+03 7.006820652212527420e+03
4.446924879031327826e+00 7.409609138004647320e+03 4.565394756358817540e+04 -4.431128644954658569e+01 1.299479980495813106e+04 2.327121002651520030e+03 5.279560974413405347e+03 7.842377338995905120e+03 -3.798821475351625850e+03 1.374302995333830950e+04 9.792306619749519086e+03
1.160823626832828737e+01 -2.707619096868638167e+02 -9.449955679692751801e+03 4.786663245588161431e+01 -2.689806441212876052e+03 -2.952369728606217905e+03 -2.361044233928316316e+03 -3.798821475351625850e+03 8.211517546337474414e+03 -5.021977496712750053e+02 -4.379165084647303047e+03
2.586715533437403991e+01 1.815263731347960129e+04 9.943305826143459126e+04 -6.327621293819973403e+01 2.830232115858957695e+04 3.045373637559289364e+03 9.475636113762917375e+03 1.374302995333830950e+04 -5.021977496712750053e+02 3.366874469149364450e+04 1.757500949280117493e+04
5.685501633201626603e+00 9.475636113762917375e+03 5.929946064262301661e+04 -5.502171145045832645e+01 1.687881685410854698e+04 3.117532752638507645e+03 7.006820652212527420e+03 9.792306619749519086e+03 -4.379165084647303047e+03 1.757500949280117493e+04 1.299595488878347896e+04
