# A b_HI Tb sigma_NL sigma8tot n_s f DA H omegak omegaDE w0 wa h gamma sigma_8 fs8 bs8 pk0 pk1 pk2 pk3 pk4 pk5 pk6 pk7 pk8 pk9 pk10 pk11 pk12 pk13 pk14 pk15 pk16 pk17 pk18 pk19 pk20 pk21 pk22 pk23 pk24 pk25 pk26 pk27 pk28 pk29 pk30 pk31 pk32 pk33 pk34 pk35 pk36 pk37 pk38 pk39 pk40 pk41 pk42 pk43 pk44 pk45 pk46 pk47 pk48 pk49 pk50 pk51 pk52 pk53 pk54 pk55 pk56 pk57 pk58 pk59 pk60 pk61 pk62 pk63 pk64 pk65 pk66 pk67 pk68 pk69 pk70 pk71 pk72 pk73 pk74 pk75 pk76 pk77 pk78 pk79 pk80 pk81 pk82 pk83 pk84 pk85 pk86 pk87 pk88 pk89
2.173379578804185641e+00 -9.310327455416345099e-02 7.798263604305543772e+00 -7.006985907902352553e-03 2.596641628419463110e+00 3.320715446608153876e+00 2.536460670249765403e+00 -6.642654503494348495e-01 -1.052941638236511102e+00 -1.292348240776807489e-01 7.684645926978935782e-01 -5.300857120650152854e-02 -3.773737395082037149e-02 -2.485197850981244738e-01 -6.385518691783278848e-03 -9.906155580099838820e-02 -1.901156275877282364e-01 5.179418387648543565e+00 0.000000000000000000e+00 0.000000000000000000e+00 0.000000000000000000e+00 0.000000000000000000e+00 0.000000000000000000e+00 1.496247628189880190e-22 -8.347940379891304569e-20 1.325852302215774920e-18 2.658170716999845477e-18 -1.088269096395592338e-17 1.217757797850273969e-17 -5.942806739727039306e-17 -3.068417611923176532e-16 3.009676690055745282e-16 2.684687182676110989e-16 -1.917039901143424403e-16 -2.074124117744325522e-15 -1.469092748897880923e-15 -2.749580235264200126e-15 2.706438862891498713e-15 -1.468265081195148521e-14 -4.589327756329675127e-15 -3.622895343450447437e-15 -1.580070904693659407e-14 -3.254816686718723863e-14 -2.498262622026080544e-14 -8.423203843674607894e-02 -1.777570989620699704e+00 -3.980276558838288459e+00 -4.249538412349568084e+00 -8.992628180895663181e-01 4.935212330994951380e+00 8.661166708655629876e+00 5.302423958573296403e+00 -3.212841619870734355e+00 -6.965939909484812453e+00 -1.678656739262906483e-01 4.986311692742856572e+00 -1.392980947211655551e-01 -2.183706228261338644e+00 1.008194371132679956e+00 -8.174014685742690689e-02 -1.016249090381798892e-01 3.975207520006369954e-02 -7.397387794575369102e-03 1.221742952246956688e-03 0.000000000000000000e+00 0.000000000000000000e+00 0.000000000000000000e+00 0.000000000000000000e+00 0.000000000000000000e+00 0.000000000000000000e+00 0.000000000000000000e+00 0.000000000000000000e+00 0.000000000000000000e+00 0.000000000000000000e+00 0.000000000000000000e+00 0.000000000000000000e+00 0.000000000000000000e+00 0.000000000000000000e+00 0.000000000000000000e+00 0.000000000000000000e+00 0.000000000000000000e+00 0.000000000000000000e+00 0.000000000000000000e+00 0.000000000000000000e+00 0.000000000000000000e+00 0.000000000000000000e+00 0.000000000000000000e+00 0.000000000000000000e+00 0.000000000000000000e+00 0.000000000000000000e+00 0.000000000000000000e+00 0.000000000000000000e+00 0.000000000000000000e+00 0.000000000000000000e+00 0.000000000000000000e+00 0.000000000000000000e+00 0.000000000000000000e+00 0.000000000000000000e+00 0.000000000000000000e+00 0.000000000000000000e+00 0.000000000000000000e+00 0.000000000000000000e+00 0.000000000000000000e+00 0.000000000000000000e+00 0.000000000000000000e+00 0.000000000000000000e+00 0.000000000000000000e+00 0.000000000000000000e+00
-9.310327455416345099e-02 3.615803745374175833e+03 1.865263750852896192e+04 -9.444821651680900487e+00 6.210897385890284568e+03 -4.432908317347713023e+01 2.108356038642578369e+03 -1.982131883622526630e+03 2.721547562841371928e+02 3.207735553873135359e+03 -1.399034156824758611e+03 3.415060884683011864e+02 -7.136419168775529620e+00 5.648596077862842321e+03 2.479910885247628300e+02 3.847202434104141958e+03 7.383422350907324471e+03 4.305234519240513691e+03 0.000000000000000000e+00 0.000000000000000000e+00 0.000000000000000000e+00 0.000000000000000000e+00 0.000000000000000000e+00 8.069086938522903095e-07 1.901524753775794959e-04 2.153943594902178477e-03 9.920153762421987653e-03 2.978535030310497031e-02 7.136657621210368285e-02 1.501628743213705708e-01 2.862887349593696285e-01 5.086018041718264326e-01 8.613357688724933015e-01 1.415274932134874319e+00 2.248138735582509540e+00 3.491818710754673649e+00 5.344135097207953322e+00 8.059505650073004901e+00 1.196800750801932622e+01 1.754208199223450038e+01 2.550448153020261088e+01 3.642169777363367444e+01 5.105428621999872973e+01 7.009258477577709812e+01 9.375740581801176177e+01 1.206863817343867709e+02 1.492094018383336618e+02 1.766201593341959324e+02 1.990972849895559875e+02 2.130775635438531310e+02 2.153384984356706866e+02 2.049409841025237426e+02 1.872039888179775176e+02 1.705965872614770262e+02 1.607332320378817201e+02 1.458961325396607549e+02 1.147753668440059300e+02 8.316195432676489929e+01 5.956015868261570034e+01 3.446708440227174464e+01 1.692880043213090246e+01 6.955801673980576361e+00 2.105543109780853683e+00 2.210144563356035430e-01 0.000000000000000000e+00 0.000000000000000000e+00 0.000000000000000000e+00 0.000000000000000000e+00 0.000000000000000000e+00 0.000000000000000000e+00 0.000000000000000000e+00 0.000000000000000000e+00 0.000000000000000000e+00 0.000000000000000000e+00 0.000000000000000000e+00 0.000000000000000000e+00 0.000000000000000000e+00 0.000000000000000000e+00 0.000000000000000000e+00 0.000000000000000000e+00 0.000000000000000000e+00 0.000000000000000000e+00 0.000000000000000000e+00 0.000000000000000000e+00 0.000000000000000000e+00 0.000000000000000000e+00 0.000000000000000000e+00 0.000000000000000000e+00 0.000000000000000000e+00 0.000000000000000000e+00 0.000000000000000000e+00 0.000000000000000000e+00 0.000000000000000000e+00 0.000000000000000000e+00 0.000000000000000000e+00 0.000000000000000000e+00 0.000000000000000000e+00 0.000000000000000000e+00 0.000000000000000000e+00 0.000000000000000000e+00 0.000000000000000000e+00 0.000000000000000000e+00 0.000000000000000000e+00 0.000000000000000000e+00 0.000000000000000000e+00 0.000000000000000000e+00 0.000000000000000000e+00 0.000000000000000000e+00
7.798263604305543772e+00 1.865263750852896192e+04 1.002474530182584713e+05 -5.825458818746168532e+01 3.338008598561801773e+04 7.359514888279571778e+02 1.213592023074781537e+04 -1.118439831442674949e+04 -3.503063499208743110e+02 1.621434198861470031e+04 -5.736388406460765509e+03 1.608220169290604645e+03 -1.149973282580073572e+02 2.834283585866649446e+04 1.279297275333519337e+03 1.984634053136333023e+04 3.808843354953527160e+04 2.478138499501421757e+04 0.000000000000000000e+00 0.000000000000000000e+00 0.000000000000000000e+00 0.000000000000000000e+00 0.000000000000000000e+00 5.063289363322578029e-06 1.130686315715238996e-03 1.215352876753572793e-02 5.338159136393939158e-02 1.543231773872229262e-01 3.588413586496227436e-01 7.367251519272972615e-01 1.376724038418057683e+00 2.405796938165486676e+00 4.017530450759857708e+00 6.521896820280566054e+00 1.025414154004664447e+01 1.578757339574276664e+01 2.398174289209613264e+01 3.594120765413104834e+01 5.309480073292633762e+01 7.751319787335249600e+01 1.123922489084734337e+02 1.603068044884505241e+02 2.248954752560709665e+02 3.098178104101908161e+02 4.172685327177663908e+02 5.435480080289196394e+02 6.843001800656037403e+02 8.317772140480108192e+02 9.718016048539757321e+02 1.087528236100295999e+03 1.155776501016302745e+03 1.154683398012358339e+03 1.095858388425804378e+03 1.026574775755304927e+03 9.859989804200168919e+02 9.077595237384070970e+02 7.221453926470236411e+02 5.276359891633845791e+02 3.800939376890357266e+02 2.208843422818245870e+02 1.088303594394767941e+02 4.481535850150204681e+01 1.358777276047049831e+01 1.427470532226051025e+00 0.000000000000000000e+00 0.000000000000000000e+00 0.000000000000000000e+00 0.000000000000000000e+00 0.000000000000000000e+00 0.000000000000000000e+00 0.000000000000000000e+00 0.000000000000000000e+00 0.000000000000000000e+00 0.000000000000000000e+00 0.000000000000000000e+00 0.000000000000000000e+00 0.000000000000000000e+00 0.000000000000000000e+00 0.000000000000000000e+00 0.000000000000000000e+00 0.000000000000000000e+00 0.000000000000000000e+00 0.000000000000000000e+00 0.000000000000000000e+00 0.000000000000000000e+00 0.000000000000000000e+00 0.000000000000000000e+00 0.000000000000000000e+00 0.000000000000000000e+00 0.000000000000000000e+00 0.000000000000000000e+00 0.000000000000000000e+00 0.000000000000000000e+00 0.000000000000000000e+00 0.000000000000000000e+00 0.000000000000000000e+00 0.000000000000000000e+00 0.000000000000000000e+00 0.000000000000000000e+00 0.000000000000000000e+00 0.000000000000000000e+00 0.000000000000000000e+00 0.000000000000000000e+00 0.000000000000000000e+00 0.000000000000000000e+00 0.000000000000000000e+00 0.000000000000000000e+00 0.000000000000000000e+00
-7.006985907902352553e-03 -9.444821651680900487e+00 -5.825458818746168532e+01 8.884232902908686946e-02 -1.939743209635532040e+01 -5.050430521536823925e+00 -8.490279571338819053e+00 8.015644455090983556e+00 8.828862154030272080e+00 -4.044190940350162577e+00 -6.893571682104767895e+00 7.274330876004875268e-01 5.880579204242599722e-01 -4.257589241145859127e+00 -6.477761978423453026e-01 -1.004925693063744419e+01 -1.928619808875654940e+01 -1.733703606913759643e+01 0.000000000000000000e+00 0.000000000000000000e+00 0.000000000000000000e+00 0.000000000000000000e+00 0.000000000000000000e+00 -2.859119918415926259e-12 -6.741498364268819892e-10 -7.885039730001834412e-09 -3.899948398043051420e-08 -1.298933917788172541e-07 -3.543038069220175234e-07 -8.696157620710950817e-07 -1.965804229785759300e-06 -4.183928595721976523e-06 -8.556702654477583701e-06 -1.718855086973474817e-05 -3.346866680490079044e-05 -6.395339020702114333e-05 -1.212305234391722721e-04 -2.277205890243039091e-04 -4.216927688806549864e-04 -7.732805908166695639e-04 -1.421603183958774878e-03 -2.575065436332830190e-03 -4.611650413589745909e-03 -8.188027658660113062e-03 -1.441425475825494802e-02 -2.484073622068713738e-02 -4.203935715668768308e-02 -7.034704623113201272e-02 -1.149556707414677720e-01 -1.816128379994443043e-01 -2.729563355678741865e-01 -3.829928383635555211e-01 -4.971219849540216562e-01 -6.244854581987364650e-01 -7.934762266979417111e-01 -9.537183532636731575e-01 -9.810383637942970969e-01 -9.263713438386511623e-01 -8.591718988759338149e-01 -6.344382245599641257e-01 -3.990291876400365867e-01 -2.084515276935879347e-01 -8.033857459673529600e-02 -9.866359454993327630e-03 0.000000000000000000e+00 0.000000000000000000e+00 0.000000000000000000e+00 0.000000000000000000e+00 0.000000000000000000e+00 0.000000000000000000e+00 0.000000000000000000e+00 0.000000000000000000e+00 0.000000000000000000e+00 0.000000000000000000e+00 0.000000000000000000e+00 0.000000000000000000e+00 0.000000000000000000e+00 0.000000000000000000e+00 0.000000000000000000e+00 0.000000000000000000e+00 0.000000000000000000e+00 0.000000000000000000e+00 0.000000000000000000e+00 0.000000000000000000e+00 0.000000000000000000e+00 0.000000000000000000e+00 0.000000000000000000e+00 0.000000000000000000e+00 0.000000000000000000e+00 0.000000000000000000e+00 0.000000000000000000e+00 0.000000000000000000e+00 0.000000000000000000e+00 0.000000000000000000e+00 0.000000000000000000e+00 0.000000000000000000e+00 0.000000000000000000e+00 0.000000000000000000e+00 0.000000000000000000e+00 0.000000000000000000e+00 0.000000000000000000e+00 0.000000000000000000e+00 0.000000000000000000e+00 0.000000000000000000e+00 0.000000000000000000e+00 0.000000000000000000e+00 0.000000000000000000e+00 0.000000000000000000e+00
2.596641628419463110e+00 6.210897385890284568e+03 3.338008598561801773e+04 -1.939743209635532040e+01 1.111479750218006120e+04 2.450548441749087658e+02 4.040981078523572251e+03 -3.724146261999981562e+03 -1.166439219112832859e+02 5.399001306113959799e+03 -1.910084820007220287e+03 5.355001640285875055e+02 -3.829145369578105829e+01 9.437509578086044712e+03 4.259764389627140986e+02 6.608372916128903853e+03 1.268256847093582837e+04 8.251628715450917298e+03 0.000000000000000000e+00 0.000000000000000000e+00 0.000000000000000000e+00 0.000000000000000000e+00 0.000000000000000000e+00 1.685958388259397771e-06 3.764924225502482361e-04 4.046844314489820432e-03 1.777483672780074894e-02 5.138605296855824206e-02 1.194858826462032175e-01 2.453124561141883653e-01 4.584173003626542120e-01 8.010748028209164762e-01 1.337744829006055181e+00 2.171640975363664072e+00 3.414392246485435045e+00 5.256897223694708465e+00 7.985366368134579673e+00 1.196759185196791542e+01 1.767934207297554394e+01 2.581010421842315239e+01 3.742402245370283964e+01 5.337846256233083864e+01 7.488499783088542472e+01 1.031621736014029835e+02 1.389407818538279287e+02 1.809889298834569900e+02 2.278561515812619405e+02 2.769625969523984281e+02 3.235874843132332330e+02 3.621217790561078687e+02 3.848468746338549522e+02 3.844828965858915808e+02 3.648955273412459519e+02 3.418256848793702147e+02 3.283148823956389606e+02 3.022629507717551860e+02 2.404577330885917092e+02 1.756905951932004371e+02 1.265625004992531331e+02 7.354938321376648958e+01 3.623799554561995961e+01 1.492247907768788018e+01 4.524414430908386464e+00 4.753147104794137046e-01 0.000000000000000000e+00 0.000000000000000000e+00 0.000000000000000000e+00 0.000000000000000000e+00 0.000000000000000000e+00 0.000000000000000000e+00 0.000000000000000000e+00 0.000000000000000000e+00 0.000000000000000000e+00 0.000000000000000000e+00 0.000000000000000000e+00 0.000000000000000000e+00 0.000000000000000000e+00 0.000000000000000000e+00 0.000000000000000000e+00 0.000000000000000000e+00 0.000000000000000000e+00 0.000000000000000000e+00 0.000000000000000000e+00 0.000000000000000000e+00 0.000000000000000000e+00 0.000000000000000000e+00 0.000000000000000000e+00 0.000000000000000000e+00 0.000000000000000000e+00 0.000000000000000000e+00 0.000000000000000000e+00 0.000000000000000000e+00 0.000000000000000000e+00 0.000000000000000000e+00 0.000000000000000000e+00 0.000000000000000000e+00 0.000000000000000000e+00 0.000000000000000000e+00 0.000000000000000000e+00 0.000000000000000000e+00 0.000000000000000000e+00 0.000000000000000000e+00 0.000000000000000000e+00 0.000000000000000000e+00 0.000000000000000000e+00 0.000000000000000000e+00 0.000000000000000000e+00 0.000000000000000000e+00
3.320715446608153876e+00 -4.432908317347713023e+01 7.359514888279571778e+02 -5.050430521536823925e+00 2.450548441749087658e+02 6.195515590120232901e+02 2.760299616530477920e+02 -2.219007031707557758e+02 -8.657543377484092844e+02 -4.421966240456813466e+02 9.815991705468472901e+02 -1.540142255620566232e+02 -5.201828851873469972e+01 -1.045106581215225788e+03 -3.040324742060281693e+00 -4.716598817200400617e+01 -9.051938837029183560e+01 5.636494488940523979e+02 0.000000000000000000e+00 0.000000000000000000e+00 0.000000000000000000e+00 0.000000000000000000e+00 0.000000000000000000e+00 -2.232656703529485788e-06 -4.852405756383346429e-04 -5.044694524979353133e-03 -2.130437190245345822e-02 -5.909030596703156862e-02 -1.315841380164188001e-01 -2.579123356461415217e-01 -4.590537055477291184e-01 -7.624782234215596866e-01 -1.207037848259825408e+00 -1.849471323611187490e+00 -2.737508708188129081e+00 -3.953584883121163518e+00 -5.604871867989018597e+00 -7.796980935608933905e+00 -1.063701560896795151e+01 -1.424775927817774601e+01 -1.876130529724775542e+01 -2.409096263920216785e+01 -3.007257422982511841e+01 -3.627477915283310494e+01 -4.184705451468624915e+01 -4.551051291000143095e+01 -4.599363419868411285e+01 -4.195814279134152258e+01 -3.285766298486657888e+01 -1.881213440662484970e+01 -8.738723454634833576e-01 1.850543055880189058e+01 3.565565942969690383e+01 5.048426956799352183e+01 6.507044701251493279e+01 7.492493602267195740e+01 7.136785813297018422e+01 6.093991425045938826e+01 5.026464870273072449e+01 3.275002797665585774e+01 1.793364604297152098e+01 8.112379673483657072e+00 2.682866373501958446e+00 2.974001042918464899e-01 0.000000000000000000e+00 0.000000000000000000e+00 0.000000000000000000e+00 0.000000000000000000e+00 0.000000000000000000e+00 0.000000000000000000e+00 0.000000000000000000e+00 0.000000000000000000e+00 0.000000000000000000e+00 0.000000000000000000e+00 0.000000000000000000e+00 0.000000000000000000e+00 0.000000000000000000e+00 0.000000000000000000e+00 0.000000000000000000e+00 0.000000000000000000e+00 0.000000000000000000e+00 0.000000000000000000e+00 0.000000000000000000e+00 0.000000000000000000e+00 0.000000000000000000e+00 0.000000000000000000e+00 0.000000000000000000e+00 0.000000000000000000e+00 0.000000000000000000e+00 0.000000000000000000e+00 0.000000000000000000e+00 0.000000000000000000e+00 0.000000000000000000e+00 0.000000000000000000e+00 0.000000000000000000e+00 0.000000000000000000e+00 0.000000000000000000e+00 0.000000000000000000e+00 0.000000000000000000e+00 0.000000000000000000e+00 0.000000000000000000e+00 0.000000000000000000e+00 0.000000000000000000e+00 0.000000000000000000e+00 0.000000000000000000e+00 0.000000000000000000e+00 0.000000000000000000e+00 0.000000000000000000e+00
2.536460670249765403e+00 2.108356038642578369e+03 1.213592023074781537e+04 -8.490279571338819053e+00 4.040981078523572251e+03 2.760299616530477920e+02 1.623580133129936485e+03 -1.455977470539701926e+03 -3.902972193762542474e+02 1.766134085040813716e+03 -3.523797619714326288e+02 1.510969098670266249e+02 -2.862838567290486225e+01 3.044482384749774610e+03 1.446022920048231981e+02 2.243283390090219200e+03 4.305234519240513691e+03 3.315328675893095351e+03 0.000000000000000000e+00 0.000000000000000000e+00 0.000000000000000000e+00 0.000000000000000000e+00 0.000000000000000000e+00 7.523870184602226580e-07 1.577431633582704166e-04 1.582076790087126117e-03 6.475084933964008437e-03 1.757773493865972397e-02 3.869891251755145506e-02 7.569492022049714719e-02 1.355958299208321338e-01 2.283725400232140545e-01 3.689897703975890120e-01 5.814534742801702460e-01 8.905266735068280148e-01 1.339606611819891713e+00 1.993677601190738669e+00 2.936029915126711742e+00 4.273408310122972509e+00 6.166601962206929244e+00 8.870377320710529645e+00 1.260631071811148018e+01 1.772874349978112107e+01 2.467098420824652294e+01 3.389214400898465840e+01 4.563942583557372501e+01 6.027197882097632942e+01 7.815612093245069047e+01 9.879597323292178146e+01 1.205946044222944096e+02 1.396210305137734053e+02 1.500017753376310168e+02 1.498846004124577291e+02 1.453294993230134082e+02 1.428033761952936231e+02 1.336198785194358152e+02 1.076269260563310866e+02 7.935828399352550377e+01 5.752565946108773431e+01 3.357964751082378996e+01 1.659968829652860833e+01 6.851406477321045685e+00 2.080834191101558872e+00 2.187933593189662074e-01 0.000000000000000000e+00 0.000000000000000000e+00 0.000000000000000000e+00 0.000000000000000000e+00 0.000000000000000000e+00 0.000000000000000000e+00 0.000000000000000000e+00 0.000000000000000000e+00 0.000000000000000000e+00 0.000000000000000000e+00 0.000000000000000000e+00 0.000000000000000000e+00 0.000000000000000000e+00 0.000000000000000000e+00 0.000000000000000000e+00 0.000000000000000000e+00 0.000000000000000000e+00 0.000000000000000000e+00 0.000000000000000000e+00 0.000000000000000000e+00 0.000000000000000000e+00 0.000000000000000000e+00 0.000000000000000000e+00 0.000000000000000000e+00 0.000000000000000000e+00 0.000000000000000000e+00 0.000000000000000000e+00 0.000000000000000000e+00 0.000000000000000000e+00 0.000000000000000000e+00 0.000000000000000000e+00 0.000000000000000000e+00 0.000000000000000000e+00 0.000000000000000000e+00 0.000000000000000000e+00 0.000000000000000000e+00 0.000000000000000000e+00 0.000000000000000000e+00 0.000000000000000000e+00 0.000000000000000000e+00 0.000000000000000000e+00 0.000000000000000000e+00 0.000000000000000000e+00 0.000000000000000000e+00
-6.642654503494348495e-01 -1.982131883622526630e+03 -1.118439831442674949e+04 8.015644455090983556e+00 -3.724146261999981562e+03 -2.219007031707557758e+02 -1.455977470539701926e+03 1.367751006178862099e+03 3.908790841350185019e+02 -1.640836616578166513e+03 2.962168502797787824e+02 -1.352851360118344530e+02 2.884023439237299158e+01 -2.814642875978257507e+03 -1.359451668382299374e+02 -2.108981334272854383e+03 -4.047486501640904407e+03 -2.973086305403970528e+03 -0.000000000000000000e+00 -0.000000000000000000e+00 -0.000000000000000000e+00 -0.000000000000000000e+00 -0.000000000000000000e+00 -7.797294112744156881e-07 -1.659424033018071297e-04 -1.723776771376504336e-03 -7.436330238155997203e-03 -2.136774934301226628e-02 -4.970381607955979414e-02 -1.022941955561820493e-01 -1.913148630341031387e-01 -3.340451310357216430e-01 -5.556384672213943166e-01 -8.951866479716574787e-01 -1.388529055353767028e+00 -2.100890124895549604e+00 -3.116095405515990180e+00 -4.515363126188748133e+00 -6.402886667157557277e+00 -8.883152455796698987e+00 -1.209767032814604093e+01 -1.602190471105530989e+01 -2.078410062555845172e+01 -2.655507078643211472e+01 -3.484759840672646902e+01 -4.959747471773265204e+01 -6.131861429076810310e+01 -7.375076369747955596e+01 -8.688980051608797339e+01 -1.001962622010945410e+02 -1.129312506806139424e+02 -1.226538856247140217e+02 -1.266240675932689754e+02 -1.276335497527215495e+02 -1.300125254986580217e+02 -1.254064436517740262e+02 -1.031648775450169211e+02 -7.741381975462989828e+01 -5.707702762053887824e+01 -3.363636650704731323e+01 -1.675416873231675652e+01 -6.960223817509763045e+00 -2.122357953972815903e+00 -2.237701518147241220e-01 -0.000000000000000000e+00 -0.000000000000000000e+00 -0.000000000000000000e+00 -0.000000000000000000e+00 -0.000000000000000000e+00 -0.000000000000000000e+00 -0.000000000000000000e+00 -0.000000000000000000e+00 -0.000000000000000000e+00 -0.000000000000000000e+00 -0.000000000000000000e+00 -0.000000000000000000e+00 -0.000000000000000000e+00 -0.000000000000000000e+00 -0.000000000000000000e+00 -0.000000000000000000e+00 -0.000000000000000000e+00 -0.000000000000000000e+00 -0.000000000000000000e+00 -0.000000000000000000e+00 -0.000000000000000000e+00 -0.000000000000000000e+00 -0.000000000000000000e+00 -0.000000000000000000e+00 -0.000000000000000000e+00 -0.000000000000000000e+00 -0.000000000000000000e+00 -0.000000000000000000e+00 -0.000000000000000000e+00 -0.000000000000000000e+00 -0.000000000000000000e+00 -0.000000000000000000e+00 -0.000000000000000000e+00 -0.000000000000000000e+00 -0.000000000000000000e+00 -0.000000000000000000e+00 -0.000000000000000000e+00 -0.000000000000000000e+00 -0.000000000000000000e+00 -0.000000000000000000e+00 -0.000000000000000000e+00 -0.000000000000000000e+00 -0.000000000000000000e+00 -0.000000000000000000e+00
-1.052941638236511102e+00 2.721547562841371928e+02 -3.503063499208743110e+02 8.828862154030272080e+00 -1.166439219112832859e+02 -8.657543377484092844e+02 -3.902972193762542474e+02 3.908790841350185019e+02 1.591911043308889475e+03 8.785131822958275052e+02 -1.766671895991408064e+03 2.685294798145865229e+02 8.885875475619812391e+01 1.966141703323513639e+03 1.866582342707054565e+01 2.895717009444607584e+02 5.557363319358172475e+02 -7.969816439087195477e+02 0.000000000000000000e+00 0.000000000000000000e+00 0.000000000000000000e+00 0.000000000000000000e+00 0.000000000000000000e+00 1.052344390000589272e-06 2.446920355468207168e-04 2.682362417547944772e-03 1.181004701819915979e-02 3.376080707775601375e-02 7.712580474351798943e-02 1.548597598847725187e-01 2.820490451658730913e-01 4.799769517104732208e-01 7.795251977052858328e-01 1.229147971440095466e+00 1.873069760069810075e+00 2.793854294224713097e+00 4.101148987438998361e+00 5.910894411824715533e+00 8.372276112571771733e+00 1.166043513482034477e+01 1.602214760656629267e+01 2.150457801012551684e+01 2.828962023761902600e+01 3.646595432448276597e+01 4.719339923990117569e+01 6.392695078179986012e+01 7.584674516591856275e+01 8.430810167505916297e+01 8.609541462706799564e+01 7.663598833519141351e+01 5.308511173371388026e+01 1.832177589777256088e+01 -1.908781848541146431e+01 -5.128600869426237097e+01 -7.817828663577419945e+01 -9.852608398779972276e+01 -1.110827783935688586e+02 -1.078956693126566648e+02 -9.102149885280832109e+01 -6.698588349615907589e+01 -4.109480571494106016e+01 -2.036561938720648968e+01 -7.672537861441878881e+00 -9.106437878278449416e-01 0.000000000000000000e+00 0.000000000000000000e+00 0.000000000000000000e+00 0.000000000000000000e+00 0.000000000000000000e+00 0.000000000000000000e+00 0.000000000000000000e+00 0.000000000000000000e+00 0.000000000000000000e+00 0.000000000000000000e+00 0.000000000000000000e+00 0.000000000000000000e+00 0.000000000000000000e+00 0.000000000000000000e+00 0.000000000000000000e+00 0.000000000000000000e+00 0.000000000000000000e+00 0.000000000000000000e+00 0.000000000000000000e+00 0.000000000000000000e+00 0.000000000000000000e+00 0.000000000000000000e+00 0.000000000000000000e+00 0.000000000000000000e+00 0.000000000000000000e+00 0.000000000000000000e+00 0.000000000000000000e+00 0.000000000000000000e+00 0.000000000000000000e+00 0.000000000000000000e+00 0.000000000000000000e+00 0.000000000000000000e+00 0.000000000000000000e+00 0.000000000000000000e+00 0.000000000000000000e+00 0.000000000000000000e+00 0.000000000000000000e+00 0.000000000000000000e+00 0.000000000000000000e+00 0.000000000000000000e+00 0.000000000000000000e+00 0.000000000000000000e+00 0.000000000000000000e+00 0.000000000000000000e+00
-1.292348240776807489e-01 3.207735553873135359e+03 1.621434198861470031e+04 -4.044190940350162577e+00 5.399001306113959799e+03 -4.421966240456813466e+02 1.766134085040813716e+03 -1.640836616578166513e+03 8.785131822958275052e+02 3.211489500032121214e+03 -2.021023629066589592e+03 4.348498092104871375e+02 3.605773158706858084e+01 5.898626253025279766e+03 2.200035974635736693e+02 3.413019317381690144e+03 6.550152622239759694e+03 3.606421917913071866e+03 0.000000000000000000e+00 0.000000000000000000e+00 0.000000000000000000e+00 0.000000000000000000e+00 0.000000000000000000e+00 1.837133623355369338e-06 4.115070503440565355e-04 4.427140527357544333e-03 1.943776226246923117e-02 5.603594159479007020e-02 1.297797502862076957e-01 2.649302210614848385e-01 4.910005143935128324e-01 8.498539282115379345e-01 1.402905055748774998e+00 2.246459679239374729e+00 3.471836118084887346e+00 5.244459590415991634e+00 7.786672320415837234e+00 1.133692101072665182e+01 1.620236329403347497e+01 2.274572823289038936e+01 3.148619011303676984e+01 4.257441316515419771e+01 5.647491681109695350e+01 7.360820091788762909e+01 9.652638064020072761e+01 1.317261670757215768e+02 1.604025300220673103e+02 1.868946653153712703e+02 2.077755432175208057e+02 2.180694852177035443e+02 2.140041232610630288e+02 1.949745648283493153e+02 1.659879541796755120e+02 1.381535096055212080e+02 1.175277708802387338e+02 9.329999855972236844e+01 5.233174750240612383e+01 1.964068741003153917e+01 5.215030704012503904e+00 -7.358376819197971486e+00 -9.675381484401237131e+00 -6.574258945833301837e+00 -3.134512870755221225e+00 -4.090242035579855218e-01 0.000000000000000000e+00 0.000000000000000000e+00 0.000000000000000000e+00 0.000000000000000000e+00 0.000000000000000000e+00 0.000000000000000000e+00 0.000000000000000000e+00 0.000000000000000000e+00 0.000000000000000000e+00 0.000000000000000000e+00 0.000000000000000000e+00 0.000000000000000000e+00 0.000000000000000000e+00 0.000000000000000000e+00 0.000000000000000000e+00 0.000000000000000000e+00 0.000000000000000000e+00 0.000000000000000000e+00 0.000000000000000000e+00 0.000000000000000000e+00 0.000000000000000000e+00 0.000000000000000000e+00 0.000000000000000000e+00 0.000000000000000000e+00 0.000000000000000000e+00 0.000000000000000000e+00 0.000000000000000000e+00 0.000000000000000000e+00 0.000000000000000000e+00 0.000000000000000000e+00 0.000000000000000000e+00 0.000000000000000000e+00 0.000000000000000000e+00 0.000000000000000000e+00 0.000000000000000000e+00 0.000000000000000000e+00 0.000000000000000000e+00 0.000000000000000000e+00 0.000000000000000000e+00 0.000000000000000000e+00 0.000000000000000000e+00 0.000000000000000000e+00 0.000000000000000000e+00 0.000000000000000000e+00
7.684645926978935782e-01 -1.399034156824758611e+03 -5.736388406460765509e+03 -6.893571682104767895e+00 -1.910084820007220287e+03 9.815991705468472901e+02 -3.523797619714326288e+02 2.962168502797787824e+02 -1.766671895991408064e+03 -2.021023629066589592e+03 2.402983393374896423e+03 -4.219432455891883933e+02 -9.783234652825738920e+01 -4.074721488511745974e+03 -9.595321756004000235e+01 -1.488567409228694714e+03 -2.856808828852451825e+03 -7.195547086524848055e+02 0.000000000000000000e+00 0.000000000000000000e+00 0.000000000000000000e+00 0.000000000000000000e+00 0.000000000000000000e+00 -2.072166790159052732e-06 -4.649584972853011700e-04 -4.976468696531021613e-03 -2.162110516891454365e-02 -6.150152653844472017e-02 -1.404522428545508239e-01 -2.826038581220972068e-01 -5.161887415091489517e-01 -8.810011372950872222e-01 -1.434170684402832574e+00 -2.264534892539797006e+00 -3.449475944060810484e+00 -5.135587624453533451e+00 -7.507933754387822844e+00 -1.074107012239002756e+01 -1.505847740083866881e+01 -2.067875026035783392e+01 -2.788706106351976644e+01 -3.655743520526875301e+01 -4.685798309613081614e+01 -5.889002916416336575e+01 -7.582016161131838317e+01 -1.070785038817660393e+02 -1.278635962989322650e+02 -1.448192841209988444e+02 -1.545092378686160828e+02 -1.509351342668262532e+02 -1.302388994451925157e+02 -9.421842214104613333e+01 -5.057521266960696238e+01 -1.088124813648805933e+01 2.184217557749136773e+01 5.114845230629543948e+01 8.310880711098755569e+01 9.628392094057255690e+01 8.673528481984146765e+01 6.984967217069637968e+01 4.568036042327690183e+01 2.362407172853041004e+01 9.272667183155085979e+00 1.121554360876161560e+00 0.000000000000000000e+00 0.000000000000000000e+00 0.000000000000000000e+00 0.000000000000000000e+00 0.000000000000000000e+00 0.000000000000000000e+00 0.000000000000000000e+00 0.000000000000000000e+00 0.000000000000000000e+00 0.000000000000000000e+00 0.000000000000000000e+00 0.000000000000000000e+00 0.000000000000000000e+00 0.000000000000000000e+00 0.000000000000000000e+00 0.000000000000000000e+00 0.000000000000000000e+00 0.000000000000000000e+00 0.000000000000000000e+00 0.000000000000000000e+00 0.000000000000000000e+00 0.000000000000000000e+00 0.000000000000000000e+00 0.000000000000000000e+00 0.000000000000000000e+00 0.000000000000000000e+00 0.000000000000000000e+00 0.000000000000000000e+00 0.000000000000000000e+00 0.000000000000000000e+00 0.000000000000000000e+00 0.000000000000000000e+00 0.000000000000000000e+00 0.000000000000000000e+00 0.000000000000000000e+00 0.000000000000000000e+00 0.000000000000000000e+00 0.000000000000000000e+00 0.000000000000000000e+00 0.000000000000000000e+00 0.000000000000000000e+00 0.000000000000000000e+00 0.000000000000000000e+00 0.000000000000000000e+00
-5.300857120650152854e-02 3.415060884683011864e+02 1.608220169290604645e+03 7.274330876004875268e-01 5.355001640285875055e+02 -1.540142255620566232e+02 1.510969098670266249e+02 -1.352851360118344530e+02 2.685294798145865229e+02 4.348498092104870238e+02 -4.219432455891883933e+02 8.018082765802927270e+01 1.505215026352590790e+01 8.533723230488313902e+02 2.342230734326647834e+01 3.633612738239675082e+02 6.973508144056802394e+02 3.085378466385174079e+02 0.000000000000000000e+00 0.000000000000000000e+00 0.000000000000000000e+00 0.000000000000000000e+00 0.000000000000000000e+00 4.532095347543972123e-07 1.000427082341699480e-04 1.057834833020648889e-03 4.560396755346392619e-03 1.292072090141454903e-02 2.945648029535057402e-02 5.923637188376047746e-02 1.081758089818120744e-01 1.846024007862825944e-01 3.003745151964933857e-01 4.738274593351589625e-01 7.203509449721249291e-01 1.069527954559732263e+00 1.557307785667466193e+00 2.214432683882172181e+00 3.080067965554742937e+00 4.185254820298748513e+00 5.565761845031691912e+00 7.165746434248646324e+00 8.995187489265930481e+00 1.106061963858668484e+01 1.414839213770751059e+01 2.062801272504593442e+01 2.464867024825218067e+01 2.809588874076451859e+01 3.051410057125829667e+01 3.087998929919813662e+01 2.853108377132846840e+01 2.353346360540320958e+01 1.671115477650205960e+01 1.018781127175883761e+01 4.819047696921755275e+00 -5.708602493917005472e-01 -7.956480124459901049e+00 -1.222941725797857515e+01 -1.190280854067752081e+01 -1.052264791242233954e+01 -7.286677868315056372e+00 -3.901324262997795334e+00 -1.579811459020118214e+00 -1.937078477678928490e-01 0.000000000000000000e+00 0.000000000000000000e+00 0.000000000000000000e+00 0.000000000000000000e+00 0.000000000000000000e+00 0.000000000000000000e+00 0.000000000000000000e+00 0.000000000000000000e+00 0.000000000000000000e+00 0.000000000000000000e+00 0.000000000000000000e+00 0.000000000000000000e+00 0.000000000000000000e+00 0.000000000000000000e+00 0.000000000000000000e+00 0.000000000000000000e+00 0.000000000000000000e+00 0.000000000000000000e+00 0.000000000000000000e+00 0.000000000000000000e+00 0.000000000000000000e+00 0.000000000000000000e+00 0.000000000000000000e+00 0.000000000000000000e+00 0.000000000000000000e+00 0.000000000000000000e+00 0.000000000000000000e+00 0.000000000000000000e+00 0.000000000000000000e+00 0.000000000000000000e+00 0.000000000000000000e+00 0.000000000000000000e+00 0.000000000000000000e+00 0.000000000000000000e+00 0.000000000000000000e+00 0.000000000000000000e+00 0.000000000000000000e+00 0.000000000000000000e+00 0.000000000000000000e+00 0.000000000000000000e+00 0.000000000000000000e+00 0.000000000000000000e+00 0.000000000000000000e+00 0.000000000000000000e+00
-3.773737395082037149e-02 -7.136419168775529620e+00 -1.149973282580073572e+02 5.880579204242599722e-01 -3.829145369578107960e+01 -5.201828851873469972e+01 -2.862838567290486225e+01 2.884023439237299158e+01 8.885875475619812391e+01 3.605773158706855952e+01 -9.783234652825738920e+01 1.505215026352590435e+01 5.451157350596181672e+00 9.154206956010966678e+01 -4.894536546951017142e-01 -7.593124829306663770e+00 -1.457247143559452240e+01 -5.845877639740286469e+01 0.000000000000000000e+00 0.000000000000000000e+00 0.000000000000000000e+00 0.000000000000000000e+00 0.000000000000000000e+00 9.594884279274823722e-08 2.127462989510640778e-05 2.245835023874410974e-04 9.615830515304533109e-04 2.696883321583694749e-03 6.078464842644415618e-03 1.207412332645005013e-02 2.176887772461448198e-02 3.667986264424144549e-02 5.891636101734558373e-02 9.170847029444809118e-02 1.374754301882752938e-01 2.011739097874930271e-01 2.882862325481021504e-01 4.023012993230380419e-01 5.475782239883775215e-01 7.246645248274015128e-01 9.316410563844326198e-01 1.147420029403131148e+00 1.362681840862500104e+00 1.566326679603751160e+00 1.931186252550394888e+00 3.020470106517390452e+00 3.486420820439674717e+00 3.772342978244110689e+00 3.784976775467868482e+00 3.282504289620682414e+00 2.131338131138698522e+00 4.458041129110390521e-01 -1.492863104870900459e+00 -3.252389685654363038e+00 -4.793402768167687178e+00 -6.045052881816882717e+00 -7.091853893998798952e+00 -7.107470176530730654e+00 -6.059848176233392003e+00 -4.582548549741451538e+00 -2.873546260600272184e+00 -1.446612726557690243e+00 -5.541594938601929199e-01 -6.629196819964618126e-02 0.000000000000000000e+00 0.000000000000000000e+00 0.000000000000000000e+00 0.000000000000000000e+00 0.000000000000000000e+00 0.000000000000000000e+00 0.000000000000000000e+00 0.000000000000000000e+00 0.000000000000000000e+00 0.000000000000000000e+00 0.000000000000000000e+00 0.000000000000000000e+00 0.000000000000000000e+00 0.000000000000000000e+00 0.000000000000000000e+00 0.000000000000000000e+00 0.000000000000000000e+00 0.000000000000000000e+00 0.000000000000000000e+00 0.000000000000000000e+00 0.000000000000000000e+00 0.000000000000000000e+00 0.000000000000000000e+00 0.000000000000000000e+00 0.000000000000000000e+00 0.000000000000000000e+00 0.000000000000000000e+00 0.000000000000000000e+00 0.000000000000000000e+00 0.000000000000000000e+00 0.000000000000000000e+00 0.000000000000000000e+00 0.000000000000000000e+00 0.000000000000000000e+00 0.000000000000000000e+00 0.000000000000000000e+00 0.000000000000000000e+00 0.000000000000000000e+00 0.000000000000000000e+00 0.000000000000000000e+00 0.000000000000000000e+00 0.000000000000000000e+00 0.000000000000000000e+00 0.000000000000000000e+00
-2.485197850981244461e-01 5.648596077862842321e+03 2.834283585866649446e+04 -4.257589241145858239e+00 9.437509578086044712e+03 -1.045106581215225788e+03 3.044482384749774610e+03 -2.814642875978257507e+03 1.966141703323513639e+03 5.898626253025279766e+03 -4.074721488511747339e+03 8.533723230488315039e+02 9.154206956010968099e+01 1.097775657004659115e+04 3.874108189024382227e+02 6.010086307318710169e+03 1.153435680404277446e+04 6.216791858591027449e+03 0.000000000000000000e+00 0.000000000000000000e+00 0.000000000000000000e+00 0.000000000000000000e+00 0.000000000000000000e+00 3.991340208807640375e-06 8.882425597456654245e-04 9.489956816027191044e-03 4.138565836559711386e-02 1.185920456219203001e-01 2.732275746322886389e-01 5.550776101459473644e-01 1.023948930939483581e+00 1.764478913112796921e+00 2.899686252244228157e+00 4.621618996387546474e+00 7.105975719344220565e+00 1.067640353471911219e+01 1.575547071330088755e+01 2.277076434039334174e+01 3.227166566852841356e+01 4.485689697355866912e+01 6.135525374840212010e+01 8.179139936372862962e+01 1.068382959132678707e+02 1.371048039908542364e+02 1.786840609807002522e+02 2.482474029649484066e+02 3.009479773923341099e+02 3.490188329867559673e+02 3.864305934801424200e+02 4.032257901820062216e+02 3.921641546744619973e+02 3.523057018165354748e+02 2.925794604251696569e+02 2.349310701427034758e+02 1.907645936722354918e+02 1.407368923386370057e+02 5.956723833993950734e+01 -1.233834150021294818e+00 -2.237875476107930695e+01 -3.816711351860507762e+01 -3.347803146865589952e+01 -2.007235485129372421e+01 -8.858007426699645137e+00 -1.124279664735159834e+00 0.000000000000000000e+00 0.000000000000000000e+00 0.000000000000000000e+00 0.000000000000000000e+00 0.000000000000000000e+00 0.000000000000000000e+00 0.000000000000000000e+00 0.000000000000000000e+00 0.000000000000000000e+00 0.000000000000000000e+00 0.000000000000000000e+00 0.000000000000000000e+00 0.000000000000000000e+00 0.000000000000000000e+00 0.000000000000000000e+00 0.000000000000000000e+00 0.000000000000000000e+00 0.000000000000000000e+00 0.000000000000000000e+00 0.000000000000000000e+00 0.000000000000000000e+00 0.000000000000000000e+00 0.000000000000000000e+00 0.000000000000000000e+00 0.000000000000000000e+00 0.000000000000000000e+00 0.000000000000000000e+00 0.000000000000000000e+00 0.000000000000000000e+00 0.000000000000000000e+00 0.000000000000000000e+00 0.000000000000000000e+00 0.000000000000000000e+00 0.000000000000000000e+00 0.000000000000000000e+00 0.000000000000000000e+00 0.000000000000000000e+00 0.000000000000000000e+00 0.000000000000000000e+00 0.000000000000000000e+00 0.000000000000000000e+00 0.000000000000000000e+00 0.000000000000000000e+00 0.000000000000000000e+00
