1.140476530385871934e+00 -3.763316155281179132e+00 -3.461838496841131985e+01 1.556950839654624823e-02 -3.969180157849476753e+00 -2.041309212856586175e+00 -1.085236602333206957e+00 9.080724858837222468e-01 1.154959714406283089e+00 -4.951301963279746587e+00 -1.427818949575863972e+00
-3.763316155281179132e+00 8.292853982619546514e+03 7.378155111685227894e+04 -1.475671565736961632e+01 8.459443413538487221e+03 2.825515819033673324e+03 2.009493179038155859e+03 1.634696005142357080e+03 1.604279157123989307e+03 1.091070282461256284e+04 2.643840461983586465e+03
-3.461838496841131985e+01 7.378155111685227894e+04 6.796294651797094848e+05 -1.616414869739874121e+02 7.792309752007908537e+04 2.599605858841970985e+04 2.141692077993060229e+04 1.747248670087244682e+04 9.861388333919368961e+03 9.707256149235252815e+04 2.817771282815708037e+04
1.556950839654624823e-02 -1.475671565736961632e+01 -1.616414869739874121e+02 7.974566739176389141e-02 -1.853304778278565479e+01 -7.208302748481217215e+00 -8.205950809269761947e+00 -6.786891598115932567e+00 4.911854181981744283e+00 -1.941504571795299938e+01 -1.079636646936954314e+01
-3.969180157849476753e+00 8.459443413538487221e+03 7.792309752007908537e+04 -1.853304778278565479e+01 8.934293520540897589e+03 2.980585028030647209e+03 2.455562761795579718e+03 2.003312620871070749e+03 1.130660108481580892e+03 1.112988041754828009e+04 3.230723176518951732e+03
-2.041309212856586175e+00 2.825515819033673324e+03 2.599605858841970985e+04 -7.208302748481217215e+00 2.980585028030647209e+03 1.163356111876113118e+03 8.154734748490757283e+02 6.056259299024133043e+02 2.428580486648265264e+02 3.717461261506514802e+03 1.072898276525776282e+03
-1.085236602333206957e+00 2.009493179038155859e+03 2.141692077993060229e+04 -8.205950809269761947e+00 2.455562761795579718e+03 8.154734748490757283e+02 1.026738240462662816e+03 8.428818188148218269e+02 -2.843087610847265978e+02 2.643840461983586465e+03 1.350854102077784773e+03
9.080724858837222468e-01 1.634696005142357080e+03 1.747248670087244682e+04 -6.786891598115932567e+00 2.003312620871070749e+03 6.056259299024133043e+02 8.428818188148218269e+02 8.339614199187573149e+02 -3.478461268918279075e+02 2.150729092550072437e+03 1.108958756615232460e+03
1.154959714406283089e+00 1.604279157123989307e+03 9.861388333919368961e+03 4.911854181981744283e+00 1.130660108481580892e+03 2.428580486648265264e+02 -2.843087610847265978e+02 -3.478461268918279075e+02 1.534618668475536879e+03 2.110710398107199126e+03 -3.740580033279885015e+02
-4.951301963279746587e+00 1.091070282461256284e+04 9.707256149235252815e+04 -1.941504571795299938e+01 1.112988041754828009e+04 3.717461261506514802e+03 2.643840461983586465e+03 2.150729092550072437e+03 2.110710398107199126e+03 1.435494178198530608e+04 3.478435488776975035e+03
-1.427818949575863972e+00 2.643840461983586465e+03 2.817771282815708037e+04 -1.079636646936954314e+01 3.230723176518951732e+03 1.072898276525776282e+03 1.350854102077784773e+03 1.108958756615232460e+03 -3.740580033279885015e+02 3.478435488776975035e+03 1.777285322769408822e+03
