# A b_HI Tb sigma_NL sigma8tot n_s f DA H omegak omegaDE w0 wa h gamma sigma_8 fs8 bs8 pk0 pk1 pk2 pk3 pk4 pk5 pk6 pk7 pk8 pk9 pk10 pk11 pk12 pk13 pk14 pk15 pk16 pk17 pk18 pk19 pk20 pk21 pk22 pk23 pk24 pk25 pk26 pk27 pk28 pk29 pk30 pk31 pk32 pk33 pk34 pk35 pk36 pk37 pk38 pk39 pk40 pk41 pk42 pk43 pk44 pk45 pk46 pk47 pk48 pk49 pk50 pk51 pk52 pk53 pk54 pk55 pk56 pk57 pk58 pk59 pk60 pk61 pk62 pk63 pk64 pk65 pk66 pk67 pk68 pk69 pk70 pk71 pk72 pk73 pk74 pk75 pk76 pk77 pk78 pk79 pk80 pk81 pk82 pk83 pk84 pk85 pk86 pk87 pk88 pk89
1.019908424396625435e+00 -1.772964905649897505e+00 -4.328127649316236614e+00 -4.623381937297583490e-03 -1.748777250737718614e+00 2.331981228831639275e+00 3.771571634610596524e-01 -1.281368493552839660e-01 -2.202302620265677469e+00 -1.743283548554579010e+00 3.682906838386252879e+00 -4.651325707251182107e-01 -1.334192100385221402e-01 -4.654726925586108344e+00 -2.897501524109791227e-01 -1.965655423439131688e+00 -4.161236224275512541e+00 8.852064955362818344e-01 0.000000000000000000e+00 0.000000000000000000e+00 0.000000000000000000e+00 0.000000000000000000e+00 4.931409566072053970e-23 4.416949695346207085e-20 -1.932445908119385744e-19 2.237292608559651059e-18 3.694951310197927430e-18 -1.311857643110755723e-17 1.372813662463107444e-17 -6.894916244902763588e-17 -3.551498229762520867e-16 3.456803307121986315e-16 3.069835930614021863e-16 -2.188190271962498987e-16 -2.357160698667950478e-15 -1.666184934857607340e-15 -3.089815778588218389e-15 3.005264673296431400e-15 -1.614834875605390951e-14 -5.064691411027381291e-15 -3.806423514217681307e-15 -1.586021057693042360e-14 -3.142282198966366611e-14 -2.328456537464090309e-14 -6.344808710158546250e-02 -1.260211040108412561e+00 -2.508850767038512508e+00 -2.398606715710529969e+00 -4.835948153315516307e-01 2.408405387032610534e+00 4.121302677457124197e+00 2.461588752446970840e+00 -1.406991182124906148e+00 -2.959686092492646470e+00 -8.366633325426868495e-02 1.943327807948951547e+00 -2.996608808841794841e-02 -7.464781419458453859e-01 3.181013980245292472e-01 -2.020374243024320587e-02 -2.917973952921564668e-02 1.054727410615420406e-02 -1.841731013859501968e-03 9.764127250696807709e-05 -1.354884491575029095e-05 0.000000000000000000e+00 0.000000000000000000e+00 0.000000000000000000e+00 0.000000000000000000e+00 0.000000000000000000e+00 0.000000000000000000e+00 0.000000000000000000e+00 0.000000000000000000e+00 0.000000000000000000e+00 0.000000000000000000e+00 0.000000000000000000e+00 0.000000000000000000e+00 0.000000000000000000e+00 0.000000000000000000e+00 0.000000000000000000e+00 0.000000000000000000e+00 0.000000000000000000e+00 0.000000000000000000e+00 0.000000000000000000e+00 0.000000000000000000e+00 0.000000000000000000e+00 0.000000000000000000e+00 0.000000000000000000e+00 0.000000000000000000e+00 0.000000000000000000e+00 0.000000000000000000e+00 0.000000000000000000e+00 0.000000000000000000e+00 0.000000000000000000e+00 0.000000000000000000e+00 0.000000000000000000e+00 0.000000000000000000e+00 0.000000000000000000e+00 0.000000000000000000e+00 0.000000000000000000e+00 0.000000000000000000e+00 0.000000000000000000e+00 0.000000000000000000e+00 0.000000000000000000e+00 0.000000000000000000e+00 0.000000000000000000e+00 0.000000000000000000e+00 0.000000000000000000e+00
-1.772964905649897505e+00 1.465695660832131125e+03 7.033520892004838061e+03 -3.532561247475185962e+00 2.841889686518312828e+03 -2.352042240705330869e+02 9.475297791300042718e+02 -9.739962997050199647e+02 1.246117649596251056e+02 1.157563177233367014e+03 -1.130307038390490106e+03 3.018211744028224643e+02 3.453803541213291339e+01 2.898367407219034249e+03 2.395340932924716810e+02 1.624991343959965889e+03 3.440060126504542495e+03 2.223899202928804698e+03 0.000000000000000000e+00 0.000000000000000000e+00 0.000000000000000000e+00 0.000000000000000000e+00 8.903221945447248359e-08 5.124021152850664912e-05 7.249373606405608598e-04 3.851005199152386215e-03 1.338854015578208774e-02 3.563024164061185523e-02 8.064235311542898577e-02 1.646913011427375562e-01 3.089564233527444803e-01 5.430419122609284610e-01 9.121941661820458513e-01 1.489885047751466463e+00 2.349729929007572160e+00 3.623425286038006732e+00 5.495166910232936353e+00 8.192508783505703107e+00 1.198210012667210300e+01 1.719830310705158993e+01 2.427110771682295010e+01 3.323273608367184551e+01 4.391160658593356914e+01 5.544500705917112526e+01 6.594530962006150787e+01 7.357676262653767196e+01 7.787881827210100028e+01 8.019723956868935488e+01 8.248991666904498743e+01 8.486421276062095842e+01 8.526916200392467715e+01 8.098654009636648254e+01 7.270217382527241057e+01 6.435949496359152988e+01 5.887160047318037925e+01 5.149066008660747684e+01 3.820085846284241171e+01 2.586107766612522596e+01 1.742146834009207268e+01 9.387457492462623065e+00 4.288466862179171279e+00 1.651407571519324824e+00 4.689758699710069312e-01 1.041840097908328239e-01 3.803786457201279846e-03 0.000000000000000000e+00 0.000000000000000000e+00 0.000000000000000000e+00 0.000000000000000000e+00 0.000000000000000000e+00 0.000000000000000000e+00 0.000000000000000000e+00 0.000000000000000000e+00 0.000000000000000000e+00 0.000000000000000000e+00 0.000000000000000000e+00 0.000000000000000000e+00 0.000000000000000000e+00 0.000000000000000000e+00 0.000000000000000000e+00 0.000000000000000000e+00 0.000000000000000000e+00 0.000000000000000000e+00 0.000000000000000000e+00 0.000000000000000000e+00 0.000000000000000000e+00 0.000000000000000000e+00 0.000000000000000000e+00 0.000000000000000000e+00 0.000000000000000000e+00 0.000000000000000000e+00 0.000000000000000000e+00 0.000000000000000000e+00 0.000000000000000000e+00 0.000000000000000000e+00 0.000000000000000000e+00 0.000000000000000000e+00 0.000000000000000000e+00 0.000000000000000000e+00 0.000000000000000000e+00 0.000000000000000000e+00 0.000000000000000000e+00 0.000000000000000000e+00 0.000000000000000000e+00 0.000000000000000000e+00 0.000000000000000000e+00 0.000000000000000000e+00 0.000000000000000000e+00
-4.328127649316236614e+00 7.033520892004838061e+03 3.489131767019783001e+04 -1.968722888066479371e+01 1.409781492917490141e+04 -7.490924283443129070e+02 4.962117586277555347e+03 -4.997471515778438516e+03 1.110630947402861324e+02 5.488150922928285581e+03 -4.891604412633018910e+03 1.429244772037940265e+03 1.449435484566610057e+02 1.367205691795938947e+04 1.149466491947945315e+03 7.797942555537435510e+03 1.650802101425726141e+04 1.164633512109130970e+04 0.000000000000000000e+00 0.000000000000000000e+00 0.000000000000000000e+00 0.000000000000000000e+00 5.015590632250200613e-07 2.716792336484244864e-04 3.646749712721827647e-03 1.849791277069326445e-02 6.189209011242935432e-02 1.599267675110877251e-01 3.537415569626607970e-01 7.092001365445265160e-01 1.310799633028412181e+00 2.276689752853727988e+00 3.786604248055226218e+00 6.131613469774863212e+00 9.603457965860005885e+00 1.472217819171331676e+01 2.222273435401667641e+01 3.301541494600553506e+01 4.817805192529657177e+01 6.911211855883124144e+01 9.769172146060822115e+01 1.343710898928246991e+02 1.791073882721759958e+02 2.295422803044493492e+02 2.796521985172205973e+02 3.227622552041062818e+02 3.565845147515333906e+02 3.848042488129854064e+02 4.128536333119755000e+02 4.393710212360683158e+02 4.533005121121643128e+02 4.396309869203232665e+02 4.009308372548651960e+02 3.590716026006222705e+02 3.311894239129046582e+02 2.914494204175544496e+02 2.172657213290686400e+02 1.476181544012393090e+02 9.969806990321684737e+01 5.382055668052770869e+01 2.462102904751245447e+01 9.490436742692390126e+00 2.697112510533625329e+00 5.994742974981798200e-01 2.189275094393038079e-02 0.000000000000000000e+00 0.000000000000000000e+00 0.000000000000000000e+00 0.000000000000000000e+00 0.000000000000000000e+00 0.000000000000000000e+00 0.000000000000000000e+00 0.000000000000000000e+00 0.000000000000000000e+00 0.000000000000000000e+00 0.000000000000000000e+00 0.000000000000000000e+00 0.000000000000000000e+00 0.000000000000000000e+00 0.000000000000000000e+00 0.000000000000000000e+00 0.000000000000000000e+00 0.000000000000000000e+00 0.000000000000000000e+00 0.000000000000000000e+00 0.000000000000000000e+00 0.000000000000000000e+00 0.000000000000000000e+00 0.000000000000000000e+00 0.000000000000000000e+00 0.000000000000000000e+00 0.000000000000000000e+00 0.000000000000000000e+00 0.000000000000000000e+00 0.000000000000000000e+00 0.000000000000000000e+00 0.000000000000000000e+00 0.000000000000000000e+00 0.000000000000000000e+00 0.000000000000000000e+00 0.000000000000000000e+00 0.000000000000000000e+00 0.000000000000000000e+00 0.000000000000000000e+00 0.000000000000000000e+00 0.000000000000000000e+00 0.000000000000000000e+00 0.000000000000000000e+00
-4.623381937297583490e-03 -3.532561247475185962e+00 -1.968722888066479371e+01 3.128508261241655375e-02 -7.954612429698640241e+00 -1.706314121077859403e+00 -3.280559629343618777e+00 3.335896475554632090e+00 2.707508947050898840e+00 -1.274212273635406456e+00 -1.850528378614165970e+00 -2.625061989957343522e-01 1.168132520814453845e-01 -2.812508175701960766e+00 -5.773155219233501168e-01 -3.916489352159618242e+00 -8.291095768800499144e+00 -7.699635521277587102e+00 0.000000000000000000e+00 0.000000000000000000e+00 0.000000000000000000e+00 0.000000000000000000e+00 -2.716504049728868938e-13 -1.558716014043289988e-10 -2.262675225551204638e-09 -1.278552055378173709e-08 -4.907670161410838674e-08 -1.485040130055792324e-07 -3.906870800733649733e-07 -9.480786656505282697e-07 -2.142915836235866605e-06 -4.579796602118518468e-06 -9.418001070623479079e-06 -1.902832849149416972e-05 -3.722119465956671302e-05 -7.135750824108269802e-05 -1.354777685575175720e-04 -2.543478095749688943e-04 -4.695488909293580909e-04 -8.556723353026268394e-04 -1.556167002665179936e-03 -2.772082440162247294e-03 -4.843123997619500423e-03 -8.295295784277850401e-03 -1.387586424734960251e-02 -2.237793867568628123e-02 -3.496348435504215146e-02 -5.349337228232159402e-02 -7.984581239235291616e-02 -1.156515230093222435e-01 -1.598466669738800583e-01 -2.060833677491561711e-01 -2.462843779402426325e-01 -2.871087189031497067e-01 -3.432248046311069389e-01 -3.881073175682888676e-01 -3.693218957265895219e-01 -3.214816917854144140e-01 -2.777828527054176377e-01 -1.895801885790035224e-01 -1.103761833767603479e-01 -5.385426183121255067e-02 -1.942386786047978209e-02 -5.411518603438966908e-03 -2.282178374401909915e-04 0.000000000000000000e+00 0.000000000000000000e+00 0.000000000000000000e+00 0.000000000000000000e+00 0.000000000000000000e+00 0.000000000000000000e+00 0.000000000000000000e+00 0.000000000000000000e+00 0.000000000000000000e+00 0.000000000000000000e+00 0.000000000000000000e+00 0.000000000000000000e+00 0.000000000000000000e+00 0.000000000000000000e+00 0.000000000000000000e+00 0.000000000000000000e+00 0.000000000000000000e+00 0.000000000000000000e+00 0.000000000000000000e+00 0.000000000000000000e+00 0.000000000000000000e+00 0.000000000000000000e+00 0.000000000000000000e+00 0.000000000000000000e+00 0.000000000000000000e+00 0.000000000000000000e+00 0.000000000000000000e+00 0.000000000000000000e+00 0.000000000000000000e+00 0.000000000000000000e+00 0.000000000000000000e+00 0.000000000000000000e+00 0.000000000000000000e+00 0.000000000000000000e+00 0.000000000000000000e+00 0.000000000000000000e+00 0.000000000000000000e+00 0.000000000000000000e+00 0.000000000000000000e+00 0.000000000000000000e+00 0.000000000000000000e+00 0.000000000000000000e+00 0.000000000000000000e+00
-1.748777250737718614e+00 2.841889686518312828e+03 1.409781492917490141e+04 -7.954612429698640241e+00 5.696213242958900992e+03 -3.026703238744282771e+02 2.004940485463426512e+03 -2.019225218411424521e+03 4.487497347935772751e+01 2.217483923827538547e+03 -1.976449682063400587e+03 5.774854499660234524e+02 5.856434946465911651e+01 5.524185986680853603e+03 4.644412121073720527e+02 3.150753778215812872e+03 6.670055493625314739e+03 4.705694370509113469e+03 0.000000000000000000e+00 0.000000000000000000e+00 0.000000000000000000e+00 0.000000000000000000e+00 2.026546236009944593e-07 1.097718232449270250e-04 1.473466924606478285e-03 7.474070004527176569e-03 2.500746002866270981e-02 6.461830968677526044e-02 1.429290532950371062e-01 2.865518684979380115e-01 5.296277661490836897e-01 9.198950607215292674e-01 1.529975061523877633e+00 2.477474560611281795e+00 3.880271142595606459e+00 5.948486825947162160e+00 8.979081819278512455e+00 1.333985761495782718e+01 1.946631153661324021e+01 2.792470797506777558e+01 3.947227852734604170e+01 5.429255424075323333e+01 7.236822742483410309e+01 9.274641378525411994e+01 1.129932946785813641e+02 1.304118859310713958e+02 1.440777485990613229e+02 1.554799143730613480e+02 1.668132505136389341e+02 1.775275844030213932e+02 1.831557864183482707e+02 1.776326233740109615e+02 1.619958522760533697e+02 1.450826548780525513e+02 1.338168781402088712e+02 1.177599547572111902e+02 8.778607786335125240e+01 5.964502231202902038e+01 4.028294235193070705e+01 2.174616202916685381e+01 9.948111279677007701e+00 3.834604988558696359e+00 1.089766611168863975e+00 2.422172123399697341e-01 8.845752230117544940e-03 0.000000000000000000e+00 0.000000000000000000e+00 0.000000000000000000e+00 0.000000000000000000e+00 0.000000000000000000e+00 0.000000000000000000e+00 0.000000000000000000e+00 0.000000000000000000e+00 0.000000000000000000e+00 0.000000000000000000e+00 0.000000000000000000e+00 0.000000000000000000e+00 0.000000000000000000e+00 0.000000000000000000e+00 0.000000000000000000e+00 0.000000000000000000e+00 0.000000000000000000e+00 0.000000000000000000e+00 0.000000000000000000e+00 0.000000000000000000e+00 0.000000000000000000e+00 0.000000000000000000e+00 0.000000000000000000e+00 0.000000000000000000e+00 0.000000000000000000e+00 0.000000000000000000e+00 0.000000000000000000e+00 0.000000000000000000e+00 0.000000000000000000e+00 0.000000000000000000e+00 0.000000000000000000e+00 0.000000000000000000e+00 0.000000000000000000e+00 0.000000000000000000e+00 0.000000000000000000e+00 0.000000000000000000e+00 0.000000000000000000e+00 0.000000000000000000e+00 0.000000000000000000e+00 0.000000000000000000e+00 0.000000000000000000e+00 0.000000000000000000e+00 0.000000000000000000e+00
2.331981228831639275e+00 -2.352042240705330869e+02 -7.490924283443129070e+02 -1.706314121077859403e+00 -3.026703238744282771e+02 3.807569088449080823e+02 -1.371243334165245642e+01 3.673477705037377206e+01 -3.766815559140621872e+02 -3.629235155369249242e+02 7.208823796577427174e+02 -1.027593033350534029e+02 -2.909905108955044994e+01 -9.536431749994006850e+02 -3.843869642031173584e+01 -2.607668415695822546e+02 -5.520359338111941270e+02 -3.218375849539524580e+01 0.000000000000000000e+00 0.000000000000000000e+00 0.000000000000000000e+00 0.000000000000000000e+00 -2.791199856211685141e-07 -1.467910726938620361e-04 -1.908260479098082985e-03 -9.332755339951788812e-03 -2.999538268406873320e-02 -7.433315848065223663e-02 -1.574279276082539980e-01 -3.012939580581509569e-01 -5.303906789611515515e-01 -8.755983251054032523e-01 -1.380503718047781936e+00 -2.109989027466369738e+00 -3.111092810194512115e+00 -4.473922081524084327e+00 -6.302679433724598823e+00 -8.691825763298286489e+00 -1.171370761066048694e+01 -1.541807833826145036e+01 -1.979417493944342610e+01 -2.451634247202163053e+01 -2.908624132039308208e+01 -3.265259012452052190e+01 -3.409965660685348610e+01 -3.288855567748415609e+01 -2.918190651320157869e+01 -2.363729647713189763e+01 -1.700023235462834847e+01 -9.258917531618285679e+00 -4.404279222087459922e-01 8.517660529912104650e+00 1.578822094565706102e+01 2.139314212986947084e+01 2.649506790323643557e+01 2.915514127661313992e+01 2.601792177943995554e+01 2.066796793771257867e+01 1.598478894021437569e+01 9.673513593738325866e+00 4.919561643567829989e+00 2.083358216673034669e+00 6.458763043223343381e-01 1.549190887555908780e-01 5.926962187363979395e-03 0.000000000000000000e+00 0.000000000000000000e+00 0.000000000000000000e+00 0.000000000000000000e+00 0.000000000000000000e+00 0.000000000000000000e+00 0.000000000000000000e+00 0.000000000000000000e+00 0.000000000000000000e+00 0.000000000000000000e+00 0.000000000000000000e+00 0.000000000000000000e+00 0.000000000000000000e+00 0.000000000000000000e+00 0.000000000000000000e+00 0.000000000000000000e+00 0.000000000000000000e+00 0.000000000000000000e+00 0.000000000000000000e+00 0.000000000000000000e+00 0.000000000000000000e+00 0.000000000000000000e+00 0.000000000000000000e+00 0.000000000000000000e+00 0.000000000000000000e+00 0.000000000000000000e+00 0.000000000000000000e+00 0.000000000000000000e+00 0.000000000000000000e+00 0.000000000000000000e+00 0.000000000000000000e+00 0.000000000000000000e+00 0.000000000000000000e+00 0.000000000000000000e+00 0.000000000000000000e+00 0.000000000000000000e+00 0.000000000000000000e+00 0.000000000000000000e+00 0.000000000000000000e+00 0.000000000000000000e+00 0.000000000000000000e+00 0.000000000000000000e+00 0.000000000000000000e+00
3.771571634610596524e-01 9.475297791300042718e+02 4.962117586277555347e+03 -3.280559629343618777e+00 2.004940485463426512e+03 -1.371243334165245642e+01 7.638481775133315068e+02 -7.475560950823215762e+02 -9.689516468556205098e+01 7.240169145641744990e+02 -5.366580077799505943e+02 1.881496482898196518e+02 1.474886507396996649e+01 1.787516286141640421e+03 1.548518512926923165e+02 1.050509822998584468e+03 2.223899202928804698e+03 1.792789409415962837e+03 0.000000000000000000e+00 0.000000000000000000e+00 0.000000000000000000e+00 0.000000000000000000e+00 8.464011524659998664e-08 4.252416128697300259e-05 5.298587217198587026e-04 2.496074096603517756e-03 7.796573921570918754e-03 1.900532098326687680e-02 4.001831523457745343e-02 7.690697857231994228e-02 1.371175646581560548e-01 2.310732018349856143e-01 3.743969041049406976e-01 5.921717394332040030e-01 9.095668190901942118e-01 1.370924871308287774e+00 2.041039289261542322e+00 3.000802495132488090e+00 4.349068279723548258e+00 6.227992273418435865e+00 8.846557565007534762e+00 1.233478238397232296e+01 1.686620600352782873e+01 2.253240200671360327e+01 2.921904377113835238e+01 3.651724904082730916e+01 4.410090527378709879e+01 5.182951656703764343e+01 5.952442574475579562e+01 6.657103673468651550e+01 7.120109813110236985e+01 7.094049639728743273e+01 6.596920779335874840e+01 5.991090317794317599e+01 5.579931455339624335e+01 4.945313082437495211e+01 3.706814478837740978e+01 2.528901435890971428e+01 1.712874435959336950e+01 9.265741864411962680e+00 4.245332841349775954e+00 1.638202661417231587e+00 4.659422524187538106e-01 1.036211977965387776e-01 3.785345138982708878e-03 0.000000000000000000e+00 0.000000000000000000e+00 0.000000000000000000e+00 0.000000000000000000e+00 0.000000000000000000e+00 0.000000000000000000e+00 0.000000000000000000e+00 0.000000000000000000e+00 0.000000000000000000e+00 0.000000000000000000e+00 0.000000000000000000e+00 0.000000000000000000e+00 0.000000000000000000e+00 0.000000000000000000e+00 0.000000000000000000e+00 0.000000000000000000e+00 0.000000000000000000e+00 0.000000000000000000e+00 0.000000000000000000e+00 0.000000000000000000e+00 0.000000000000000000e+00 0.000000000000000000e+00 0.000000000000000000e+00 0.000000000000000000e+00 0.000000000000000000e+00 0.000000000000000000e+00 0.000000000000000000e+00 0.000000000000000000e+00 0.000000000000000000e+00 0.000000000000000000e+00 0.000000000000000000e+00 0.000000000000000000e+00 0.000000000000000000e+00 0.000000000000000000e+00 0.000000000000000000e+00 0.000000000000000000e+00 0.000000000000000000e+00 0.000000000000000000e+00 0.000000000000000000e+00 0.000000000000000000e+00 0.000000000000000000e+00 0.000000000000000000e+00 0.000000000000000000e+00
-1.281368493552839660e-01 -9.739962997050199647e+02 -4.997471515778438516e+03 3.335896475554632090e+00 -2.019225218411424521e+03 3.673477705037377206e+01 -7.475560950823215762e+02 7.591243008880722982e+02 9.586432411837067491e+01 -7.372894454159269344e+02 5.470415194356123720e+02 -1.912065770833870033e+02 -1.483631925792229289e+01 -1.820920794414535749e+03 -1.591771926155585106e+02 -1.079852795068735531e+03 -2.286017434257764762e+03 -1.754551087064088733e+03 -0.000000000000000000e+00 -0.000000000000000000e+00 -0.000000000000000000e+00 -0.000000000000000000e+00 -9.158034500228698659e-08 -4.708346653583269455e-05 -6.132188725375137131e-04 -3.066513708025055997e-03 -1.023568007891534348e-02 -2.651518959761573271e-02 -5.890718860988118644e-02 -1.185340099513986639e-01 -2.191822674134740467e-01 -3.798915148970311018e-01 -6.282851972069178892e-01 -1.008058181818312526e+00 -1.554916261240559594e+00 -2.339308957870616101e+00 -3.443834846391368387e+00 -4.943450223957184697e+00 -6.923161307589774438e+00 -9.444010062296721131e+00 -1.256564860381156556e+01 -1.612915975474155772e+01 -2.007511694891163145e+01 -2.428761383268980723e+01 -2.942036918347525543e+01 -3.744142468661066658e+01 -4.234410543421397932e+01 -4.765720793434963554e+01 -5.402135832877652888e+01 -6.083863902994707473e+01 -6.631644695084652597e+01 -6.775095971070983580e+01 -6.454406997750291453e+01 -5.987799596095214127e+01 -5.676381068191576418e+01 -5.102514390181300286e+01 -3.861034192040539637e+01 -2.654521185854116894e+01 -1.811707935211846632e+01 -9.841100307537859138e+00 -4.523862559205742429e+00 -1.750829572975133752e+00 -4.988453963636561572e-01 -1.111043366037205021e-01 -4.061593520974520963e-03 -0.000000000000000000e+00 -0.000000000000000000e+00 -0.000000000000000000e+00 -0.000000000000000000e+00 -0.000000000000000000e+00 -0.000000000000000000e+00 -0.000000000000000000e+00 -0.000000000000000000e+00 -0.000000000000000000e+00 -0.000000000000000000e+00 -0.000000000000000000e+00 -0.000000000000000000e+00 -0.000000000000000000e+00 -0.000000000000000000e+00 -0.000000000000000000e+00 -0.000000000000000000e+00 -0.000000000000000000e+00 -0.000000000000000000e+00 -0.000000000000000000e+00 -0.000000000000000000e+00 -0.000000000000000000e+00 -0.000000000000000000e+00 -0.000000000000000000e+00 -0.000000000000000000e+00 -0.000000000000000000e+00 -0.000000000000000000e+00 -0.000000000000000000e+00 -0.000000000000000000e+00 -0.000000000000000000e+00 -0.000000000000000000e+00 -0.000000000000000000e+00 -0.000000000000000000e+00 -0.000000000000000000e+00 -0.000000000000000000e+00 -0.000000000000000000e+00 -0.000000000000000000e+00 -0.000000000000000000e+00 -0.000000000000000000e+00 -0.000000000000000000e+00 -0.000000000000000000e+00 -0.000000000000000000e+00 -0.000000000000000000e+00 -0.000000000000000000e+00
-2.202302620265677469e+00 1.246117649596251056e+02 1.110630947402861324e+02 2.707508947050898840e+00 4.487497347935772751e+01 -3.766815559140621872e+02 -9.689516468556205098e+01 9.586432411837067491e+01 4.671345737107353102e+02 2.971679396588792770e+02 -7.540012763011781090e+02 8.639152845290317373e+01 3.127064721525109547e+01 8.028796777673040879e+02 2.036491403422189350e+01 1.381549013387960940e+02 2.924699686206268439e+02 -2.274177384796593060e+02 0.000000000000000000e+00 0.000000000000000000e+00 0.000000000000000000e+00 0.000000000000000000e+00 1.044562138560704952e-07 5.902358973363077197e-05 8.071053099125848713e-04 4.096250568808882005e-03 1.354685820196741344e-02 3.433830570699698825e-02 7.430859305888977417e-02 1.454335973027720552e-01 2.618996748328820123e-01 4.432535601027443040e-01 7.177959472165206245e-01 1.130325135058274588e+00 1.718306515115248567e+00 2.555054877397906932e+00 3.731005966866688173e+00 5.334352314249661831e+00 7.464941394988284351e+00 1.020979209060273973e+01 1.364623505477729992e+01 1.757182984415817018e+01 2.173398834907820998e+01 2.554125359334868861e+01 2.899435614937258876e+01 3.426094434924664967e+01 3.324127415344073455e+01 2.907125253834044187e+01 2.255564768141886844e+01 1.341674710305155038e+01 1.855415165659361820e+00 -1.030611392707911378e+01 -2.075790687919589672e+01 -2.832135153526956017e+01 -3.418003878354413416e+01 -3.726533335582539763e+01 -3.678291626780293200e+01 -3.203374724059987955e+01 -2.485317414872855935e+01 -1.672826746556599176e+01 -9.457250113799217317e+00 -4.361163157674141644e+00 -1.535094465705210132e+00 -4.126674213440861272e-01 -1.711436402503241708e-02 0.000000000000000000e+00 0.000000000000000000e+00 0.000000000000000000e+00 0.000000000000000000e+00 0.000000000000000000e+00 0.000000000000000000e+00 0.000000000000000000e+00 0.000000000000000000e+00 0.000000000000000000e+00 0.000000000000000000e+00 0.000000000000000000e+00 0.000000000000000000e+00 0.000000000000000000e+00 0.000000000000000000e+00 0.000000000000000000e+00 0.000000000000000000e+00 0.000000000000000000e+00 0.000000000000000000e+00 0.000000000000000000e+00 0.000000000000000000e+00 0.000000000000000000e+00 0.000000000000000000e+00 0.000000000000000000e+00 0.000000000000000000e+00 0.000000000000000000e+00 0.000000000000000000e+00 0.000000000000000000e+00 0.000000000000000000e+00 0.000000000000000000e+00 0.000000000000000000e+00 0.000000000000000000e+00 0.000000000000000000e+00 0.000000000000000000e+00 0.000000000000000000e+00 0.000000000000000000e+00 0.000000000000000000e+00 0.000000000000000000e+00 0.000000000000000000e+00 0.000000000000000000e+00 0.000000000000000000e+00 0.000000000000000000e+00 0.000000000000000000e+00 0.000000000000000000e+00
-1.743283548554579010e+00 1.157563177233367014e+03 5.488150922928285581e+03 -1.274212273635406456e+00 2.217483923827538547e+03 -3.629235155369249242e+02 7.240169145641744990e+02 -7.372894454159269344e+02 2.971679396588792770e+02 1.050826468774657769e+03 -1.237449414829884745e+03 2.805498712991276307e+02 4.286183877501154882e+01 2.654397038958682515e+03 1.891769577389123071e+02 1.283370206624671937e+03 2.716857964667531178e+03 1.699303467469515226e+03 0.000000000000000000e+00 0.000000000000000000e+00 0.000000000000000000e+00 0.000000000000000000e+00 1.893494534710082999e-07 1.018868866183299758e-04 1.359541409655772330e-03 6.848364516495245025e-03 2.274515866833499989e-02 5.826031678296032801e-02 1.277113012985537366e-01 2.534283415968981434e-01 4.625127433635047858e-01 7.923496978092277043e-01 1.297106398868968835e+00 2.062473941851957093e+00 3.159083927385199164e+00 4.725905067392628389e+00 6.929445334737406981e+00 9.925503444307983258e+00 1.389053707693078188e+01 1.896308683515726656e+01 2.527088187275611375e+01 3.246525085973253510e+01 4.026494664321701578e+01 4.804129767232844017e+01 5.652766027267543336e+01 6.976311404426553509e+01 7.419848350663409065e+01 7.638291877992512013e+01 7.769187849194503315e+01 7.723129478042709195e+01 7.323568338987368520e+01 6.434958904289229054e+01 5.190622704364783857e+01 4.036158448536868093e+01 3.195610336049744049e+01 2.309466925377339308e+01 1.007458130491222370e+01 1.109518510186166429e+00 -1.821034719181172878e+00 -3.774323133111977757e+00 -3.260036110510883489e+00 -1.866589201350328686e+00 -7.842510991918870689e-01 -2.357394099126679243e-01 -1.036850084196164028e-02 0.000000000000000000e+00 0.000000000000000000e+00 0.000000000000000000e+00 0.000000000000000000e+00 0.000000000000000000e+00 0.000000000000000000e+00 0.000000000000000000e+00 0.000000000000000000e+00 0.000000000000000000e+00 0.000000000000000000e+00 0.000000000000000000e+00 0.000000000000000000e+00 0.000000000000000000e+00 0.000000000000000000e+00 0.000000000000000000e+00 0.000000000000000000e+00 0.000000000000000000e+00 0.000000000000000000e+00 0.000000000000000000e+00 0.000000000000000000e+00 0.000000000000000000e+00 0.000000000000000000e+00 0.000000000000000000e+00 0.000000000000000000e+00 0.000000000000000000e+00 0.000000000000000000e+00 0.000000000000000000e+00 0.000000000000000000e+00 0.000000000000000000e+00 0.000000000000000000e+00 0.000000000000000000e+00 0.000000000000000000e+00 0.000000000000000000e+00 0.000000000000000000e+00 0.000000000000000000e+00 0.000000000000000000e+00 0.000000000000000000e+00 0.000000000000000000e+00 0.000000000000000000e+00 0.000000000000000000e+00 0.000000000000000000e+00 0.000000000000000000e+00 0.000000000000000000e+00
3.682906838386252879e+00 -1.130307038390490106e+03 -4.891604412633018910e+03 -1.850528378614165970e+00 -1.976449682063400587e+03 7.208823796577427174e+02 -5.366580077799505943e+02 5.470415194356123720e+02 -7.540012763011781090e+02 -1.237449414829884745e+03 1.887717036209062144e+03 -3.386110435237723664e+02 -7.125164340999181434e+01 -3.180441732281855366e+03 -1.847225715529864374e+02 -1.253151798483721223e+03 -2.652886460253976111e+03 -1.259562857056595021e+03 0.000000000000000000e+00 0.000000000000000000e+00 0.000000000000000000e+00 0.000000000000000000e+00 -2.978070866568830590e-07 -1.621168501419483388e-04 -2.172050513867534918e-03 -1.092432427018186041e-02 -3.609188459830753315e-02 -9.180487605039559795e-02 -1.997643815491810526e-01 -3.934549494515063861e-01 -7.128621071282991162e-01 -1.213034463371743144e+00 -1.973175513002850989e+00 -3.118176581211864029e+00 -4.748505158896541900e+00 -7.064459434227049250e+00 -1.030242610663517766e+01 -1.467432647996278838e+01 -2.041810980491873195e+01 -2.770012152634834379e+01 -3.664324042064016851e+01 -4.664488348025967923e+01 -5.718068720474951760e+01 -6.716282742274825068e+01 -7.787706280201710740e+01 -9.647186972114332093e+01 -9.970445120125985738e+01 -9.782543373297664857e+01 -9.274183996571211708e+01 -8.312831288161997634e+01 -6.758393009824931141e+01 -4.685194301045589782e+01 -2.448620353298793262e+01 -5.878207340490520849e+00 8.132409669011559927e+00 1.965195998265697241e+01 3.133533753293269797e+01 3.452701371459683344e+01 2.930849367874788669e+01 2.216219032363624919e+01 1.360874978174102168e+01 6.624294919675016047e+00 2.454272777724126886e+00 6.837913862624993566e-01 2.892994315568163735e-02 0.000000000000000000e+00 0.000000000000000000e+00 0.000000000000000000e+00 0.000000000000000000e+00 0.000000000000000000e+00 0.000000000000000000e+00 0.000000000000000000e+00 0.000000000000000000e+00 0.000000000000000000e+00 0.000000000000000000e+00 0.000000000000000000e+00 0.000000000000000000e+00 0.000000000000000000e+00 0.000000000000000000e+00 0.000000000000000000e+00 0.000000000000000000e+00 0.000000000000000000e+00 0.000000000000000000e+00 0.000000000000000000e+00 0.000000000000000000e+00 0.000000000000000000e+00 0.000000000000000000e+00 0.000000000000000000e+00 0.000000000000000000e+00 0.000000000000000000e+00 0.000000000000000000e+00 0.000000000000000000e+00 0.000000000000000000e+00 0.000000000000000000e+00 0.000000000000000000e+00 0.000000000000000000e+00 0.000000000000000000e+00 0.000000000000000000e+00 0.000000000000000000e+00 0.000000000000000000e+00 0.000000000000000000e+00 0.000000000000000000e+00 0.000000000000000000e+00 0.000000000000000000e+00 0.000000000000000000e+00 0.000000000000000000e+00 0.000000000000000000e+00 0.000000000000000000e+00
-4.651325707251182107e-01 3.018211744028224643e+02 1.429244772037940265e+03 -2.625061989957343522e-01 5.774854499660235660e+02 -1.027593033350534029e+02 1.881496482898196518e+02 -1.912065770833870033e+02 8.639152845290317373e+01 2.805498712991275170e+02 -3.386110435237723095e+02 7.517762625344572314e+01 1.190252099646449402e+01 7.095495184205803980e+02 4.932569787782792048e+01 3.346238983541554717e+02 7.083892073532171025e+02 4.415965197919711613e+02 0.000000000000000000e+00 0.000000000000000000e+00 0.000000000000000000e+00 0.000000000000000000e+00 5.537442031104837024e-08 2.964590658137597107e-05 3.937818114517300312e-04 1.975105519698066702e-03 6.534947034958597800e-03 1.668417679415792887e-02 3.647024859143090797e-02 7.218294808536077078e-02 1.313969611884353017e-01 2.245450769670231106e-01 3.666446820345045654e-01 5.813733757075575381e-01 8.876979462333236537e-01 1.323488625293872900e+00 1.933003109713898882e+00 2.755323435346598959e+00 3.834339860422240953e+00 5.199235226964749934e+00 6.871820302244767475e+00 8.741937498401478379e+00 1.072935634715043918e+01 1.267493878740638813e+01 1.488832261646129673e+01 1.870761266190525518e+01 1.992486787221821842e+01 2.052988392046148292e+01 2.086973643916199350e+01 2.066000614555579418e+01 1.943114544345959516e+01 1.686431091699981621e+01 1.334096148500433898e+01 1.009155086458509665e+01 7.702443814813767275e+00 5.238954378039681892e+00 1.702920512335079462e+00 -6.147967923218059516e-01 -1.208927067176403192e+00 -1.516533435406791197e+00 -1.168564652008705629e+00 -6.393459321419969754e-01 -2.603157790080908307e-01 -7.689040584472091322e-02 -3.353128888789269971e-03 0.000000000000000000e+00 0.000000000000000000e+00 0.000000000000000000e+00 0.000000000000000000e+00 0.000000000000000000e+00 0.000000000000000000e+00 0.000000000000000000e+00 0.000000000000000000e+00 0.000000000000000000e+00 0.000000000000000000e+00 0.000000000000000000e+00 0.000000000000000000e+00 0.000000000000000000e+00 0.000000000000000000e+00 0.000000000000000000e+00 0.000000000000000000e+00 0.000000000000000000e+00 0.000000000000000000e+00 0.000000000000000000e+00 0.000000000000000000e+00 0.000000000000000000e+00 0.000000000000000000e+00 0.000000000000000000e+00 0.000000000000000000e+00 0.000000000000000000e+00 0.000000000000000000e+00 0.000000000000000000e+00 0.000000000000000000e+00 0.000000000000000000e+00 0.000000000000000000e+00 0.000000000000000000e+00 0.000000000000000000e+00 0.000000000000000000e+00 0.000000000000000000e+00 0.000000000000000000e+00 0.000000000000000000e+00 0.000000000000000000e+00 0.000000000000000000e+00 0.000000000000000000e+00 0.000000000000000000e+00 0.000000000000000000e+00 0.000000000000000000e+00 0.000000000000000000e+00
-1.334192100385221402e-01 3.453803541213291339e+01 1.449435484566610057e+02 1.168132520814453845e-01 5.856434946465912361e+01 -2.909905108955044994e+01 1.474886507396996649e+01 -1.483631925792229289e+01 3.127064721525109547e+01 4.286183877501153461e+01 -7.125164340999181434e+01 1.190252099646449935e+01 2.783174747123466908e+00 1.108193033688463771e+02 5.644443944011967140e+00 3.829172049962613045e+01 8.106247541295560666e+01 3.461631497452498252e+01 0.000000000000000000e+00 0.000000000000000000e+00 0.000000000000000000e+00 0.000000000000000000e+00 1.309682334768552104e-08 7.040721369932229322e-06 9.335019967671299545e-05 4.651780480343525480e-04 1.524741092225102585e-03 3.852497593648060263e-03 8.334866117515672343e-03 1.632863209398658852e-02 2.942478561543008728e-02 4.980540913917930884e-02 8.055954308954074716e-02 1.265170643318724586e-01 1.912785166283168248e-01 2.823159833137265928e-01 4.078635218830981568e-01 5.740601993586893492e-01 7.875852821953086558e-01 1.050156082457670781e+00 1.359539901368854053e+00 1.685286667933092897e+00 2.005849463458275750e+00 2.286793059128485073e+00 2.633374775030760340e+00 3.437004458385976680e+00 3.558842552628562306e+00 3.488699913543768183e+00 3.283219353792051987e+00 2.871728743885807233e+00 2.209138107735002521e+00 1.352175120156746679e+00 4.445041305230207906e-01 -3.053965901982697573e-01 -8.811965015055732708e-01 -1.334952135714272847e+00 -1.757336703332840200e+00 -1.801375238123437361e+00 -1.490841061262691669e+00 -1.097360282821521871e+00 -6.623330946851414547e-01 -3.190319398809421947e-01 -1.171197245224978034e-01 -3.243214183915149595e-02 -1.367642266297328015e-03 0.000000000000000000e+00 0.000000000000000000e+00 0.000000000000000000e+00 0.000000000000000000e+00 0.000000000000000000e+00 0.000000000000000000e+00 0.000000000000000000e+00 0.000000000000000000e+00 0.000000000000000000e+00 0.000000000000000000e+00 0.000000000000000000e+00 0.000000000000000000e+00 0.000000000000000000e+00 0.000000000000000000e+00 0.000000000000000000e+00 0.000000000000000000e+00 0.000000000000000000e+00 0.000000000000000000e+00 0.000000000000000000e+00 0.000000000000000000e+00 0.000000000000000000e+00 0.000000000000000000e+00 0.000000000000000000e+00 0.000000000000000000e+00 0.000000000000000000e+00 0.000000000000000000e+00 0.000000000000000000e+00 0.000000000000000000e+00 0.000000000000000000e+00 0.000000000000000000e+00 0.000000000000000000e+00 0.000000000000000000e+00 0.000000000000000000e+00 0.000000000000000000e+00 0.000000000000000000e+00 0.000000000000000000e+00 0.000000000000000000e+00 0.000000000000000000e+00 0.000000000000000000e+00 0.000000000000000000e+00 0.000000000000000000e+00 0.000000000000000000e+00 0.000000000000000000e+00
-4.654726925586108344e+00 2.898367407219034249e+03 1.367205691795938947e+04 -2.812508175701960766e+00 5.524185986680853603e+03 -9.536431749994006850e+02 1.787516286141640421e+03 -1.820920794414535521e+03 8.028796777673040879e+02 2.654397038958682060e+03 -3.180441732281855366e+03 7.095495184205806254e+02 1.108193033688463913e+02 6.712199416580464458e+03 4.736711907317150008e+02 3.213369647060751959e+03 6.802611494308367583e+03 4.195389033179118087e+03 0.000000000000000000e+00 0.000000000000000000e+00 0.000000000000000000e+00 0.000000000000000000e+00 4.830216263072327885e-07 2.604082495340757529e-04 3.478687469092673398e-03 1.753239571897166615e-02 5.823525263193462392e-02 1.491441844292158425e-01 3.268532197584215204e-01 6.484127485118889034e-01 1.183045068620423690e+00 2.026245531095168140e+00 3.316430113573499927e+00 5.272618711070164110e+00 8.075733407033617084e+00 1.208136688778631651e+01 1.771659770599564609e+01 2.538289053696859554e+01 3.553515218386588970e+01 4.853481849223828704e+01 6.471760259076961574e+01 8.319725376998079014e+01 1.032408625945442111e+02 1.231946819802762860e+02 1.448158344484657221e+02 1.783093628589172113e+02 1.891603180296008588e+02 1.939626849742854517e+02 1.962634444369810751e+02 1.938266220052428253e+02 1.822943744276550149e+02 1.585421244091812980e+02 1.262068649650475152e+02 9.650919982614269088e+01 7.484838416516366522e+01 5.243500298615074939e+01 2.019190176139329651e+01 -1.427470525811102675e+00 -7.761391239358864880e+00 -1.154326406518451265e+01 -9.318049249143454560e+00 -5.197441516301504194e+00 -2.144805407646248163e+00 -6.383245432505603167e-01 -2.793963509991648220e-02 0.000000000000000000e+00 0.000000000000000000e+00 0.000000000000000000e+00 0.000000000000000000e+00 0.000000000000000000e+00 0.000000000000000000e+00 0.000000000000000000e+00 0.000000000000000000e+00 0.000000000000000000e+00 0.000000000000000000e+00 0.000000000000000000e+00 0.000000000000000000e+00 0.000000000000000000e+00 0.000000000000000000e+00 0.000000000000000000e+00 0.000000000000000000e+00 0.000000000000000000e+00 0.000000000000000000e+00 0.000000000000000000e+00 0.000000000000000000e+00 0.000000000000000000e+00 0.000000000000000000e+00 0.000000000000000000e+00 0.000000000000000000e+00 0.000000000000000000e+00 0.000000000000000000e+00 0.000000000000000000e+00 0.000000000000000000e+00 0.000000000000000000e+00 0.000000000000000000e+00 0.000000000000000000e+00 0.000000000000000000e+00 0.000000000000000000e+00 0.000000000000000000e+00 0.000000000000000000e+00 0.000000000000000000e+00 0.000000000000000000e+00 0.000000000000000000e+00 0.000000000000000000e+00 0.000000000000000000e+00 0.000000000000000000e+00 0.000000000000000000e+00 0.000000000000000000e+00
