0.0855058688914182712936806751713447738438844680786132812500000000 0.7891179161879210424146435798320453613996505737304687500000000000 9.7122879280485143738133047008886933326721191406250000000000000000 -0.0023581803820684056442746889814543465035967528820037841796875000 0.7917486401150238828350325093197170644998550415039062500000000000 0.3492018397248811689692615800595376640558242797851562500000000000 0.2262662627831169559478041719557950273156166076660156250000000000 0.2579645742976960920422868639434454962611198425292968750000000000 0.0654079524032416814716128783402382396161556243896484375000000000 0.9728316013057625166737807376193813979625701904296875000000000000 0.2789430657057222484596081812924239784479141235351562500000000000
0.7891179161879210424146435798320453613996505737304687500000000000 639.3490094655581970073399133980274200439453125000000000000000000000 7655.4598976445186053751967847347259521484375000000000000000000000000 -0.9704296613110591218642753119638655334711074829101562500000000000 624.0753989501031355757731944322586059570312500000000000000000000000 194.1773114199572205507138278335332870483398437500000000000000000000 157.4582592194923904571624007076025009155273437500000000000000000000 133.6844667122813063997455174103379249572753906250000000000000000000 128.4444148130537541874218732118606567382812500000000000000000000000 788.1951580522890026259119622409343719482421875000000000000000000000 194.1159455551354540148167870938777923583984375000000000000000000000
9.7122879280485143738133047008886933326721191406250000000000000000 7655.4598976445186053751967847347259521484375000000000000000000000000 94508.8542853776889387518167495727539062500000000000000000000000000000 -14.0799609402989176487608347088098526000976562500000000000000000000 7704.3902954297745964140631258487701416015625000000000000000000000000 2392.8648138415142057056073099374771118164062500000000000000000000000 2229.8603979654567410761956125497817993164062500000000000000000000000 1867.5849426638337718031834810972213745117187500000000000000000000000 1165.0705670817408190487185493111610412597656250000000000000000000000 9437.7192028979516180697828531265258789062500000000000000000000000000 2748.9917756783570439438335597515106201171875000000000000000000000000
-0.0023581803820684056442746889814543465035967528820037841796875000 -0.9704296613110591218642753119638655334711074829101562500000000000 -14.0799609402989176487608347088098526000976562500000000000000000000 0.0043298945447601986866170697965117142302915453910827636718750000 -1.1478026609116640521790486673125997185707092285156250000000000000 -0.4173921276378768085990600411605555564165115356445312500000000000 -0.5370271770648600284658868986298330128192901611328125000000000000 -0.4366556408172433401126966145966434851288795471191406250000000000 0.2327868061251143483314507420800509862601757049560546875000000000 -1.1963543369138576188959177670767530798912048339843750000000000000 -0.6620518909677205465769134207221213728189468383789062500000000000
0.7917486401150238828350325093197170644998550415039062500000000000 624.0753989501031355757731944322586059570312500000000000000000000000 7704.3902954297745964140631258487701416015625000000000000000000000000 -1.1478026609116640521790486673125997185707092285156250000000000000 628.0642197298993778531439602375030517578125000000000000000000000000 195.0670610646506020202650688588619232177734375000000000000000000000 181.7788919371787415002472698688507080078125000000000000000000000000 152.2460875962200930189283099025487899780273437500000000000000000000 94.9769038931647600065844017080962657928466796875000000000000000000 769.3657148592490102601004764437675476074218750000000000000000000000 224.0986383646112471978995017707347869873046875000000000000000000000
0.3492018397248811689692615800595376640558242797851562500000000000 194.1773114199572205507138278335332870483398437500000000000000000000 2392.8648138415142057056073099374771118164062500000000000000000000000 -0.4173921276378768085990600411605555564165115356445312500000000000 195.0670610646506020202650688588619232177734375000000000000000000000 72.0082447561094625143596203997731208801269531250000000000000000000 56.0372990390350480538472766056656837463378906250000000000000000000 43.3404979168155222168934415094554424285888671875000000000000000000 21.4956865622866750697994575602933764457702636718750000000000000000 239.3835204229975772705074632540345191955566406250000000000000000000 69.0832817740917590754179400391876697540283203125000000000000000000
0.2262662627831169559478041719557950273156166076660156250000000000 157.4582592194923904571624007076025009155273437500000000000000000000 2229.8603979654567410761956125497817993164062500000000000000000000000 -0.5370271770648600284658868986298330128192901611328125000000000000 181.7788919371787415002472698688507080078125000000000000000000000000 56.0372990390350480538472766056656837463378906250000000000000000000 80.5094696994343621554435230791568756103515625000000000000000000000 65.2524871372634009958346723578870296478271484375000000000000000000 -13.5405398047979161901821498759090900421142578125000000000000000000 194.1159455551354540148167870938777923583984375000000000000000000000 99.2527919101594875428418163210153579711914062500000000000000000000
0.2579645742976960920422868639434454962611198425292968750000000000 133.6844667122813063997455174103379249572753906250000000000000000000 1867.5849426638337718031834810972213745117187500000000000000000000000 -0.4366556408172433401126966145966434851288795471191406250000000000 152.2460875962200930189283099025487899780273437500000000000000000000 43.3404979168155222168934415094554424285888671875000000000000000000 65.2524871372634009958346723578870296478271484375000000000000000000 61.4252309579275745932136487681418657302856445312500000000000000000 -14.6139126479981449335809884360060095787048339843750000000000000000 164.8074022316895081985421711578965187072753906250000000000000000000 80.4438478061502308946728589944541454315185546875000000000000000000
0.0654079524032416814716128783402382396161556243896484375000000000 128.4444148130537541874218732118606567382812500000000000000000000000 1165.0705670817408190487185493111610412597656250000000000000000000000 0.2327868061251143483314507420800509862601757049560546875000000000 94.9769038931647600065844017080962657928466796875000000000000000000 21.4956865622866750697994575602933764457702636718750000000000000000 -13.5405398047979161901821498759090900421142578125000000000000000000 -14.6139126479981449335809884360060095787048339843750000000000000000 95.9393144352963673782141995616257190704345703125000000000000000000 158.3474195402854149961058283224701881408691406250000000000000000000 -16.6928981722789977482079848414286971092224121093750000000000000000
0.9728316013057625166737807376193813979625701904296875000000000000 788.1951580522890026259119622409343719482421875000000000000000000000 9437.7192028979516180697828531265258789062500000000000000000000000000 -1.1963543369138576188959177670767530798912048339843750000000000000 769.3657148592490102601004764437675476074218750000000000000000000000 239.3835204229975772705074632540345191955566406250000000000000000000 194.1159455551354540148167870938777923583984375000000000000000000000 164.8074022316895081985421711578965187072753906250000000000000000000 158.3474195402854149961058283224701881408691406250000000000000000000 971.6940168506504278411739505827426910400390625000000000000000000000 239.3078680378274611939559690654277801513671875000000000000000000000
0.2789430657057222484596081812924239784479141235351562500000000000 194.1159455551354540148167870938777923583984375000000000000000000000 2748.9917756783570439438335597515106201171875000000000000000000000000 -0.6620518909677205465769134207221213728189468383789062500000000000 224.0986383646112471978995017707347869873046875000000000000000000000 69.0832817740917590754179400391876697540283203125000000000000000000 99.2527919101594875428418163210153579711914062500000000000000000000 80.4438478061502308946728589944541454315185546875000000000000000000 -16.6928981722789977482079848414286971092224121093750000000000000000 239.3078680378274611939559690654277801513671875000000000000000000000 122.3597266102801626175278215669095516204833984375000000000000000000
