1.651189411280781305e-03 1.561651825130519998e-02 2.222341484352213514e-01 -4.514486130892278416e-05 1.536046654788059476e-02 6.769604891969856729e-03 4.452351182731972140e-03 5.026627081478719263e-03 1.314559159989910075e-03 1.879866796400166129e-02 5.359598740027285250e-03
1.561651825130519998e-02 1.167042882216919431e+01 1.619437569861618158e+02 -1.632000204664596846e-02 1.119329175709073887e+01 3.350790033252137423e+00 2.881867251745461100e+00 2.469203741627409521e+00 2.408558252853616022e+00 1.404849102053446863e+01 3.469100135516125949e+00
2.222341484352213514e-01 1.619437569861618158e+02 2.311994112069490711e+03 -2.721159634535030847e-01 1.598013107679174993e+02 4.774716522954196307e+01 4.697030307675633054e+01 3.948234547788492677e+01 2.637034017127544772e+01 1.949427437944685551e+02 5.654135688245813185e+01
-4.514486130892278416e-05 -1.632000204664596846e-02 -2.721159634535030847e-01 6.590932755363945359e-05 -1.880821729334816034e-02 -6.597205729494919416e-03 -8.948174571443099148e-03 -7.162901460011202905e-03 3.190260900719823697e-03 -1.964549938146960967e-02 -1.077152793891318801e-02
1.536046654788059476e-02 1.119329175709073887e+01 1.598013107679174993e+02 -1.880821729334816034e-02 1.104520932377573672e+01 3.300207188807843028e+00 3.246511727537828129e+00 2.728956153746525448e+00 1.822675456986210474e+00 1.347412859765711168e+01 3.908047557407381856e+00
6.769604891969856729e-03 3.350790033252137423e+00 4.774716522954196307e+01 -6.597205729494919416e-03 3.300207188807843028e+00 1.181813211811183040e+00 9.621193583291489659e-01 7.479129928909131753e-01 4.144532758478094991e-01 4.033574465097457207e+00 1.158168681899140351e+00
4.452351182731972140e-03 2.881867251745461100e+00 4.697030307675633054e+01 -8.948174571443099148e-03 3.246511727537828129e+00 9.621193583291489659e-01 1.463626455132027715e+00 1.171940876540848331e+00 -1.649260882136094342e-01 3.469100135516125949e+00 1.761866973840739981e+00
5.026627081478719263e-03 2.469203741627409521e+00 3.948234547788492677e+01 -7.162901460011202905e-03 2.728956153746525448e+00 7.479129928909131753e-01 1.171940876540848331e+00 1.080000499588187113e+00 -1.602203728548922679e-01 2.972348927421431863e+00 1.410745151832494493e+00
1.314559159989910075e-03 2.408558252853616022e+00 2.637034017127544772e+01 3.190260900719823697e-03 1.822675456986210474e+00 4.144532758478094991e-01 -1.649260882136094342e-01 -1.602203728548922679e-01 1.594552573355154879e+00 2.899345816956790056e+00 -1.985327792685266934e-01
1.879866796400166129e-02 1.404849102053446863e+01 1.949427437944685551e+02 -1.964549938146960967e-02 1.347412859765711168e+01 4.033574465097457207e+00 3.469100135516125949e+00 2.972348927421431863e+00 2.899345816956790056e+00 1.691112665707121110e+01 4.175992403171580492e+00
5.359598740027285250e-03 3.469100135516125949e+00 5.654135688245813185e+01 -1.077152793891318801e-02 3.908047557407381856e+00 1.158168681899140351e+00 1.761866973840739981e+00 1.410745151832494493e+00 -1.985327792685266934e-01 4.175992403171580492e+00 2.120879424272712477e+00
