# A b_HI Tb sigma_NL sigma8tot n_s f DA H omegak omegaDE w0 wa h gamma sigma_8 fs8 bs8 pk0 pk1 pk2 pk3 pk4 pk5 pk6 pk7 pk8 pk9 pk10 pk11 pk12 pk13 pk14 pk15 pk16 pk17 pk18 pk19 pk20 pk21 pk22 pk23 pk24 pk25 pk26 pk27 pk28 pk29 pk30 pk31 pk32 pk33 pk34 pk35 pk36 pk37 pk38 pk39 pk40 pk41 pk42 pk43 pk44 pk45 pk46 pk47 pk48 pk49 pk50 pk51 pk52 pk53 pk54 pk55 pk56 pk57 pk58 pk59 pk60 pk61 pk62 pk63 pk64 pk65 pk66 pk67 pk68 pk69 pk70 pk71 pk72 pk73 pk74 pk75 pk76 pk77 pk78 pk79 pk80 pk81 pk82 pk83 pk84 pk85 pk86 pk87 pk88 pk89
5.233995298695369058e+00 6.488169204060646678e+00 3.144146907657921730e+01 3.783798971643768157e-03 7.654582385134269806e+00 -2.196579564693973696e-01 1.381367267784725072e+00 -2.285970320517521692e+00 7.880575873277503085e+00 1.094064719125426066e+01 -6.304514240854395268e+00 1.449613319431331204e+00 2.471898568306730715e-01 1.681356051584995726e+01 -7.000506491228308814e-01 6.328293955605867716e+00 1.107668647026152797e+01 2.358288084712251376e+00 0.000000000000000000e+00 0.000000000000000000e+00 0.000000000000000000e+00 0.000000000000000000e+00 0.000000000000000000e+00 0.000000000000000000e+00 0.000000000000000000e+00 2.876243858873071163e-20 4.587311396364858830e-19 -3.584683711603171999e-18 5.160008003004974019e-18 -2.358773082244911157e-17 -1.243387253431726354e-16 1.275192006048538191e-16 1.160712929566354578e-16 -8.470603141676359254e-17 -9.306362493365748384e-16 -6.645507063921672226e-16 -1.260525932632256018e-15 1.259669037422324211e-15 -6.902121957438828047e-15 -2.154018029860163561e-15 -1.771295680014048624e-15 -7.975414257807406850e-15 -1.688817677831332508e-14 -1.327302368053130078e-14 -5.201631109214093635e-02 -1.156516424865700055e+00 -2.897716924887524748e+00 -3.570864290243641381e+00 -7.979940152103034423e-01 6.443972041193501532e+00 1.406566245723303687e+01 1.076282541471064569e+01 -9.164337933130102698e+00 -2.234399162938324679e+01 -2.719296283348600074e-01 2.001724044376925704e+01 -1.313642042140771515e+00 -1.211848945678317868e+01 7.127405126246056710e+00 -1.169424747369377515e+00 -9.814688489756469014e-01 6.218647574815602264e-01 -8.061358672171319711e-03 0.000000000000000000e+00 0.000000000000000000e+00 0.000000000000000000e+00 0.000000000000000000e+00 0.000000000000000000e+00 0.000000000000000000e+00 0.000000000000000000e+00 0.000000000000000000e+00 0.000000000000000000e+00 0.000000000000000000e+00 0.000000000000000000e+00 0.000000000000000000e+00 0.000000000000000000e+00 0.000000000000000000e+00 0.000000000000000000e+00 0.000000000000000000e+00 0.000000000000000000e+00 0.000000000000000000e+00 0.000000000000000000e+00 0.000000000000000000e+00 0.000000000000000000e+00 0.000000000000000000e+00 0.000000000000000000e+00 0.000000000000000000e+00 0.000000000000000000e+00 0.000000000000000000e+00 0.000000000000000000e+00 0.000000000000000000e+00 0.000000000000000000e+00 0.000000000000000000e+00 0.000000000000000000e+00 0.000000000000000000e+00 0.000000000000000000e+00 0.000000000000000000e+00 0.000000000000000000e+00 0.000000000000000000e+00 0.000000000000000000e+00 0.000000000000000000e+00 0.000000000000000000e+00 0.000000000000000000e+00 0.000000000000000000e+00 0.000000000000000000e+00 0.000000000000000000e+00 0.000000000000000000e+00 0.000000000000000000e+00
6.488169204060646678e+00 1.314996336196462289e+04 7.721720906427210139e+04 -4.540209074854455906e+01 1.879891448115866297e+04 3.108997320024086548e+03 6.167544965814526222e+03 -5.238878347524145283e+03 -1.419761041721029642e+02 1.240422187271945768e+04 5.193112484765320005e+02 -7.964864250264868133e+02 -3.328264175552621964e+02 1.162299323326003832e+04 -1.418834820417969240e+03 1.282593456531278753e+04 2.244978770972061102e+04 1.052931261946923587e+04 0.000000000000000000e+00 0.000000000000000000e+00 0.000000000000000000e+00 0.000000000000000000e+00 0.000000000000000000e+00 0.000000000000000000e+00 0.000000000000000000e+00 5.091853687551813225e-05 1.524867702083555201e-03 8.283363249613448151e-03 2.544747429108713821e-02 6.093248979489418460e-02 1.253101783805899982e-01 2.332780909864455299e-01 4.077027339841361453e-01 6.861861055652684893e-01 1.109020849639895445e+00 1.751375524033448094e+00 2.720240065404723850e+00 4.166104732441977987e+00 6.285194754658085081e+00 9.383372582366321879e+00 1.397244644845587125e+01 2.058259606182468460e+01 3.010084161932003965e+01 4.374746454243741312e+01 6.335891628746183102e+01 9.082941990943136545e+01 1.293497035469114564e+02 1.837555772729447483e+02 2.584927728329030856e+02 3.580379760404227341e+02 4.828066217417164125e+02 6.174443609428476520e+02 7.253305512672520763e+02 7.855914551877490339e+02 8.075468449969682752e+02 7.742373767870006986e+02 6.741414361223113474e+02 5.698132992166825943e+02 4.836351179132925040e+02 3.557829001159015547e+02 2.296799912129992833e+02 1.140588474096512215e+02 1.251725980342972555e+00 0.000000000000000000e+00 0.000000000000000000e+00 0.000000000000000000e+00 0.000000000000000000e+00 0.000000000000000000e+00 0.000000000000000000e+00 0.000000000000000000e+00 0.000000000000000000e+00 0.000000000000000000e+00 0.000000000000000000e+00 0.000000000000000000e+00 0.000000000000000000e+00 0.000000000000000000e+00 0.000000000000000000e+00 0.000000000000000000e+00 0.000000000000000000e+00 0.000000000000000000e+00 0.000000000000000000e+00 0.000000000000000000e+00 0.000000000000000000e+00 0.000000000000000000e+00 0.000000000000000000e+00 0.000000000000000000e+00 0.000000000000000000e+00 0.000000000000000000e+00 0.000000000000000000e+00 0.000000000000000000e+00 0.000000000000000000e+00 0.000000000000000000e+00 0.000000000000000000e+00 0.000000000000000000e+00 0.000000000000000000e+00 0.000000000000000000e+00 0.000000000000000000e+00 0.000000000000000000e+00 0.000000000000000000e+00 0.000000000000000000e+00 0.000000000000000000e+00 0.000000000000000000e+00 0.000000000000000000e+00 0.000000000000000000e+00 0.000000000000000000e+00 0.000000000000000000e+00 0.000000000000000000e+00 0.000000000000000000e+00
3.144146907657921730e+01 7.721720906427210139e+04 4.763718066647629603e+05 -3.308624078048853789e+02 1.159750910871689848e+05 2.199418276674341178e+04 4.194414281444923836e+04 -3.529262222112957534e+04 -1.207725614183269317e+04 6.975479868173561408e+04 9.600218248994697205e+03 -6.211416243399161431e+03 -2.381962315486001899e+03 6.185979234746799921e+04 -8.331465414783868255e+03 7.531449658932484454e+04 1.318262190786084102e+05 7.160758368150363094e+04 0.000000000000000000e+00 0.000000000000000000e+00 0.000000000000000000e+00 0.000000000000000000e+00 0.000000000000000000e+00 0.000000000000000000e+00 0.000000000000000000e+00 3.856541909339695129e-04 1.092384820860938313e-02 5.643223873649864941e-02 1.662918902280495215e-01 3.844447372563881138e-01 7.677595272999099274e-01 1.394953003673175651e+00 2.388214362004481117e+00 3.947604385358833401e+00 6.284782644786789163e+00 9.792981651143922051e+00 1.503662890038090083e+01 2.279923235952638549e+01 3.410363391994792437e+01 5.054479846206709226e+01 7.478521995915384935e+01 1.095655062231071071e+02 1.594938254549736598e+02 2.309919847763601126e+02 3.336022398224079666e+02 4.773856339635759127e+02 6.792091741424142128e+02 9.648614316574164604e+02 1.358991014562981036e+03 1.888384149817337402e+03 2.563331173308074540e+03 3.325022243505596634e+03 4.008570466799667884e+03 4.519483250570034215e+03 4.895254437924892954e+03 4.989425282458824768e+03 4.616858684585872652e+03 4.088750982338100130e+03 3.580242544855300366e+03 2.693913605706746694e+03 1.767466452041140201e+03 8.869954789623383249e+02 9.769715784548326454e+00 0.000000000000000000e+00 0.000000000000000000e+00 0.000000000000000000e+00 0.000000000000000000e+00 0.000000000000000000e+00 0.000000000000000000e+00 0.000000000000000000e+00 0.000000000000000000e+00 0.000000000000000000e+00 0.000000000000000000e+00 0.000000000000000000e+00 0.000000000000000000e+00 0.000000000000000000e+00 0.000000000000000000e+00 0.000000000000000000e+00 0.000000000000000000e+00 0.000000000000000000e+00 0.000000000000000000e+00 0.000000000000000000e+00 0.000000000000000000e+00 0.000000000000000000e+00 0.000000000000000000e+00 0.000000000000000000e+00 0.000000000000000000e+00 0.000000000000000000e+00 0.000000000000000000e+00 0.000000000000000000e+00 0.000000000000000000e+00 0.000000000000000000e+00 0.000000000000000000e+00 0.000000000000000000e+00 0.000000000000000000e+00 0.000000000000000000e+00 0.000000000000000000e+00 0.000000000000000000e+00 0.000000000000000000e+00 0.000000000000000000e+00 0.000000000000000000e+00 0.000000000000000000e+00 0.000000000000000000e+00 0.000000000000000000e+00 0.000000000000000000e+00 0.000000000000000000e+00 0.000000000000000000e+00 0.000000000000000000e+00
3.783798971643768157e-03 -4.540209074854455906e+01 -3.308624078048853789e+02 5.044051458693072920e-01 -8.055010255780106831e+01 -2.937279406003618476e+01 -3.733349590270685781e+01 3.311429516129986439e+01 5.661969025559111657e+01 -2.053802749125268434e+01 -3.953326908873118128e+01 1.238896747601786608e+01 3.568575915331429371e+00 8.909994092427737655e+00 4.898725988859896852e+00 -4.428333593335773344e+01 -7.751103716611538630e+01 -6.373622757776834646e+01 0.000000000000000000e+00 0.000000000000000000e+00 0.000000000000000000e+00 0.000000000000000000e+00 0.000000000000000000e+00 0.000000000000000000e+00 0.000000000000000000e+00 -2.348487142867854211e-10 -7.181969888511060723e-09 -4.130789711941944825e-08 -1.389610028111557319e-07 -3.751855667334668156e-07 -8.875868682416499136e-07 -1.929171602729708081e-06 -3.982116081551103939e-06 -8.027805588114804279e-06 -1.563947334454353068e-05 -2.988419813523170227e-05 -5.664817471388939652e-05 -1.065170517071495316e-04 -1.977591135292036315e-04 -3.644028829177418461e-04 -6.754628281501544014e-04 -1.238965034645453031e-03 -2.259736140917067548e-03 -4.118127686082495575e-03 -7.522396740677409800e-03 -1.361762191562622924e-02 -2.455107393251177231e-02 -4.450926403708195533e-02 -8.027309916860669858e-02 -1.434977927260864816e-01 -2.534157603682360427e-01 -4.403446631618205820e-01 -7.327178145440634838e-01 -1.176616520452909542e+00 -1.849373537828649994e+00 -2.742590336675159168e+00 -3.633621271520143470e+00 -4.470187619964334225e+00 -5.292016743076678686e+00 -5.255886967031656809e+00 -4.509567141828652481e+00 -2.880826565742254264e+00 -3.502653117004413119e-02 0.000000000000000000e+00 0.000000000000000000e+00 0.000000000000000000e+00 0.000000000000000000e+00 0.000000000000000000e+00 0.000000000000000000e+00 0.000000000000000000e+00 0.000000000000000000e+00 0.000000000000000000e+00 0.000000000000000000e+00 0.000000000000000000e+00 0.000000000000000000e+00 0.000000000000000000e+00 0.000000000000000000e+00 0.000000000000000000e+00 0.000000000000000000e+00 0.000000000000000000e+00 0.000000000000000000e+00 0.000000000000000000e+00 0.000000000000000000e+00 0.000000000000000000e+00 0.000000000000000000e+00 0.000000000000000000e+00 0.000000000000000000e+00 0.000000000000000000e+00 0.000000000000000000e+00 0.000000000000000000e+00 0.000000000000000000e+00 0.000000000000000000e+00 0.000000000000000000e+00 0.000000000000000000e+00 0.000000000000000000e+00 0.000000000000000000e+00 0.000000000000000000e+00 0.000000000000000000e+00 0.000000000000000000e+00 0.000000000000000000e+00 0.000000000000000000e+00 0.000000000000000000e+00 0.000000000000000000e+00 0.000000000000000000e+00 0.000000000000000000e+00 0.000000000000000000e+00 0.000000000000000000e+00 0.000000000000000000e+00
7.654582385134269806e+00 1.879891448115866297e+04 1.159750910871689848e+05 -8.055010255780106831e+01 2.823471407102491867e+04 5.354593437465890020e+03 1.021151066335512769e+04 -8.592164816506359784e+03 -2.940268213894959445e+03 1.698215347276937246e+04 2.337220990635547423e+03 -1.512200248902396652e+03 -5.799005999931000588e+02 1.506007482340291972e+04 -2.028336788304374068e+03 1.833568964394660361e+04 3.209375019978401178e+04 1.743322321725626534e+04 0.000000000000000000e+00 0.000000000000000000e+00 0.000000000000000000e+00 0.000000000000000000e+00 0.000000000000000000e+00 0.000000000000000000e+00 0.000000000000000000e+00 9.388943530235154629e-05 2.659465302713500713e-03 1.373870983998854226e-02 4.048458965546524596e-02 9.359498777531323477e-02 1.869148842687696765e-01 3.396082627055337366e-01 5.814226918850160519e-01 9.610639667646887485e-01 1.530061665058066955e+00 2.384150201830995908e+00 3.660742264692523396e+00 5.550586774070709772e+00 8.302699687374236248e+00 1.230538315577951280e+01 1.820683460984171731e+01 2.667426868353447844e+01 3.882956689751939194e+01 5.623615020881528181e+01 8.121712832076636346e+01 1.162219123970817805e+02 1.653568593614127167e+02 2.349003254546348387e+02 3.308531371830327998e+02 4.597365350312440455e+02 6.240557525693168373e+02 8.094932407047265315e+02 9.759064632126456900e+02 1.100290727365929797e+03 1.191774096179320168e+03 1.214700457730903054e+03 1.123997262202042748e+03 9.954268094272770213e+02 8.716278953635738844e+02 6.558466967014844613e+02 4.302985187224558103e+02 2.159434711025101024e+02 2.378486010626205793e+00 0.000000000000000000e+00 0.000000000000000000e+00 0.000000000000000000e+00 0.000000000000000000e+00 0.000000000000000000e+00 0.000000000000000000e+00 0.000000000000000000e+00 0.000000000000000000e+00 0.000000000000000000e+00 0.000000000000000000e+00 0.000000000000000000e+00 0.000000000000000000e+00 0.000000000000000000e+00 0.000000000000000000e+00 0.000000000000000000e+00 0.000000000000000000e+00 0.000000000000000000e+00 0.000000000000000000e+00 0.000000000000000000e+00 0.000000000000000000e+00 0.000000000000000000e+00 0.000000000000000000e+00 0.000000000000000000e+00 0.000000000000000000e+00 0.000000000000000000e+00 0.000000000000000000e+00 0.000000000000000000e+00 0.000000000000000000e+00 0.000000000000000000e+00 0.000000000000000000e+00 0.000000000000000000e+00 0.000000000000000000e+00 0.000000000000000000e+00 0.000000000000000000e+00 0.000000000000000000e+00 0.000000000000000000e+00 0.000000000000000000e+00 0.000000000000000000e+00 0.000000000000000000e+00 0.000000000000000000e+00 0.000000000000000000e+00 0.000000000000000000e+00 0.000000000000000000e+00 0.000000000000000000e+00 0.000000000000000000e+00
-2.196579564693973696e-01 3.108997320024086548e+03 2.199418276674341178e+04 -2.937279406003618476e+01 5.354593437465890020e+03 2.134538698654988366e+03 2.391180817091895278e+03 -1.952002959642723908e+03 -3.113830497372996888e+03 1.608392972877444208e+03 2.267735709224275524e+03 -7.462887944695917213e+02 -2.156388092504936083e+02 -1.944308061903010127e+02 -3.354498817080575463e+02 3.032388387157016950e+03 5.307720478257165269e+03 4.082254850575433466e+03 0.000000000000000000e+00 0.000000000000000000e+00 0.000000000000000000e+00 0.000000000000000000e+00 0.000000000000000000e+00 0.000000000000000000e+00 0.000000000000000000e+00 -1.159058916655611660e-04 -3.174604045110400365e-03 -1.577166820168563605e-02 -4.454962200369877445e-02 -9.836203960550862768e-02 -1.871262848378202892e-01 -3.231824766031222151e-01 -5.245533336536728486e-01 -8.184116344434098078e-01 -1.226625158320781228e+00 -1.792929240932207291e+00 -2.569235501625812379e+00 -3.615907052375324060e+00 -4.994777892868005331e+00 -6.791777303304455948e+00 -9.125230104274866250e+00 -1.203404780252645878e+01 -1.558411926680890325e+01 -1.975740374962767021e+01 -2.442619379254345446e+01 -2.915413771731713766e+01 -3.325678526285934566e+01 -3.537990260994570946e+01 -3.322493285901176563e+01 -2.328414765071735104e+01 -5.990854673293903865e-01 4.004590604671604126e+01 9.657360925809859964e+01 1.633987493810460307e+02 2.367967850683872939e+02 3.018891388820512134e+02 3.347794607098924189e+02 3.462419226100957985e+02 3.471384547853286335e+02 2.931222110220336958e+02 2.135821178872670316e+02 1.171810001403514718e+02 1.337373676806008715e+00 0.000000000000000000e+00 0.000000000000000000e+00 0.000000000000000000e+00 0.000000000000000000e+00 0.000000000000000000e+00 0.000000000000000000e+00 0.000000000000000000e+00 0.000000000000000000e+00 0.000000000000000000e+00 0.000000000000000000e+00 0.000000000000000000e+00 0.000000000000000000e+00 0.000000000000000000e+00 0.000000000000000000e+00 0.000000000000000000e+00 0.000000000000000000e+00 0.000000000000000000e+00 0.000000000000000000e+00 0.000000000000000000e+00 0.000000000000000000e+00 0.000000000000000000e+00 0.000000000000000000e+00 0.000000000000000000e+00 0.000000000000000000e+00 0.000000000000000000e+00 0.000000000000000000e+00 0.000000000000000000e+00 0.000000000000000000e+00 0.000000000000000000e+00 0.000000000000000000e+00 0.000000000000000000e+00 0.000000000000000000e+00 0.000000000000000000e+00 0.000000000000000000e+00 0.000000000000000000e+00 0.000000000000000000e+00 0.000000000000000000e+00 0.000000000000000000e+00 0.000000000000000000e+00 0.000000000000000000e+00 0.000000000000000000e+00 0.000000000000000000e+00 0.000000000000000000e+00 0.000000000000000000e+00 0.000000000000000000e+00
1.381367267784725072e+00 6.167544965814526222e+03 4.194414281444923836e+04 -3.733349590270685781e+01 1.021151066335512769e+04 2.391180817091895278e+03 4.322401637002940333e+03 -3.587733090343899221e+03 -2.872999287832325535e+03 5.048163846054083479e+03 1.878653960408213607e+03 -7.565559669956525113e+02 -2.628279877911267590e+02 3.856174612450018685e+03 -6.654564209130870722e+02 6.015570232611134088e+03 1.052931261946923405e+04 7.379260038665796856e+03 0.000000000000000000e+00 0.000000000000000000e+00 0.000000000000000000e+00 0.000000000000000000e+00 0.000000000000000000e+00 0.000000000000000000e+00 0.000000000000000000e+00 4.551160823274102675e-05 1.206840660106422037e-03 5.829909587893282973e-03 1.614433335337215822e-02 3.522926683894544303e-02 6.674282132879921781e-02 1.156844162204080373e-01 1.897626242991251877e-01 3.014366716391870815e-01 4.633792119884398986e-01 6.988244994014298772e-01 1.042022354601006784e+00 1.538550569755108510e+00 2.248143024858834327e+00 3.264065796825503352e+00 4.740784790974749363e+00 6.833953208972502580e+00 9.809723025890642489e+00 1.405478651348451535e+01 2.012059521103016735e+01 2.863051244958613850e+01 4.061451111299425776e+01 5.768981964945230345e+01 8.157790370121362855e+01 1.145029311305115556e+02 1.586193392295171236e+02 2.145511012836833800e+02 2.776403711604340856e+02 3.451055843115503308e+02 4.170166568428666096e+02 4.737198958976006224e+02 4.804878936203500643e+02 4.526506487054669492e+02 4.116161576898322778e+02 3.178117775658662367e+02 2.122503751772429723e+02 1.077179861734427959e+02 1.190995709461807994e+00 0.000000000000000000e+00 0.000000000000000000e+00 0.000000000000000000e+00 0.000000000000000000e+00 0.000000000000000000e+00 0.000000000000000000e+00 0.000000000000000000e+00 0.000000000000000000e+00 0.000000000000000000e+00 0.000000000000000000e+00 0.000000000000000000e+00 0.000000000000000000e+00 0.000000000000000000e+00 0.000000000000000000e+00 0.000000000000000000e+00 0.000000000000000000e+00 0.000000000000000000e+00 0.000000000000000000e+00 0.000000000000000000e+00 0.000000000000000000e+00 0.000000000000000000e+00 0.000000000000000000e+00 0.000000000000000000e+00 0.000000000000000000e+00 0.000000000000000000e+00 0.000000000000000000e+00 0.000000000000000000e+00 0.000000000000000000e+00 0.000000000000000000e+00 0.000000000000000000e+00 0.000000000000000000e+00 0.000000000000000000e+00 0.000000000000000000e+00 0.000000000000000000e+00 0.000000000000000000e+00 0.000000000000000000e+00 0.000000000000000000e+00 0.000000000000000000e+00 0.000000000000000000e+00 0.000000000000000000e+00 0.000000000000000000e+00 0.000000000000000000e+00 0.000000000000000000e+00 0.000000000000000000e+00 0.000000000000000000e+00
-2.285970320517521692e+00 -5.238878347524145283e+03 -3.529262222112957534e+04 3.311429516129986439e+01 -8.592164816506359784e+03 -1.952002959642723908e+03 -3.587733090343899221e+03 3.218685549249498308e+03 2.840722896665447479e+03 -4.187256829385234596e+03 -1.822447306697075419e+03 6.946901992430530299e+02 2.381057855719976430e+02 -3.070334955460224137e+03 5.652565573605133977e+02 -5.109786927264856786e+03 -8.943880944881779214e+03 -6.125024383743001636e+03 -0.000000000000000000e+00 -0.000000000000000000e+00 -0.000000000000000000e+00 -0.000000000000000000e+00 -0.000000000000000000e+00 -0.000000000000000000e+00 -0.000000000000000000e+00 -4.869388559148714275e-05 -1.314300399643725898e-03 -6.581246619199071154e-03 -1.909284594258321699e-02 -4.385953579077511016e-02 -8.733419022278936239e-02 -1.584221791790806078e-01 -2.703554436048299370e-01 -4.442761738079302192e-01 -6.991046517860748377e-01 -1.072854671075276212e+00 -1.611538721280781017e+00 -2.366310302397797383e+00 -3.400775063099327866e+00 -4.790555569942469560e+00 -6.651011578772705768e+00 -9.022540873335797684e+00 -1.207979459635938824e+01 -1.607313131067569856e+01 -2.243075494977776785e+01 -3.503816067671323964e+01 -4.795996639245058191e+01 -6.503277905358915234e+01 -8.722049797411722238e+01 -1.143228671173433639e+02 -1.458169159914695570e+02 -1.804882675443308244e+02 -2.131167711680001560e+02 -2.495946179895848900e+02 -2.994447784564672475e+02 -3.518995295963919716e+02 -3.702469616036342472e+02 -3.708871173446522107e+02 -3.644793212880050532e+02 -2.944893771061435928e+02 -2.042819994245388102e+02 -1.068162157768312284e+02 -1.190776911344665789e+00 -0.000000000000000000e+00 -0.000000000000000000e+00 -0.000000000000000000e+00 -0.000000000000000000e+00 -0.000000000000000000e+00 -0.000000000000000000e+00 -0.000000000000000000e+00 -0.000000000000000000e+00 -0.000000000000000000e+00 -0.000000000000000000e+00 -0.000000000000000000e+00 -0.000000000000000000e+00 -0.000000000000000000e+00 -0.000000000000000000e+00 -0.000000000000000000e+00 -0.000000000000000000e+00 -0.000000000000000000e+00 -0.000000000000000000e+00 -0.000000000000000000e+00 -0.000000000000000000e+00 -0.000000000000000000e+00 -0.000000000000000000e+00 -0.000000000000000000e+00 -0.000000000000000000e+00 -0.000000000000000000e+00 -0.000000000000000000e+00 -0.000000000000000000e+00 -0.000000000000000000e+00 -0.000000000000000000e+00 -0.000000000000000000e+00 -0.000000000000000000e+00 -0.000000000000000000e+00 -0.000000000000000000e+00 -0.000000000000000000e+00 -0.000000000000000000e+00 -0.000000000000000000e+00 -0.000000000000000000e+00 -0.000000000000000000e+00 -0.000000000000000000e+00 -0.000000000000000000e+00 -0.000000000000000000e+00 -0.000000000000000000e+00 -0.000000000000000000e+00 -0.000000000000000000e+00 -0.000000000000000000e+00
7.880575873277503085e+00 -1.419761041721029642e+02 -1.207725614183269317e+04 5.661969025559111657e+01 -2.940268213894959445e+03 -3.113830497372996888e+03 -2.872999287832325535e+03 2.840722896665447479e+03 9.518864043872927141e+03 3.430647740458483895e+03 -6.247949083957758376e+03 1.581349860191386597e+03 4.049630344835457549e+02 7.656041312815319543e+03 1.531872254863631255e+01 -1.384776650569595517e+02 -2.423834432676854362e+02 -4.904821582132383810e+03 0.000000000000000000e+00 0.000000000000000000e+00 0.000000000000000000e+00 0.000000000000000000e+00 0.000000000000000000e+00 0.000000000000000000e+00 0.000000000000000000e+00 7.427219058039354451e-05 2.176866511708275970e-03 1.138399128046489912e-02 3.343672348354329027e-02 7.622762513480159374e-02 1.489513759644604807e-01 2.639092423464463599e-01 4.393799304007882101e-01 7.046371661712773626e-01 1.085723813159600093e+00 1.635967048211036889e+00 2.423269536772730604e+00 3.528071432736810120e+00 5.055256964334511771e+00 7.146183466262460371e+00 1.002790917208702126e+01 1.386051939584726789e+01 1.901724114632858331e+01 2.601315057783719453e+01 3.654096947060605061e+01 5.448474694567837417e+01 7.497074111315069445e+01 1.022368521975176066e+02 1.374229453756272505e+02 1.797720673448445439e+02 2.252883275154609350e+02 2.613273142654194316e+02 2.615842263622877226e+02 2.122591329607035675e+02 1.130027353742792968e+02 -4.759911409332880083e+01 -2.847941658409868637e+02 -4.947625612587899013e+02 -5.989800736610916374e+02 -6.429927862188125118e+02 -5.577227391893982258e+02 -3.455999228373080427e+02 -4.217494314719566262e+00 0.000000000000000000e+00 0.000000000000000000e+00 0.000000000000000000e+00 0.000000000000000000e+00 0.000000000000000000e+00 0.000000000000000000e+00 0.000000000000000000e+00 0.000000000000000000e+00 0.000000000000000000e+00 0.000000000000000000e+00 0.000000000000000000e+00 0.000000000000000000e+00 0.000000000000000000e+00 0.000000000000000000e+00 0.000000000000000000e+00 0.000000000000000000e+00 0.000000000000000000e+00 0.000000000000000000e+00 0.000000000000000000e+00 0.000000000000000000e+00 0.000000000000000000e+00 0.000000000000000000e+00 0.000000000000000000e+00 0.000000000000000000e+00 0.000000000000000000e+00 0.000000000000000000e+00 0.000000000000000000e+00 0.000000000000000000e+00 0.000000000000000000e+00 0.000000000000000000e+00 0.000000000000000000e+00 0.000000000000000000e+00 0.000000000000000000e+00 0.000000000000000000e+00 0.000000000000000000e+00 0.000000000000000000e+00 0.000000000000000000e+00 0.000000000000000000e+00 0.000000000000000000e+00 0.000000000000000000e+00 0.000000000000000000e+00 0.000000000000000000e+00 0.000000000000000000e+00 0.000000000000000000e+00 0.000000000000000000e+00
1.094064719125426066e+01 1.240422187271945768e+04 6.975479868173561408e+04 -2.053802749125268434e+01 1.698215347276937246e+04 1.608392972877444208e+03 5.048163846054083479e+03 -4.187256829385234596e+03 3.430647740458483895e+03 1.329786022774106095e+04 -2.039519803344636102e+03 -8.707698339648912622e+01 -1.528018181025967976e+02 1.452934730104163827e+04 -1.338371935248887212e+03 1.209856892326369598e+04 2.117664818384867976e+04 8.618290678710243810e+03 0.000000000000000000e+00 0.000000000000000000e+00 0.000000000000000000e+00 0.000000000000000000e+00 0.000000000000000000e+00 0.000000000000000000e+00 0.000000000000000000e+00 1.217769594530123133e-04 3.485679602432884602e-03 1.814480367098063318e-02 5.373589483142039713e-02 1.245231951249267249e-01 2.484782911370953806e-01 4.502180351265929192e-01 7.669244311904586109e-01 1.258677406515710695e+00 1.983049962012699563e+00 3.052955446360236191e+00 4.616625856166419517e+00 6.860576393734920231e+00 1.002519162472423808e+01 1.444961096476125917e+01 2.068509013136138464e+01 2.918264856051655087e+01 4.086169696973250609e+01 5.699728912517519319e+01 8.105179359990260934e+01 1.201588659698499981e+02 1.676776441245438605e+02 2.326537351332541448e+02 3.193076914778662285e+02 4.296051212606323020e+02 5.607556574330487820e+02 6.945280658722543876e+02 7.877951696985935541e+02 8.248003870019693977e+02 8.194573790800612869e+02 7.446944463503390352e+02 5.505972171663283916e+02 3.553520588300196437e+02 2.321028688625617917e+02 6.510677406041388338e+01 -3.643802721170366254e+01 -5.717225609013948429e+01 -8.826187324812643231e-01 0.000000000000000000e+00 0.000000000000000000e+00 0.000000000000000000e+00 0.000000000000000000e+00 0.000000000000000000e+00 0.000000000000000000e+00 0.000000000000000000e+00 0.000000000000000000e+00 0.000000000000000000e+00 0.000000000000000000e+00 0.000000000000000000e+00 0.000000000000000000e+00 0.000000000000000000e+00 0.000000000000000000e+00 0.000000000000000000e+00 0.000000000000000000e+00 0.000000000000000000e+00 0.000000000000000000e+00 0.000000000000000000e+00 0.000000000000000000e+00 0.000000000000000000e+00 0.000000000000000000e+00 0.000000000000000000e+00 0.000000000000000000e+00 0.000000000000000000e+00 0.000000000000000000e+00 0.000000000000000000e+00 0.000000000000000000e+00 0.000000000000000000e+00 0.000000000000000000e+00 0.000000000000000000e+00 0.000000000000000000e+00 0.000000000000000000e+00 0.000000000000000000e+00 0.000000000000000000e+00 0.000000000000000000e+00 0.000000000000000000e+00 0.000000000000000000e+00 0.000000000000000000e+00 0.000000000000000000e+00 0.000000000000000000e+00 0.000000000000000000e+00 0.000000000000000000e+00 0.000000000000000000e+00 0.000000000000000000e+00
-6.304514240854395268e+00 5.193112484765320005e+02 9.600218248994697205e+03 -3.953326908873118128e+01 2.337220990635547423e+03 2.267735709224275524e+03 1.878653960408213607e+03 -1.822447306697075419e+03 -6.247949083957758376e+03 -2.039519803344636784e+03 4.254627087963908707e+03 -1.117933159487304238e+03 -2.843047517497582817e+02 -5.120403660881264841e+03 -5.603185816505206418e+01 5.065148783042529885e+02 8.865748871429818792e+02 3.207262364941615942e+03 0.000000000000000000e+00 0.000000000000000000e+00 0.000000000000000000e+00 0.000000000000000000e+00 0.000000000000000000e+00 0.000000000000000000e+00 0.000000000000000000e+00 -8.046317390568769371e-05 -2.273782967581334732e-03 -1.160584710642278798e-02 -3.360110366858330005e-02 -7.596261376044760594e-02 -1.476749714942769964e-01 -2.607758486747129845e-01 -4.328489262610333843e-01 -6.917330634713672044e-01 -1.060251589806619821e+00 -1.586818811328517098e+00 -2.328168861942613077e+00 -3.342281775133774779e+00 -4.702701841482972434e+00 -6.489632587742405256e+00 -8.821797231439290954e+00 -1.170578701420131118e+01 -1.531332584105680006e+01 -1.988873669070806471e+01 -2.727796965393854833e+01 -4.280464040342293686e+01 -5.744316565420738385e+01 -7.591815511447470044e+01 -9.852784773114640871e+01 -1.231757288350134161e+02 -1.459949266731167654e+02 -1.599568604910181477e+02 -1.500302490638880499e+02 -1.145506839221234827e+02 -5.679680525257641932e+01 3.508463725570518221e+01 1.950374693277692586e+02 3.423540713059891800e+02 4.097986362845587678e+02 4.559932877621274088e+02 4.062194552833772150e+02 2.565125276170780353e+02 3.163858120531161777e+00 0.000000000000000000e+00 0.000000000000000000e+00 0.000000000000000000e+00 0.000000000000000000e+00 0.000000000000000000e+00 0.000000000000000000e+00 0.000000000000000000e+00 0.000000000000000000e+00 0.000000000000000000e+00 0.000000000000000000e+00 0.000000000000000000e+00 0.000000000000000000e+00 0.000000000000000000e+00 0.000000000000000000e+00 0.000000000000000000e+00 0.000000000000000000e+00 0.000000000000000000e+00 0.000000000000000000e+00 0.000000000000000000e+00 0.000000000000000000e+00 0.000000000000000000e+00 0.000000000000000000e+00 0.000000000000000000e+00 0.000000000000000000e+00 0.000000000000000000e+00 0.000000000000000000e+00 0.000000000000000000e+00 0.000000000000000000e+00 0.000000000000000000e+00 0.000000000000000000e+00 0.000000000000000000e+00 0.000000000000000000e+00 0.000000000000000000e+00 0.000000000000000000e+00 0.000000000000000000e+00 0.000000000000000000e+00 0.000000000000000000e+00 0.000000000000000000e+00 0.000000000000000000e+00 0.000000000000000000e+00 0.000000000000000000e+00 0.000000000000000000e+00 0.000000000000000000e+00 0.000000000000000000e+00 0.000000000000000000e+00
1.449613319431331204e+00 -7.964864250264868133e+02 -6.211416243399161431e+03 1.238896747601786608e+01 -1.512200248902396879e+03 -7.462887944695917213e+02 -7.565559669956525113e+02 6.946901992430530299e+02 1.581349860191386597e+03 -8.707698339648895569e+01 -1.117933159487304238e+03 3.297176617976040802e+02 8.959158699019634753e+01 7.687271834694046220e+02 8.593808535516487268e+01 -7.768601697475298806e+02 -1.359771937254090517e+03 -1.291602142307207259e+03 0.000000000000000000e+00 0.000000000000000000e+00 0.000000000000000000e+00 0.000000000000000000e+00 0.000000000000000000e+00 0.000000000000000000e+00 0.000000000000000000e+00 2.240047405373521007e-05 6.218376869220536111e-04 3.125741946582989966e-03 8.937950393801583418e-03 1.999063912962588743e-02 3.847674991288216328e-02 6.731150257157539341e-02 1.106602168073164277e-01 1.750221667053877550e-01 2.651009961926631409e-01 3.915259588877826324e-01 5.653822766552412116e-01 7.950827346496961434e-01 1.090789260124709781e+00 1.456860277230722200e+00 1.895382300506615270e+00 2.369735301451329601e+00 2.872039670440933001e+00 3.394479688988957466e+00 4.421214011646294573e+00 7.597391799626143971e+00 9.680882988368969322e+00 1.191335972122039699e+01 1.410190930032268142e+01 1.528673126992565656e+01 1.429889907301125795e+01 1.025288170479956129e+01 1.361098733799085858e+00 -1.079379782598301318e+01 -2.532078471605208492e+01 -4.504044495660165381e+01 -8.134743853824477355e+01 -1.150114675175312300e+02 -1.279068978720853806e+02 -1.360986236825247886e+02 -1.186176862366634452e+02 -7.408427761383853749e+01 -9.107971691730213371e-01 0.000000000000000000e+00 0.000000000000000000e+00 0.000000000000000000e+00 0.000000000000000000e+00 0.000000000000000000e+00 0.000000000000000000e+00 0.000000000000000000e+00 0.000000000000000000e+00 0.000000000000000000e+00 0.000000000000000000e+00 0.000000000000000000e+00 0.000000000000000000e+00 0.000000000000000000e+00 0.000000000000000000e+00 0.000000000000000000e+00 0.000000000000000000e+00 0.000000000000000000e+00 0.000000000000000000e+00 0.000000000000000000e+00 0.000000000000000000e+00 0.000000000000000000e+00 0.000000000000000000e+00 0.000000000000000000e+00 0.000000000000000000e+00 0.000000000000000000e+00 0.000000000000000000e+00 0.000000000000000000e+00 0.000000000000000000e+00 0.000000000000000000e+00 0.000000000000000000e+00 0.000000000000000000e+00 0.000000000000000000e+00 0.000000000000000000e+00 0.000000000000000000e+00 0.000000000000000000e+00 0.000000000000000000e+00 0.000000000000000000e+00 0.000000000000000000e+00 0.000000000000000000e+00 0.000000000000000000e+00 0.000000000000000000e+00 0.000000000000000000e+00 0.000000000000000000e+00 0.000000000000000000e+00 0.000000000000000000e+00
2.471898568306730715e-01 -3.328264175552621964e+02 -2.381962315486001899e+03 3.568575915331429371e+00 -5.799005999930999451e+02 -2.156388092504936083e+02 -2.628279877911267590e+02 2.381057855719976430e+02 4.049630344835457549e+02 -1.528018181025967976e+02 -2.843047517497582817e+02 8.959158699019634753e+01 2.579764463644289663e+01 6.087857301822490541e+01 3.591080046262771219e+01 -3.246252278936767652e+02 -5.682055692956818120e+02 -4.487033437028757703e+02 0.000000000000000000e+00 0.000000000000000000e+00 0.000000000000000000e+00 0.000000000000000000e+00 0.000000000000000000e+00 0.000000000000000000e+00 0.000000000000000000e+00 3.755196472765595781e-06 1.045343463615020733e-04 5.234377689349910615e-04 1.484140136883257011e-03 3.280116867097112882e-03 6.222770919931249964e-03 1.071695379948513042e-02 1.732344400096703582e-02 2.689956516354272825e-02 3.994066601624905039e-02 5.772495696597312875e-02 8.134261518092145149e-02 1.110165552941550227e-01 1.469211563564076783e-01 1.872687401349418523e-01 2.281442189335326498e-01 2.585285322244939010e-01 2.696086411019330553e-01 2.497255621455966579e-01 2.695866633089503139e-01 6.063556735088247995e-01 6.514439125326503266e-01 5.822225777751475206e-01 3.190019262309580772e-01 -3.636765027160772656e-01 -1.714347800994553861e+00 -3.841251736193420196e+00 -6.885009976520231056e+00 -1.052935679873725405e+01 -1.480524099482036782e+01 -2.005050332822275294e+01 -2.799676616213668012e+01 -3.499262621311955002e+01 -3.735222787270351574e+01 -3.724467019870915152e+01 -3.109344158435595418e+01 -1.888776308499289058e+01 -2.291638017581420217e-01 0.000000000000000000e+00 0.000000000000000000e+00 0.000000000000000000e+00 0.000000000000000000e+00 0.000000000000000000e+00 0.000000000000000000e+00 0.000000000000000000e+00 0.000000000000000000e+00 0.000000000000000000e+00 0.000000000000000000e+00 0.000000000000000000e+00 0.000000000000000000e+00 0.000000000000000000e+00 0.000000000000000000e+00 0.000000000000000000e+00 0.000000000000000000e+00 0.000000000000000000e+00 0.000000000000000000e+00 0.000000000000000000e+00 0.000000000000000000e+00 0.000000000000000000e+00 0.000000000000000000e+00 0.000000000000000000e+00 0.000000000000000000e+00 0.000000000000000000e+00 0.000000000000000000e+00 0.000000000000000000e+00 0.000000000000000000e+00 0.000000000000000000e+00 0.000000000000000000e+00 0.000000000000000000e+00 0.000000000000000000e+00 0.000000000000000000e+00 0.000000000000000000e+00 0.000000000000000000e+00 0.000000000000000000e+00 0.000000000000000000e+00 0.000000000000000000e+00 0.000000000000000000e+00 0.000000000000000000e+00 0.000000000000000000e+00 0.000000000000000000e+00 0.000000000000000000e+00 0.000000000000000000e+00 0.000000000000000000e+00
1.681356051584995726e+01 1.162299323326003832e+04 6.185979234746799921e+04 8.909994092427737655e+00 1.506007482340291972e+04 -1.944308061903011549e+02 3.856174612450018685e+03 -3.070334955460224137e+03 7.656041312815319543e+03 1.452934730104163827e+04 -5.120403660881265751e+03 7.687271834694051904e+02 6.087857301822509726e+01 1.825323700661390103e+04 -1.254080111320399510e+03 1.133659057135155308e+04 1.984292453566373297e+04 6.583311225909254972e+03 0.000000000000000000e+00 0.000000000000000000e+00 0.000000000000000000e+00 0.000000000000000000e+00 0.000000000000000000e+00 0.000000000000000000e+00 0.000000000000000000e+00 2.197841984305373502e-04 6.186756033855030611e-03 3.169446456376211196e-02 9.255584451415856118e-02 2.117558417646908109e-01 4.174623834031813141e-01 7.479754171213714997e-01 1.260203972997901545e+00 2.045178282138212289e+00 3.184133651433931789e+00 4.841767270087768971e+00 7.222390515026311242e+00 1.056046149475231744e+01 1.515470067856571745e+01 2.138489107233876751e+01 2.984726540450913035e+01 4.086973226600638753e+01 5.539853371703249252e+01 7.476061355215114190e+01 1.046842587252548924e+02 1.596875268581075034e+02 2.191592267786085131e+02 2.980301125571555190e+02 4.001624412935095734e+02 5.239848530961560300e+02 6.624087741133544114e+02 7.939983615009205096e+02 8.680751134199292665e+02 8.775462910488312218e+02 8.434047305984897775e+02 7.244555270436286492e+02 4.152370435304763419e+02 1.062744577024632235e+02 -6.226943058105075579e+01 -2.854200010571905750e+02 -3.631088144676560319e+02 -2.696581311187345591e+02 -3.545397794006513781e+00 0.000000000000000000e+00 0.000000000000000000e+00 0.000000000000000000e+00 0.000000000000000000e+00 0.000000000000000000e+00 0.000000000000000000e+00 0.000000000000000000e+00 0.000000000000000000e+00 0.000000000000000000e+00 0.000000000000000000e+00 0.000000000000000000e+00 0.000000000000000000e+00 0.000000000000000000e+00 0.000000000000000000e+00 0.000000000000000000e+00 0.000000000000000000e+00 0.000000000000000000e+00 0.000000000000000000e+00 0.000000000000000000e+00 0.000000000000000000e+00 0.000000000000000000e+00 0.000000000000000000e+00 0.000000000000000000e+00 0.000000000000000000e+00 0.000000000000000000e+00 0.000000000000000000e+00 0.000000000000000000e+00 0.000000000000000000e+00 0.000000000000000000e+00 0.000000000000000000e+00 0.000000000000000000e+00 0.000000000000000000e+00 0.000000000000000000e+00 0.000000000000000000e+00 0.000000000000000000e+00 0.000000000000000000e+00 0.000000000000000000e+00 0.000000000000000000e+00 0.000000000000000000e+00 0.000000000000000000e+00 0.000000000000000000e+00 0.000000000000000000e+00 0.000000000000000000e+00 0.000000000000000000e+00 0.000000000000000000e+00
