1.477228796457545450e-02 1.382262412130296492e-01 1.871669134162826653e+00 -4.056407735861579399e-04 1.369052668895159863e-01 6.039452848403650126e-02 3.957644673012331027e-02 4.486815713754441909e-02 1.136320598024584752e-02 1.676806927122664326e-01 4.800974073055849778e-02
1.382262412130296492e-01 1.029824098724509724e+02 1.358684232593644992e+03 -1.454136083158970860e-01 9.938243041284667356e+01 2.971538716152043591e+01 2.547291016402371966e+01 2.192958583773854642e+01 2.134791347421908725e+01 1.249267987977624017e+02 3.090089974390624050e+01
1.871669134162826653e+00 1.358684232593644992e+03 1.845751801448260812e+04 -2.312513991140601188e+00 1.350095155050496714e+03 4.029013089315095044e+02 3.957560703605982440e+02 3.345624914530142746e+02 2.207486335704680016e+02 1.648204503712287533e+03 4.800872210716976838e+02
-4.056407735861579399e-04 -1.454136083158970860e-01 -2.312513991140601188e+00 5.964972116691320695e-04 -1.691513416362731004e-01 -5.932305607473475906e-02 -8.017958787400437937e-02 -6.483889825117469807e-02 2.947365203546501930e-02 -1.763996066030723286e-01 -9.726495286359392034e-02
1.369052668895159863e-01 9.938243041284667356e+01 1.350095155050496714e+03 -1.691513416362731004e-01 9.875417302914763695e+01 2.947065281069331277e+01 2.894800659310881130e+01 2.447193595682368539e+01 1.614689799753450572e+01 1.205597043572352902e+02 3.511649998997575750e+01
6.039452848403650126e-02 2.971538716152043591e+01 4.029013089315095044e+02 -5.932305607473475906e-02 2.947065281069331277e+01 1.056008822644444756e+01 8.568204283054956960e+00 6.695072602658789229e+00 3.639670515156093966e+00 3.604740069418346593e+01 1.039399188514889261e+01
3.957644673012331027e-02 2.547291016402371966e+01 3.957560703605982440e+02 -8.017958787400437937e-02 2.894800659310881130e+01 8.568204283054956960e+00 1.299751870195122549e+01 1.050023476944060263e+01 -1.553113400226983076e+00 3.090089974390624050e+01 1.576714320202739650e+01
4.486815713754441909e-02 2.192958583773854642e+01 3.345624914530142746e+02 -6.483889825117469807e-02 2.447193595682368539e+01 6.695072602658789229e+00 1.050023476944060263e+01 9.781612475450586430e+00 -1.585779425271559351e+00 2.660253300600122017e+01 1.273771625655156470e+01
1.136320598024584752e-02 2.134791347421908725e+01 2.207486335704680016e+02 2.947365203546501930e-02 1.614689799753450572e+01 3.639670515156093966e+00 -1.553113400226983076e+00 -1.585779425271559351e+00 1.442823629493368998e+01 2.589691282859795507e+01 -1.884064331962862049e+00
1.676806927122664326e-01 1.249267987977624017e+02 1.648204503712287533e+03 -1.763996066030723286e-01 1.205597043572352902e+02 3.604740069418346593e+01 3.090089974390624050e+01 2.660253300600122017e+01 2.589691282859795507e+01 1.515472892621789924e+02 3.748553262404759323e+01
4.800974073055849778e-02 3.090089974390624050e+01 4.800872210716976838e+02 -9.726495286359392034e-02 3.511649998997575750e+01 1.039399188514889261e+01 1.576714320202739650e+01 1.273771625655156470e+01 -1.884064331962862049e+00 3.748553262404759323e+01 1.912694341543188514e+01
