4.671167865915288431e+00 1.336358946036274986e+01 5.964763875795057402e+01 2.665796468858977475e-03 1.765506129508602839e+01 2.165292443709044612e+00 3.615298765643233381e+00 4.128643353942737626e+00 1.103090535935030125e+01 2.535534044126639586e+01 6.859469252004855910e+00
1.336358946036274986e+01 8.990595261261676569e+03 4.841242610867985059e+04 -3.107823067104089887e+01 1.432955885917005253e+04 1.330533572916315734e+03 4.806620917466583705e+03 7.170654638113072906e+03 -2.382730976974999351e+02 1.705826150190177941e+04 9.119818451170023764e+03
5.964763875795057402e+01 4.841242610867985059e+04 2.731649554094023188e+05 -2.046310872275297186e+02 8.085389684901152214e+04 9.888758568189759899e+03 2.945830592985781186e+04 4.321626596973444975e+04 -8.431422357266361360e+03 9.185507750100482372e+04 5.589257122047556186e+04
2.665796468858977475e-03 -3.107823067104089887e+01 -2.046310872275297186e+02 3.659622628312769188e-01 -6.056860695764885349e+01 -2.024876072667746030e+01 -2.730168577064036839e+01 -4.176043889910490492e+01 4.397954039529803794e+01 -5.896612742509819327e+01 -5.180071861593049221e+01
1.765506129508602839e+01 1.432955885917005253e+04 8.085389684901152214e+04 -6.056860695764885349e+01 2.393188623289113093e+04 2.926966469907851206e+03 8.719342587081235251e+03 1.279155119176786320e+04 -2.495610582781950598e+03 2.718811770782721578e+04 1.654360158063969720e+04
2.165292443709044612e+00 1.330533572916315734e+03 9.888758568189759899e+03 -2.024876072667746030e+01 2.926966469907851206e+03 1.525172401637359599e+03 1.492184912443678286e+03 2.116183269869670767e+03 -2.827496756978871417e+03 2.524481301217104829e+03 2.831189671648574404e+03
3.615298765643233381e+00 4.806620917466583705e+03 2.945830592985781186e+04 -2.730168577064036839e+01 8.719342587081235251e+03 1.492184912443678286e+03 3.594690268779743292e+03 5.153276876163879024e+03 -2.176404520243134357e+03 9.119818451170023764e+03 6.820367822294932921e+03
4.128643353942737626e+00 7.170654638113072906e+03 4.321626596973444975e+04 -4.176043889910490492e+01 1.279155119176786320e+04 2.116183269869670767e+03 5.153276876163879024e+03 7.824961653624422070e+03 -3.558685560238279322e+03 1.360520615178847220e+04 9.777544421788470572e+03
1.103090535935030125e+01 -2.382730976974999351e+02 -8.431422357266361360e+03 4.397954039529803794e+01 -2.495610582781950598e+03 -2.827496756978871417e+03 -2.176404520243134357e+03 -3.558685560238279322e+03 7.675518527250783336e+03 -4.520862847541593510e+02 -4.129390364194696303e+03
2.535534044126639586e+01 1.705826150190177941e+04 9.185507750100482372e+04 -5.896612742509819327e+01 2.718811770782721578e+04 2.524481301217104829e+03 9.119818451170023764e+03 1.360520615178847220e+04 -4.520862847541593510e+02 3.236540818615715398e+04 1.730344248286133734e+04
6.859469252004855910e+00 9.119818451170023764e+03 5.589257122047556186e+04 -5.180071861593049221e+01 1.654360158063969720e+04 2.831189671648574404e+03 6.820367822294932921e+03 9.777544421788470572e+03 -4.129390364194696303e+03 1.730344248286133734e+04 1.294059119234964601e+04
