1.474386128261865291e-02 1.377234686185538903e-01 1.864931273633122499e+00 -4.042190617300290612e-04 1.364124187801752652e-01 6.016681017983572383e-02 3.944034823059313494e-02 4.473213537335634510e-02 1.132836909635541803e-02 1.670707849539523060e-01 4.784464117726058840e-02
1.377234686185538903e-01 1.027357969107217031e+02 1.355511634950612688e+03 -1.450662929458393369e-01 9.915036732053810908e+01 2.963457447699843073e+01 2.542100493966289321e+01 2.188687057929990942e+01 2.129572574376100391e+01 1.246276353980222638e+02 3.083793410221744580e+01
1.864931273633122499e+00 1.355511634950612688e+03 1.841561641183745087e+04 -2.307085619225262452e+00 1.347030216921995816e+03 4.018322916514338772e+02 3.949663429441620224e+02 3.339261097578885824e+02 2.202145286964572790e+02 1.644355861328523133e+03 4.791292116584358496e+02
-4.042190617300290612e-04 -1.450662929458393369e-01 -2.307085619225262452e+00 5.950287536828094631e-04 -1.687542774905434473e-01 -5.917359005398674376e-02 -7.999873986338455756e-02 -6.469746589721825369e-02 2.940529168943352423e-02 -1.759782822486673781e-01 -9.704556818359216797e-02
1.364124187801752652e-01 9.915036732053810908e+01 1.347030216921995816e+03 -1.687542774905434473e-01 9.852998480868528475e+01 2.939245838339475014e+01 2.889024112551428303e+01 2.442538712817414037e+01 1.610783031778878538e+01 1.202781912398288711e+02 3.504642535337928422e+01
6.016681017983572383e-02 2.963457447699843073e+01 4.018322916514338772e+02 -5.917359005398674376e-02 2.939245838339475014e+01 1.053107513653538341e+01 8.547897977075715303e+00 6.679204661980847391e+00 3.627467381019025883e+00 3.594936773892352022e+01 1.036935853461323731e+01
3.944034823059313494e-02 2.542100493966289321e+01 3.949663429441620224e+02 -7.999873986338455756e-02 2.889024112551428303e+01 8.547897977075715303e+00 1.297290688323328745e+01 1.048149781692023197e+01 -1.548694584026522270e+00 3.083793410221744580e+01 1.573728688259545905e+01
4.473213537335634510e-02 2.188687057929990942e+01 3.339261097578885824e+02 -6.469746589721825369e-02 2.442538712817414037e+01 6.679204661980847391e+00 1.048149781692023197e+01 9.764855229353868182e+00 -1.581328907228378045e+00 2.655071560822263876e+01 1.271498667097967505e+01
1.132836909635541803e-02 2.129572574376100391e+01 2.202145286964572790e+02 2.940529168943352423e-02 1.610783031778878538e+01 3.627467381019025883e+00 -1.548694584026522270e+00 -1.581328907228378045e+00 1.439484786899412683e+01 2.583360448195192660e+01 -1.878703915916247968e+00
1.670707849539523060e-01 1.246276353980222638e+02 1.644355861328523133e+03 -1.759782822486673781e-01 1.202781912398288711e+02 3.594936773892352022e+01 3.083793410221744580e+01 2.655071560822263876e+01 2.583360448195192660e+01 1.511843775193553370e+02 3.740914971496466990e+01
4.784464117726058840e-02 3.083793410221744580e+01 4.791292116584358496e+02 -9.704556818359216797e-02 3.504642535337928422e+01 1.036935853461323731e+01 1.573728688259545905e+01 1.271498667097967505e+01 -1.878703915916247968e+00 3.740914971496466990e+01 1.909072505139151588e+01
