9.005603952453560268e-01 -3.080237462429530559e+00 -2.940944682293941170e+01 1.251205712272866755e-02 -3.220820393203947418e+00 -1.652973028274633993e+00 -8.830308959140269476e-01 7.117104284578896767e-01 9.055336793582980937e-01 -4.011480784909075226e+00 -1.149996230695220945e+00
-3.080237462429530559e+00 6.670271119709454069e+03 6.168525711524567305e+04 -1.179429501278107750e+01 6.755554950521674073e+03 2.262894971832646206e+03 1.616023633164807052e+03 1.307941954881655647e+03 1.273905429791070219e+03 8.686883642322625747e+03 2.104593503413339931e+03
-2.940944682293941170e+01 6.168525711524567305e+04 5.902472370883590775e+05 -1.340117499675599220e+02 6.464182579468403856e+04 2.162433355672733887e+04 1.787458042224882229e+04 1.450163760708868904e+04 8.146863092332058841e+03 8.033446338088787161e+04 2.327857406344482297e+04
1.251205712272866755e-02 -1.179429501278107750e+01 -1.340117499675599220e+02 6.312406349802325567e-02 -1.467650105162112162e+01 -5.714079774167898584e+00 -6.548986578536017511e+00 -5.376785052463384673e+00 3.892912713384901746e+00 -1.536004557843490836e+01 -8.528931337554535475e+00
-3.220820393203947418e+00 6.755554950521674073e+03 6.464182579468403856e+04 -1.467650105162112162e+01 7.079348075702646383e+03 2.368221848179282915e+03 1.957561918473004198e+03 1.588168945202087571e+03 8.922161285929654468e+02 8.797951198879391086e+03 2.549388518582067718e+03
-1.652973028274633993e+00 2.262894971832646206e+03 2.162433355672733887e+04 -5.714079774167898584e+00 2.368221848179282915e+03 9.251827595918379075e+02 6.514857223975594707e+02 4.816233784073068591e+02 1.933343389039064277e+02 2.947032431263960007e+03 8.484483709184837608e+02
-8.830308959140269476e-01 1.616023633164807052e+03 1.787458042224882229e+04 -6.548986578536017511e+00 1.957561918473004198e+03 6.514857223975594707e+02 8.251889630440082328e+02 6.730094653552682757e+02 -2.292415566450120821e+02 2.104593503413339931e+03 1.074667037702719881e+03
7.117104284578896767e-01 1.307941954881655647e+03 1.450163760708868904e+04 -5.376785052463384673e+00 1.588168945202087571e+03 4.816233784073068591e+02 6.730094653552682757e+02 6.596477020123763850e+02 -2.747652785418558210e+02 1.703369978380105294e+03 8.764793530577860565e+02
9.055336793582980937e-01 1.273905429791070219e+03 8.146863092332058841e+03 3.892912713384901746e+00 8.922161285929654468e+02 1.933343389039064277e+02 -2.292415566450120821e+02 -2.747652785418558210e+02 1.211967075546180467e+03 1.659043244467107797e+03 -2.985477940583128884e+02
-4.011480784909075226e+00 8.686883642322625747e+03 8.033446338088787161e+04 -1.536004557843490836e+01 8.797951198879391086e+03 2.947032431263960007e+03 2.104593503413339931e+03 1.703369978380105294e+03 1.659043244467107797e+03 1.131317544084166002e+04 2.740871930155689824e+03
-1.149996230695220945e+00 2.104593503413339931e+03 2.327857406344482297e+04 -8.528931337554535475e+00 2.549388518582067718e+03 8.484483709184837608e+02 1.074667037702719881e+03 8.764793530577860565e+02 -2.985477940583128884e+02 2.740871930155689824e+03 1.399569424273973027e+03
